,Name,+/-,Folds,Score,True Positive,False Positive,True Negative,False Negative,Accuracy,Precision,Recall,False Positive Rate,Selectivity
0,YPL143W YLL039C,0.0,NA,1.2110252393043386e-15,666,6659,1,0,0.09104559104559104,0.09092150170648464,1.0,0.9998498498498498,0.00015015015015015014
1,YDR257C YNL161W,0.0,NA,6.323429600036887e-14,666,6658,2,0,0.09118209118209118,0.09093391589295467,1.0,0.9996996996996997,0.0003003003003003003
2,YDR225W YBR280C,0.0,NA,1.5002297364466455e-12,666,6657,3,0,0.09131859131859132,0.0909463334698894,1.0,0.9995495495495496,0.00045045045045045046
3,YCL040W YCL063W,0.0,NA,1.8880550334970936e-12,666,6656,4,0,0.09145509145509145,0.09095875443867796,1.0,0.9993993993993994,0.0006006006006006006
4,YEL040W YPL166W,0.0,NA,2.763685114093306e-12,666,6655,5,0,0.0915915915915916,0.09097117880071029,1.0,0.9992492492492493,0.0007507507507507507
5,YLL039C YMR079W,0.0,NA,6.0764232187593414e-12,666,6654,6,0,0.09172809172809172,0.09098360655737706,1.0,0.9990990990990991,0.0009009009009009009
6,YDR225W YOR052C,0.0,NA,6.685761753250086e-12,666,6653,7,0,0.09186459186459187,0.09099603771006969,1.0,0.9989489489489489,0.001051051051051051
7,YBL064C YOR116C,0.0,NA,6.968780153632226e-12,666,6652,8,0,0.09200109200109201,0.09100847226018037,1.0,0.9987987987987988,0.0012012012012012011
8,YHL033C YLL019C,0.0,NA,8.32266026928874e-12,666,6651,9,0,0.09213759213759214,0.0910209102091021,1.0,0.9986486486486487,0.0013513513513513514
9,YGL097W YER143W,0.0,NA,8.560961835268888e-12,666,6650,10,0,0.09227409227409228,0.09103335155822855,1.0,0.9984984984984985,0.0015015015015015015
10,YER043C YLL039C,0.0,NA,1.6051406731554252e-11,666,6649,11,0,0.09241059241059241,0.09104579630895421,1.0,0.9983483483483484,0.0016516516516516516
11,YKL198C YMR229C,0.0,NA,1.7353790279783787e-11,666,6648,12,0,0.09254709254709255,0.09105824446267433,1.0,0.9981981981981982,0.0018018018018018018
12,YLR376C YBR003W,0.0,NA,2.0402804445929235e-11,666,6647,13,0,0.09268359268359268,0.09107069602078491,1.0,0.998048048048048,0.001951951951951952
13,YDR119W YBR029C,0.0,NA,2.901610028638313e-11,666,6646,14,0,0.09282009282009282,0.09108315098468271,1.0,0.9978978978978978,0.002102102102102102
14,YGL061C YKL087C,0.0,NA,3.8437083377251824e-11,666,6645,15,0,0.09295659295659296,0.09109560935576529,1.0,0.9977477477477478,0.0022522522522522522
15,YER003C YDR091C,0.0,NA,4.1420956942150866e-11,666,6644,16,0,0.09309309309309309,0.09110807113543092,1.0,0.9975975975975976,0.0024024024024024023
16,YPL214C YGL181W,0.0,NA,4.306629705630449e-11,666,6643,17,0,0.09322959322959323,0.09112053632507867,1.0,0.9974474474474474,0.0025525525525525524
17,YKL040C YKL021C,0.0,NA,4.9647917721440393e-11,666,6642,18,0,0.09336609336609336,0.09113300492610837,1.0,0.9972972972972973,0.002702702702702703
18,YLR432W YDR440W,0.0,NA,6.12410816502873e-11,666,6641,19,0,0.0935025935025935,0.09114547693992063,1.0,0.9971471471471471,0.002852852852852853
19,YNL133C YCL040W,0.0,NA,8.484257046914578e-11,666,6640,20,0,0.09363909363909365,0.09115795236791678,1.0,0.996996996996997,0.003003003003003003
20,YAL034C YDR060W,0.0,NA,1.0090844132504273e-10,666,6639,21,0,0.09377559377559377,0.09117043121149897,1.0,0.9968468468468469,0.003153153153153153
21,YDR120C YKL009W,0.0,NA,1.0519950882637019e-10,666,6638,22,0,0.09391209391209392,0.0911829134720701,1.0,0.9966966966966967,0.003303303303303303
22,YKL009W YER143W,0.0,NA,1.1685462319999118e-10,666,6637,23,0,0.09404859404859404,0.09119539915103382,1.0,0.9965465465465465,0.0034534534534534536
23,YLR362W YNL059C,0.0,NA,1.3808500176626382e-10,666,6636,24,0,0.09418509418509419,0.09120788824979457,1.0,0.9963963963963964,0.0036036036036036037
24,YOR033C YIL046W,0.0,NA,1.3903853068875094e-10,666,6635,25,0,0.09432159432159432,0.09122038076975757,1.0,0.9962462462462462,0.0037537537537537537
25,YGL139W YPL030W,0.0,NA,1.4143833326762945e-10,666,6634,26,0,0.09445809445809446,0.09123287671232877,1.0,0.9960960960960961,0.003903903903903904
26,YEL036C YCR021C,0.0,NA,1.5592262203600882e-10,666,6633,27,0,0.0945945945945946,0.09124537607891492,1.0,0.995945945945946,0.004054054054054054
27,YPR143W YGL207W,0.0,NA,1.7467402524395936e-10,666,6632,28,0,0.09473109473109473,0.09125787887092354,1.0,0.9957957957957958,0.004204204204204204
28,YJR155W YMR197C,0.0,NA,1.8537048285249824e-10,666,6631,29,0,0.09486759486759487,0.09127038508976291,1.0,0.9956456456456456,0.004354354354354354
29,YDR208W YGR142W,0.0,NA,2.0922298615833057e-10,666,6630,30,0,0.095004095004095,0.0912828947368421,1.0,0.9954954954954955,0.0045045045045045045
30,YOR129C YKL146W,0.0,NA,2.2983995262571e-10,666,6629,31,0,0.09514059514059514,0.09129540781357094,1.0,0.9953453453453454,0.0046546546546546545
31,YEL060C YML026C,0.0,NA,2.4369603557339303e-10,666,6628,32,0,0.09527709527709528,0.09130792432136002,1.0,0.9951951951951952,0.004804804804804805
32,YDR437W YIR028W,0.0,NA,2.7452995432497573e-10,666,6627,33,0,0.09541359541359541,0.09132044426162073,1.0,0.9950450450450451,0.004954954954954955
33,YPL239W YEL060C,0.0,NA,2.789510566980624e-10,666,6626,34,0,0.09555009555009555,0.09133296763576522,1.0,0.9948948948948949,0.005105105105105105
34,YNL069C YKL103C,0.0,NA,2.836910706349727e-10,666,6625,35,0,0.09568659568659568,0.09134549444520641,1.0,0.9947447447447447,0.005255255255255256
35,YNL302C YNL116W,0.0,NA,3.401294523808218e-10,666,6624,36,0,0.09582309582309582,0.09135802469135802,1.0,0.9945945945945946,0.005405405405405406
36,YPL267W YNL006W,0.0,NA,3.5194450132003396e-10,666,6623,37,0,0.09595959595959595,0.09137055837563451,1.0,0.9944444444444445,0.005555555555555556
37,YMR260C YOR173W,0.0,NA,3.575802709487874e-10,666,6622,38,0,0.0960960960960961,0.09138309549945116,1.0,0.9942942942942943,0.005705705705705706
38,YBR089C-A YHR081W,0.0,NA,3.811166104927821e-10,666,6621,39,0,0.09623259623259624,0.09139563606422396,1.0,0.9941441441441441,0.005855855855855856
39,YNR047W YDR064W,0.0,NA,4.025493272052927e-10,666,6620,40,0,0.09636909636909637,0.09140818007136975,1.0,0.993993993993994,0.006006006006006006
40,YGR009C YML102W,0.0,NA,4.3650083547674967e-10,666,6619,41,0,0.09650559650559651,0.09142072752230611,1.0,0.9938438438438438,0.006156156156156156
41,YMR091C YGR132C,0.0,NA,4.4087436479323117e-10,666,6618,42,0,0.09664209664209664,0.0914332784184514,1.0,0.9936936936936936,0.006306306306306306
42,YJR006W YBL084C,0.0,NA,5.372083888843804e-10,666,6617,43,0,0.09677859677859678,0.09144583276122477,1.0,0.9935435435435436,0.006456456456456456
43,YDR459C YGL181W,0.0,NA,5.387085222352539e-10,666,6616,44,0,0.09691509691509692,0.09145839055204615,1.0,0.9933933933933934,0.006606606606606606
44,YMR115W YLR266C,0.0,NA,5.441590511523486e-10,666,6615,45,0,0.09705159705159705,0.09147095179233622,1.0,0.9932432432432432,0.006756756756756757
45,YMR180C YDR517W,0.0,NA,5.643237543928592e-10,666,6614,46,0,0.09718809718809719,0.09148351648351648,1.0,0.9930930930930931,0.006906906906906907
46,YAR027W YKL004W,0.0,NA,5.758108989617483e-10,666,6613,47,0,0.09732459732459732,0.0914960846270092,1.0,0.9929429429429429,0.007057057057057057
47,YNL087W YJL177W,0.0,NA,6.027429111377103e-10,666,6612,48,0,0.09746109746109746,0.09150865622423743,1.0,0.9927927927927928,0.007207207207207207
48,YGL044C YPL001W,0.0,NA,6.231679061663442e-10,666,6611,49,0,0.09759759759759759,0.09152123127662498,1.0,0.9926426426426427,0.007357357357357357
49,YML124C YFR003C,0.0,NA,6.509502381568666e-10,666,6610,50,0,0.09773409773409773,0.09153380978559648,1.0,0.9924924924924925,0.0075075075075075074
50,YNL151C YDR353W,0.0,NA,6.613008474154469e-10,666,6609,51,0,0.09787059787059788,0.09154639175257732,1.0,0.9923423423423423,0.0076576576576576575
51,YGR292W YOR090C,0.0,NA,7.518431432984585e-10,666,6608,52,0,0.098007098007098,0.09155897717899368,1.0,0.9921921921921922,0.007807807807807808
52,YLR309C YGR041W,0.0,NA,7.681986158303289e-10,666,6607,53,0,0.09814359814359815,0.09157156606627251,1.0,0.992042042042042,0.007957957957957958
53,YDR003W YNL113W,0.0,NA,7.999375606360104e-10,666,6606,54,0,0.09828009828009827,0.09158415841584158,1.0,0.9918918918918919,0.008108108108108109
54,YDR091C YBR088C,0.0,NA,8.040095256234281e-10,666,6605,55,0,0.09841659841659842,0.09159675422912941,1.0,0.9917417417417418,0.008258258258258258
55,YER053C YIL103W,0.0,NA,8.265906292770353e-10,666,6604,56,0,0.09855309855309856,0.09160935350756534,1.0,0.9915915915915916,0.008408408408408409
56,YBR088C YLL039C,0.0,NA,8.829272868382532e-10,666,6603,57,0,0.09868959868959869,0.09162195625257945,1.0,0.9914414414414414,0.008558558558558558
57,YHR092C YNL185C,1.0,NA,9.149733748436972e-10,665,6603,57,1,0.09855309855309856,0.0914969730324711,0.9984984984984985,0.9914414414414414,0.008558558558558558
58,YMR202W YML056C,0.0,NA,9.364605757511413e-10,665,6602,58,1,0.09868959868959869,0.09150956378147791,0.9984984984984985,0.9912912912912913,0.008708708708708709
59,YPR143W YIL105C,0.0,NA,9.653562393907578e-10,665,6601,59,1,0.09882609882609883,0.09152215799614644,0.9984984984984985,0.9911411411411412,0.008858858858858858
60,YHR037W YDR371W,0.0,NA,9.72940616961182e-10,665,6600,60,1,0.09896259896259896,0.09153475567790778,0.9984984984984985,0.990990990990991,0.009009009009009009
61,YNL151C YKL135C,0.0,NA,1.1692558032905254e-09,665,6599,61,1,0.0990990990990991,0.09154735682819383,0.9984984984984985,0.9908408408408408,0.00915915915915916
62,YLR115W YLR441C,0.0,NA,1.1727311344245095e-09,665,6598,62,1,0.09923559923559924,0.09155996144843728,0.9984984984984985,0.9906906906906907,0.009309309309309309
63,YHL033C YDR479C,0.0,NA,1.17959353396202e-09,665,6597,63,1,0.09937209937209937,0.0915725695400716,0.9984984984984985,0.9905405405405405,0.00945945945945946
64,YCR057C YAL034C,0.0,NA,1.2046889041883446e-09,665,6596,64,1,0.09950859950859951,0.09158518110453105,0.9984984984984985,0.9903903903903903,0.00960960960960961
65,YIL053W YNL133C,0.0,NA,1.2819248995654675e-09,665,6595,65,1,0.09964509964509964,0.09159779614325068,0.9984984984984985,0.9902402402402403,0.00975975975975976
66,YHL040C YCR086W,0.0,NA,1.2856663511584543e-09,665,6594,66,1,0.09978159978159978,0.09161041465766634,0.9984984984984985,0.9900900900900901,0.00990990990990991
67,YDL236W YHR081W,0.0,NA,1.2864881382412818e-09,665,6593,67,1,0.09991809991809991,0.09162303664921466,0.9984984984984985,0.9899399399399399,0.01006006006006006
68,YIL105C YGL111W,0.0,NA,1.2888090594742607e-09,665,6592,68,1,0.10005460005460005,0.09163566211933306,0.9984984984984985,0.9897897897897898,0.01021021021021021
69,YLR309C YMR180C,0.0,NA,1.3425542899625498e-09,665,6591,69,1,0.1001911001911002,0.09164829106945976,0.9984984984984985,0.9896396396396396,0.01036036036036036
70,YDL135C YDR064W,0.0,NA,1.3619417815746715e-09,665,6590,70,1,0.10032760032760032,0.09166092350103378,0.9984984984984985,0.9894894894894894,0.010510510510510511
71,YGR009C YER143W,0.0,NA,1.3841309209894348e-09,665,6589,71,1,0.10046410046410047,0.0916735594154949,0.9984984984984985,0.9893393393393394,0.01066066066066066
72,YLR085C YOL066C,0.0,NA,1.3936357623478557e-09,665,6588,72,1,0.1006006006006006,0.09168619881428375,0.9984984984984985,0.9891891891891892,0.010810810810810811
73,YBR280C YMR233W,0.0,NA,1.4053487262799536e-09,665,6587,73,1,0.10073710073710074,0.0916988416988417,0.9984984984984985,0.989039039039039,0.01096096096096096
74,YDR390C YDR479C,0.0,NA,1.4963169592263625e-09,665,6586,74,1,0.10087360087360088,0.09171148807061096,0.9984984984984985,0.9888888888888889,0.011111111111111112
75,YPL267W YIR037W,0.0,NA,1.5045992229900662e-09,665,6585,75,1,0.10101010101010101,0.09172413793103448,0.9984984984984985,0.9887387387387387,0.01126126126126126
76,YPL166W YJR063W,0.0,NA,1.5179916212915145e-09,665,6584,76,1,0.10114660114660115,0.09173679128155608,0.9984984984984985,0.9885885885885886,0.011411411411411412
77,YPL011C YML069W,0.0,NA,1.6212283737715438e-09,665,6583,77,1,0.10128310128310128,0.0917494481236203,0.9984984984984985,0.9884384384384385,0.01156156156156156
78,YGL211W YML128C,0.0,NA,1.763462265103044e-09,665,6582,78,1,0.10141960141960142,0.09176210845867255,0.9984984984984985,0.9882882882882883,0.011711711711711712
79,YPL230W YOR116C,0.0,NA,1.9167263332064977e-09,665,6581,79,1,0.10155610155610155,0.09177477228815899,0.9984984984984985,0.9881381381381381,0.011861861861861863
80,YHR092C YPL111W,1.0,NA,1.9436825482443965e-09,664,6581,79,2,0.10141960141960142,0.09164941338854382,0.996996996996997,0.9881381381381381,0.011861861861861863
81,YDR324C YCR086W,0.0,NA,1.9565931097531575e-09,664,6580,80,2,0.10155610155610155,0.09166206515737162,0.996996996996997,0.987987987987988,0.012012012012012012
82,YKL090W YEL034W,0.0,NA,1.9614281310254e-09,664,6579,81,2,0.10169260169260169,0.09167472041971558,0.996996996996997,0.9878378378378379,0.012162162162162163
83,YGL097W YPL164C,0.0,NA,1.993057274773946e-09,664,6578,82,2,0.10182910182910183,0.09168737917702292,0.996996996996997,0.9876876876876877,0.012312312312312312
84,YMR048W YOR130C,0.0,NA,2.056378622938837e-09,664,6577,83,2,0.10196560196560196,0.0917000414307416,0.996996996996997,0.9875375375375376,0.012462462462462463
85,YDL232W YDR436W,0.0,NA,2.0565631420055297e-09,664,6576,84,2,0.1021021021021021,0.09171270718232044,0.996996996996997,0.9873873873873874,0.012612612612612612
86,YFL059W YNL316C,0.0,NA,2.065663862182987e-09,664,6575,85,2,0.10223860223860223,0.09172537643320901,0.996996996996997,0.9872372372372372,0.012762762762762763
87,YKR057W YDR003W,0.0,NA,2.0722146221174853e-09,664,6574,86,2,0.10237510237510238,0.0917380491848577,0.996996996996997,0.987087087087087,0.012912912912912912
88,YPR041W YDR440W,0.0,NA,2.087336081757485e-09,664,6573,87,2,0.10251160251160252,0.0917507254387177,0.996996996996997,0.986936936936937,0.013063063063063063
89,YJL164C YOR229W,0.0,NA,2.1036510311489565e-09,664,6572,88,2,0.10264810264810265,0.09176340519624102,0.996996996996997,0.9867867867867868,0.013213213213213212
90,YJL148W YJL164C,0.0,NA,2.123063724823737e-09,664,6571,89,2,0.10278460278460279,0.09177608845888044,0.996996996996997,0.9866366366366366,0.013363363363363363
91,YER148W YOR025W,0.0,NA,2.2041450886689518e-09,664,6570,90,2,0.10292110292110292,0.09178877522808958,0.996996996996997,0.9864864864864865,0.013513513513513514
92,YDR023W YBR072W,0.0,NA,2.5600932485048133e-09,664,6569,91,2,0.10305760305760306,0.09180146550532282,0.996996996996997,0.9863363363363363,0.013663663663663663
93,YNL133C YBL008W,0.0,NA,2.6795026197845573e-09,664,6568,92,2,0.10319410319410319,0.0918141592920354,0.996996996996997,0.9861861861861861,0.013813813813813814
94,YER003C YMR316W,0.0,NA,2.7341444663875336e-09,664,6567,93,2,0.10333060333060333,0.09182685658968331,0.996996996996997,0.9860360360360361,0.013963963963963964
95,YOL104C YOL058W,0.0,NA,2.7947684166917952e-09,664,6566,94,2,0.10346710346710347,0.09183955739972338,0.996996996996997,0.9858858858858859,0.014114114114114115
96,YNR053C YML128C,0.0,NA,2.9283839797500377e-09,664,6565,95,2,0.1036036036036036,0.09185226172361323,0.996996996996997,0.9857357357357357,0.014264264264264264
97,YLR250W YDL191W,0.0,NA,2.9479647611907467e-09,664,6564,96,2,0.10374010374010374,0.09186496956281129,0.996996996996997,0.9855855855855856,0.014414414414414415
98,YCR021C YPL267W,0.0,NA,2.9664708467436185e-09,664,6563,97,2,0.10387660387660387,0.09187768091877681,0.996996996996997,0.9854354354354354,0.014564564564564564
99,YGL156W YPL030W,0.0,NA,3.0849121035458893e-09,664,6562,98,2,0.10401310401310401,0.09189039579296983,0.996996996996997,0.9852852852852853,0.014714714714714715
100,YPR023C YGL238W,0.0,NA,3.142973659109316e-09,664,6561,99,2,0.10414960414960416,0.09190311418685121,0.996996996996997,0.9851351351351352,0.014864864864864866
101,YOL032W YOR129C,0.0,NA,3.151720218141918e-09,664,6560,100,2,0.10428610428610428,0.09191583610188261,0.996996996996997,0.984984984984985,0.015015015015015015
102,YHR031C YPR106W,0.0,NA,3.176015672679e-09,664,6559,101,2,0.10442260442260443,0.09192856153952651,0.996996996996997,0.9848348348348348,0.015165165165165166
103,YLR205C YGL211W,0.0,NA,3.32376659528677e-09,664,6558,102,2,0.10455910455910455,0.09194129050124619,0.996996996996997,0.9846846846846847,0.015315315315315315
104,YDR434W YLR083C,0.0,NA,3.3345166627896106e-09,664,6557,103,2,0.1046956046956047,0.09195402298850575,0.996996996996997,0.9845345345345345,0.015465465465465466
105,YNR047W YJL177W,0.0,NA,3.3433051882525433e-09,664,6556,104,2,0.10483210483210484,0.09196675900277008,0.996996996996997,0.9843843843843844,0.015615615615615615
106,YOR273C YJL177W,0.0,NA,3.359522660062453e-09,664,6555,105,2,0.10496860496860497,0.09197949854550491,0.996996996996997,0.9842342342342343,0.015765765765765764
107,YNL161W YCR084C,0.0,NA,3.3788847275673106e-09,664,6554,106,2,0.10510510510510511,0.09199224161817678,0.996996996996997,0.9840840840840841,0.015915915915915915
108,YMR266W YCR011C,0.0,NA,3.422262917496255e-09,664,6553,107,2,0.10524160524160524,0.09200498822225302,0.996996996996997,0.9839339339339339,0.016066066066066066
109,YDR437W YJR073C,0.0,NA,3.5212663895833884e-09,664,6552,108,2,0.10537810537810538,0.09201773835920177,0.996996996996997,0.9837837837837838,0.016216216216216217
110,YCL040W YDR013W,0.0,NA,3.5661462671754407e-09,664,6551,109,2,0.10551460551460551,0.09203049203049203,0.996996996996997,0.9836336336336337,0.016366366366366368
111,YCR077C YGL004C,0.0,NA,3.6731422348168508e-09,664,6550,110,2,0.10565110565110565,0.09204324923759356,0.996996996996997,0.9834834834834835,0.016516516516516516
112,YGR028W YIL126W,0.0,NA,3.787673730215602e-09,664,6549,111,2,0.10578760578760579,0.09205600998197698,0.996996996996997,0.9833333333333333,0.016666666666666666
113,YDL132W YML026C,0.0,NA,3.795686431828926e-09,664,6548,112,2,0.10592410592410592,0.0920687742651137,0.996996996996997,0.9831831831831832,0.016816816816816817
114,YBL027W YPL087W,0.0,NA,3.825682881597459e-09,664,6547,113,2,0.10606060606060606,0.09208154208847594,0.996996996996997,0.983033033033033,0.01696696696696697
115,YGL121C YLR340W,0.0,NA,3.8504262001026746e-09,664,6546,114,2,0.10619710619710619,0.09209431345353676,0.996996996996997,0.9828828828828828,0.017117117117117116
116,YGL181W YOR270C,0.0,NA,3.959089056593257e-09,664,6545,115,2,0.10633360633360633,0.09210708836177,0.996996996996997,0.9827327327327328,0.017267267267267267
117,YBL027W YPL258C,0.0,NA,4.205459092077035e-09,664,6544,116,2,0.10647010647010648,0.09211986681465038,0.996996996996997,0.9825825825825826,0.017417417417417418
118,YKL159C YKL004W,0.0,NA,4.328869707137528e-09,664,6543,117,2,0.1066066066066066,0.09213264881365339,0.996996996996997,0.9824324324324324,0.01756756756756757
119,YCR092C YCR077C,0.0,NA,4.399648645403431e-09,664,6542,118,2,0.10674310674310675,0.09214543436025534,0.996996996996997,0.9822822822822823,0.017717717717717716
120,YCR084C YJL186W,0.0,NA,4.74544536999133e-09,664,6541,119,2,0.10687960687960688,0.09215822345593339,0.996996996996997,0.9821321321321321,0.017867867867867867
121,YDR436W YIL126W,0.0,NA,4.9651944777906465e-09,664,6540,120,2,0.10701610701610702,0.09217101610216547,0.996996996996997,0.9819819819819819,0.018018018018018018
122,YGR152C YKL146W,0.0,NA,5.039010098073504e-09,664,6539,121,2,0.10715260715260715,0.09218381230043038,0.996996996996997,0.9818318318318319,0.01816816816816817
123,YLR258W YNR053C,0.0,NA,5.076623121880175e-09,664,6538,122,2,0.10728910728910729,0.09219661205220772,0.996996996996997,0.9816816816816817,0.01831831831831832
124,YPL239W YDR373W,0.0,NA,5.2150843643516964e-09,664,6537,123,2,0.10742560742560743,0.09220941535897792,0.996996996996997,0.9815315315315315,0.018468468468468467
125,YKL156W YFL059W,0.0,NA,5.238172562371801e-09,664,6536,124,2,0.10756210756210756,0.09222222222222222,0.996996996996997,0.9813813813813814,0.018618618618618618
126,YDR208W YJL164C,0.0,NA,5.500657263013409e-09,664,6535,125,2,0.1076986076986077,0.0922350326434227,0.996996996996997,0.9812312312312312,0.01876876876876877
127,YDR279W YNR054C,0.0,NA,5.502703182003188e-09,664,6534,126,2,0.10783510783510783,0.09224784662406224,0.996996996996997,0.981081081081081,0.01891891891891892
128,YLR362W YNR015W,0.0,NA,5.5256945685755454e-09,664,6533,127,2,0.10797160797160797,0.09226066416562456,0.996996996996997,0.980930930930931,0.019069069069069067
129,YHR089C YGL001C,0.0,NA,5.707474937111101e-09,664,6532,128,2,0.10810810810810811,0.09227348526959422,0.996996996996997,0.9807807807807808,0.01921921921921922
130,YKL010C YOR056C,0.0,NA,5.930341995252775e-09,664,6531,129,2,0.10824460824460824,0.09228630993745657,0.996996996996997,0.9806306306306306,0.01936936936936937
131,YJL099W YPL110C,0.0,NA,6.329515134240182e-09,664,6530,130,2,0.10838110838110838,0.0922991381706978,0.996996996996997,0.9804804804804805,0.01951951951951952
132,YEL040W YNR054C,0.0,NA,6.398703789045612e-09,664,6529,131,2,0.10851760851760851,0.09231196997080494,0.996996996996997,0.9803303303303303,0.01966966966966967
133,YLR284C YOL001W,0.0,NA,6.788739348451145e-09,664,6528,132,2,0.10865410865410866,0.09232480533926585,0.996996996996997,0.9801801801801802,0.01981981981981982
134,YIL160C YPL214C,0.0,NA,6.862254320338934e-09,664,6527,133,2,0.10879060879060878,0.09233764427756919,0.996996996996997,0.98003003003003,0.01996996996996997
135,YJL066C YDR353W,0.0,NA,6.962068699323254e-09,664,6526,134,2,0.10892710892710893,0.09235048678720445,0.996996996996997,0.9798798798798799,0.02012012012012012
136,YGL002W YDL191W,0.0,NA,7.024680392930804e-09,664,6525,135,2,0.10906360906360907,0.09236333286966199,0.996996996996997,0.9797297297297297,0.02027027027027027
137,YKL143W YDR479C,0.0,NA,7.258180723113128e-09,664,6524,136,2,0.1092001092001092,0.09237618252643294,0.996996996996997,0.9795795795795795,0.02042042042042042
138,YDR013W YNL081C,0.0,NA,7.341539376426454e-09,664,6523,137,2,0.10933660933660934,0.09238903575900932,0.996996996996997,0.9794294294294295,0.02057057057057057
139,YFL024C YAL034C,0.0,NA,7.3652994814210615e-09,664,6522,138,2,0.10947310947310947,0.09240189256888394,0.996996996996997,0.9792792792792793,0.02072072072072072
140,YNL116W YLR272C,0.0,NA,7.4197528121544565e-09,664,6521,139,2,0.10960960960960961,0.09241475295755046,0.996996996996997,0.9791291291291291,0.02087087087087087
141,YBR048W YGL048C,0.0,NA,7.882152708305057e-09,664,6520,140,2,0.10974610974610975,0.09242761692650334,0.996996996996997,0.978978978978979,0.021021021021021023
142,YBR223C YGL211W,0.0,NA,8.022696285081565e-09,664,6519,141,2,0.10988260988260988,0.09244048447723792,0.996996996996997,0.9788288288288288,0.02117117117117117
143,YBR106W YJL074C,0.0,NA,8.459203115762648e-09,664,6518,142,2,0.11001911001911002,0.09245335561125034,0.996996996996997,0.9786786786786786,0.02132132132132132
144,YPL240C YDR400W,0.0,NA,8.652097704953121e-09,664,6517,143,2,0.11015561015561015,0.0924662303300376,0.996996996996997,0.9785285285285286,0.021471471471471472
145,YBR269C YDR371W,0.0,NA,8.655646865918243e-09,664,6516,144,2,0.11029211029211029,0.09247910863509749,0.996996996996997,0.9783783783783784,0.021621621621621623
146,YBL087C YGL062W,0.0,NA,8.922353522677895e-09,664,6515,145,2,0.11042861042861044,0.09249199052792868,0.996996996996997,0.9782282282282282,0.02177177177177177
147,YMR311C YDR064W,0.0,NA,9.155131763805002e-09,664,6514,146,2,0.11056511056511056,0.09250487601003064,0.996996996996997,0.9780780780780781,0.02192192192192192
148,YDR076W YGL211W,0.0,NA,9.243054321927957e-09,664,6513,147,2,0.1107016107016107,0.09251776508290371,0.996996996996997,0.9779279279279279,0.022072072072072072
149,YPL011C YPR141C,0.0,NA,9.554520730148397e-09,664,6512,148,2,0.11083811083811083,0.09253065774804906,0.996996996996997,0.9777777777777777,0.022222222222222223
150,YDR300C YJR127C,0.0,NA,9.671407674716193e-09,664,6511,149,2,0.11097461097461098,0.09254355400696865,0.996996996996997,0.9776276276276277,0.022372372372372374
151,YOR117W YJL138C,0.0,NA,9.844549175852535e-09,664,6510,150,2,0.1111111111111111,0.09255645386116532,0.996996996996997,0.9774774774774775,0.02252252252252252
152,YCL039W YOL080C,0.0,NA,9.958142754840082e-09,664,6509,151,2,0.11124761124761125,0.09256935731214276,0.996996996996997,0.9773273273273273,0.022672672672672672
153,YDL070W YDR524C,0.0,NA,1.0001562245065543e-08,664,6508,152,2,0.11138411138411139,0.09258226436140547,0.996996996996997,0.9771771771771772,0.022822822822822823
154,YLL034C YLR425W,0.0,NA,1.0279403106494556e-08,664,6507,153,2,0.11152061152061152,0.09259517501045879,0.996996996996997,0.977027027027027,0.022972972972972974
155,YDR438W YDR353W,0.0,NA,1.0378200521188319e-08,664,6506,154,2,0.11165711165711166,0.09260808926080892,0.996996996996997,0.9768768768768769,0.02312312312312312
156,YBR280C YNL199C,0.0,NA,1.0383566895200147e-08,664,6505,155,2,0.11179361179361179,0.0926210071139629,0.996996996996997,0.9767267267267268,0.023273273273273273
157,YBR048W YER012W,0.0,NA,1.0698189001345781e-08,664,6504,156,2,0.11193011193011193,0.09263392857142858,0.996996996996997,0.9765765765765766,0.023423423423423424
158,YMR061W YBR089C-A,0.0,NA,1.1045304226797725e-08,664,6503,157,2,0.11206661206661207,0.09264685363471467,0.996996996996997,0.9764264264264264,0.023573573573573574
159,YHR096C YGL032C,0.0,NA,1.1348092243679275e-08,664,6502,158,2,0.1122031122031122,0.09265978230533073,0.996996996996997,0.9762762762762762,0.023723723723723725
160,YKL144C YDR003W,0.0,NA,1.1475773220581686e-08,664,6501,159,2,0.11233961233961234,0.09267271458478717,0.996996996996997,0.9761261261261261,0.023873873873873873
161,YPR128C YLR409C,0.0,NA,1.158514173482672e-08,664,6500,160,2,0.11247611247611247,0.0926856504745952,0.996996996996997,0.975975975975976,0.024024024024024024
162,YDL089W YML026C,0.0,NA,1.1677230737916489e-08,664,6499,161,2,0.11261261261261261,0.09269858997626693,0.996996996996997,0.9758258258258258,0.024174174174174175
163,YCR098C YML012W,0.0,NA,1.1767648189220381e-08,664,6498,162,2,0.11274911274911274,0.09271153309131527,0.996996996996997,0.9756756756756757,0.024324324324324326
164,YGL135W YLL019C,0.0,NA,1.1955379797257137e-08,664,6497,163,2,0.11288561288561288,0.09272447982125402,0.996996996996997,0.9755255255255255,0.024474474474474473
165,YPR023C YBL054W,0.0,NA,1.1999539140106208e-08,664,6496,164,2,0.11302211302211303,0.09273743016759776,0.996996996996997,0.9753753753753753,0.024624624624624624
166,YLR096W YDR479C,0.0,NA,1.2107731706123559e-08,664,6495,165,2,0.11315861315861316,0.092750384131862,0.996996996996997,0.9752252252252253,0.024774774774774775
167,YER143W YNL330C,0.0,NA,1.296947438333973e-08,664,6494,166,2,0.1132951132951133,0.09276334171556301,0.996996996996997,0.9750750750750751,0.024924924924924926
168,YGL030W YGL091C,0.0,NA,1.3020086342407922e-08,664,6493,167,2,0.11343161343161343,0.09277630292021796,0.996996996996997,0.9749249249249249,0.025075075075075073
169,YPR168W YPL164C,0.0,NA,1.3026345335731548e-08,664,6492,168,2,0.11356811356811357,0.09278926774734489,0.996996996996997,0.9747747747747748,0.025225225225225224
170,YOR236W YPR107C,0.0,NA,1.3144673793874517e-08,664,6491,169,2,0.11370461370461371,0.09280223619846262,0.996996996996997,0.9746246246246246,0.025375375375375375
171,YLR367W YDL089W,0.0,NA,1.3185829317308162e-08,664,6490,170,2,0.11384111384111384,0.09281520827509086,0.996996996996997,0.9744744744744744,0.025525525525525526
172,YPR118W YNL113W,0.0,NA,1.3268503629149109e-08,664,6489,171,2,0.11397761397761398,0.09282818397875017,0.996996996996997,0.9743243243243244,0.025675675675675677
173,YGL238W YAR027W,0.0,NA,1.3353047556563524e-08,664,6488,172,2,0.11411411411411411,0.09284116331096197,0.996996996996997,0.9741741741741742,0.025825825825825825
174,YGL250W YKL139W,0.0,NA,1.3398842924061682e-08,664,6487,173,2,0.11425061425061425,0.09285414627324849,0.996996996996997,0.974024024024024,0.025975975975975975
175,YPL050C YJR152W,0.0,NA,1.3405104581920568e-08,664,6486,174,2,0.11438711438711438,0.09286713286713287,0.996996996996997,0.9738738738738739,0.026126126126126126
176,YNL239W YLR013W,0.0,NA,1.3782254448813092e-08,664,6485,175,2,0.11452361452361452,0.09288012309413904,0.996996996996997,0.9737237237237237,0.026276276276276277
177,YDR023W YKR097W,0.0,NA,1.3961641620596765e-08,664,6484,176,2,0.11466011466011466,0.09289311695579183,0.996996996996997,0.9735735735735735,0.026426426426426425
178,YLR340W YDR440W,0.0,NA,1.4024281291824536e-08,664,6483,177,2,0.1147966147966148,0.0929061144536169,0.996996996996997,0.9734234234234235,0.026576576576576576
179,YPL232W YFL059W,0.0,NA,1.4505962653288407e-08,664,6482,178,2,0.11493311493311494,0.09291911558914077,0.996996996996997,0.9732732732732733,0.026726726726726727
180,YDR436W YGR260W,0.0,NA,1.462815824027075e-08,664,6481,179,2,0.11506961506961506,0.09293212036389083,0.996996996996997,0.9731231231231231,0.026876876876876878
181,YGL250W YKL191W,0.0,NA,1.4713336327076831e-08,664,6480,180,2,0.1152061152061152,0.0929451287793953,0.996996996996997,0.972972972972973,0.02702702702702703
182,YJL198W YMR112C,0.0,NA,1.4758502864253842e-08,664,6479,181,2,0.11534261534261535,0.09295814083718326,0.996996996996997,0.9728228228228228,0.027177177177177176
183,YBR008C YLR441C,0.0,NA,1.5283406540334e-08,664,6478,182,2,0.11547911547911548,0.09297115653878466,0.996996996996997,0.9726726726726727,0.027327327327327327
184,YNL199C YER147C,0.0,NA,1.54159156551259e-08,664,6477,183,2,0.11561561561561562,0.09298417588573028,0.996996996996997,0.9725225225225225,0.027477477477477478
185,YMR266W YDL191W,0.0,NA,1.5562893196374716e-08,664,6476,184,2,0.11575211575211575,0.09299719887955182,0.996996996996997,0.9723723723723724,0.02762762762762763
186,YLR325C YHR001W,0.0,NA,1.6056269203090778e-08,664,6475,185,2,0.11588861588861589,0.09301022552178176,0.996996996996997,0.9722222222222222,0.027777777777777776
187,YJL162C YDR447C,0.0,NA,1.6084561238471906e-08,664,6474,186,2,0.11602511602511603,0.09302325581395349,0.996996996996997,0.972072072072072,0.027927927927927927
188,YKR082W YCR059C,0.0,NA,1.6648909806349366e-08,664,6473,187,2,0.11616161616161616,0.09303628975760124,0.996996996996997,0.971921921921922,0.028078078078078078
189,YMR133W YGL008C,0.0,NA,1.6869984520440084e-08,664,6472,188,2,0.1162981162981163,0.0930493273542601,0.996996996996997,0.9717717717717718,0.02822822822822823
190,YBR018C YDR128W,0.0,NA,1.781896763475288e-08,664,6471,189,2,0.11643461643461643,0.09306236860546602,0.996996996996997,0.9716216216216216,0.02837837837837838
191,YNL067W YKL009W,0.0,NA,1.8149252767329926e-08,664,6470,190,2,0.11657111657111657,0.09307541351275582,0.996996996996997,0.9714714714714715,0.028528528528528527
192,YBL013W YML123C,0.0,NA,1.8229012965775837e-08,664,6469,191,2,0.1167076167076167,0.09308846207766718,0.996996996996997,0.9713213213213213,0.02867867867867868
193,YKR082W YBR247C,0.0,NA,1.8438683468957606e-08,664,6468,192,2,0.11684411684411684,0.09310151430173864,0.996996996996997,0.9711711711711711,0.02882882882882883
194,YPL193W YKL010C,0.0,NA,1.8549517477595145e-08,664,6467,193,2,0.11698061698061699,0.09311457018650961,0.996996996996997,0.9710210210210211,0.02897897897897898
195,YMR016C YDR180W,0.0,NA,1.8658418809991417e-08,664,6466,194,2,0.11711711711711711,0.09312762973352033,0.996996996996997,0.9708708708708709,0.029129129129129128
196,YGR028W YAL029C,0.0,NA,1.967041285411142e-08,664,6465,195,2,0.11725361725361726,0.09314069294431196,0.996996996996997,0.9707207207207207,0.02927927927927928
197,YNL245C YMR047C,0.0,NA,1.9960561203902216e-08,664,6464,196,2,0.11739011739011738,0.0931537598204265,0.996996996996997,0.9705705705705706,0.02942942942942943
198,YBR280C YNL059C,0.0,NA,2.016044220454205e-08,664,6463,197,2,0.11752661752661753,0.09316683036340677,0.996996996996997,0.9704204204204204,0.02957957957957958
199,YGL121C YMR230W,0.0,NA,2.069683624483787e-08,664,6462,198,2,0.11766311766311767,0.09317990457479652,0.996996996996997,0.9702702702702702,0.02972972972972973
200,YBL072C YLR189C,0.0,NA,2.1097115165957803e-08,664,6461,199,2,0.1177996177996178,0.09319298245614036,0.996996996996997,0.9701201201201202,0.02987987987987988
201,YDR167W YPL086C,0.0,NA,2.1210452061382057e-08,664,6460,200,2,0.11793611793611794,0.09320606400898372,0.996996996996997,0.96996996996997,0.03003003003003003
202,YER043C YPR049C,0.0,NA,2.161518075638469e-08,664,6459,201,2,0.11807261807261807,0.09321914923487294,0.996996996996997,0.9698198198198198,0.03018018018018018
203,YCL030C YPR158W,0.0,NA,2.192113335297563e-08,664,6458,202,2,0.11820911820911821,0.09323223813535524,0.996996996996997,0.9696696696696697,0.03033033033033033
204,YLR367W YPL123C,0.0,NA,2.2488153561539548e-08,664,6457,203,2,0.11834561834561834,0.09324533071197866,0.996996996996997,0.9695195195195195,0.03048048048048048
205,YNL160W YGL147C,0.0,NA,2.2803808619187294e-08,664,6456,204,2,0.11848211848211848,0.09325842696629214,0.996996996996997,0.9693693693693693,0.03063063063063063
206,YCR011C YOR307C,0.0,NA,2.300489576612108e-08,664,6455,205,2,0.11861861861861862,0.09327152689984548,0.996996996996997,0.9692192192192193,0.03078078078078078
207,YDR395W YOR177C,0.0,NA,2.355241868201574e-08,664,6454,206,2,0.11875511875511875,0.09328463051418938,0.996996996996997,0.9690690690690691,0.030930930930930932
208,YNL298W YKL139W,0.0,NA,2.3993001363464828e-08,664,6453,207,2,0.1188916188916189,0.09329773781087537,0.996996996996997,0.9689189189189189,0.031081081081081083
209,YDR146C YOR009W,0.0,NA,2.4127832176645825e-08,664,6452,208,2,0.11902811902811902,0.09331084879145587,0.996996996996997,0.9687687687687687,0.03123123123123123
210,YJL058C YLR025W,0.0,NA,2.447653812964745e-08,664,6451,209,2,0.11916461916461916,0.09332396345748419,0.996996996996997,0.9686186186186186,0.031381381381381385
211,YLR321C YPL024W,0.0,NA,2.5041311246809528e-08,664,6450,210,2,0.11930111930111931,0.09333708181051448,0.996996996996997,0.9684684684684685,0.03153153153153153
212,YDL171C YOL080C,0.0,NA,2.5229818234606682e-08,664,6449,211,2,0.11943761943761944,0.09335020385210178,0.996996996996997,0.9683183183183183,0.03168168168168168
213,YHR010W YKL009W,0.0,NA,2.6473372827240382e-08,664,6448,212,2,0.11957411957411958,0.09336332958380203,0.996996996996997,0.9681681681681682,0.03183183183183183
214,YJL074C YIL103W,0.0,NA,2.69131543717549e-08,664,6447,213,2,0.1197106197106197,0.09337645900717198,0.996996996996997,0.968018018018018,0.03198198198198198
215,YPL190C YMR233W,0.0,NA,2.7794438750561312e-08,664,6446,214,2,0.11984711984711985,0.09338959212376934,0.996996996996997,0.9678678678678678,0.03213213213213213
216,YGR078C YLR086W,0.0,NA,2.7879551112164336e-08,664,6445,215,2,0.11998361998361998,0.09340272893515263,0.996996996996997,0.9677177177177178,0.03228228228228228
217,YJR019C YDL191W,0.0,NA,2.8221855075116764e-08,664,6444,216,2,0.12012012012012012,0.09341586944288126,0.996996996996997,0.9675675675675676,0.032432432432432434
218,YML095C YOR270C,0.0,NA,2.928267939239504e-08,664,6443,217,2,0.12025662025662026,0.09342901364851555,0.996996996996997,0.9674174174174174,0.032582582582582585
219,YIL076W YHL033C,0.0,NA,3.006195470334205e-08,664,6442,218,2,0.12039312039312039,0.09344216155361666,0.996996996996997,0.9672672672672673,0.032732732732732736
220,YBR031W YPL089C,0.0,NA,3.028196005061545e-08,664,6441,219,2,0.12052962052962053,0.09345531315974666,0.996996996996997,0.9671171171171171,0.03288288288288288
221,YNL244C YAL027W,0.0,NA,3.1442105807855114e-08,664,6440,220,2,0.12066612066612066,0.09346846846846847,0.996996996996997,0.9669669669669669,0.03303303303303303
222,YOR074C YIL168W,0.0,NA,3.1624466600987944e-08,664,6439,221,2,0.1208026208026208,0.0934816274813459,0.996996996996997,0.9668168168168169,0.03318318318318318
223,YDR428C YKR026C,0.0,NA,3.217736121996495e-08,664,6438,222,2,0.12093912093912094,0.09349479019994368,0.996996996996997,0.9666666666666667,0.03333333333333333
224,YOR179C YIR010W,0.0,NA,3.226579536885765e-08,664,6437,223,2,0.12107562107562107,0.09350795662582735,0.996996996996997,0.9665165165165165,0.033483483483483484
225,YMR048W YGR072W,0.0,NA,3.263922465635005e-08,664,6436,224,2,0.12121212121212122,0.09352112676056339,0.996996996996997,0.9663663663663664,0.033633633633633635
226,YMR091C YAL034C,0.0,NA,3.303688345113187e-08,664,6435,225,2,0.12134862134862134,0.09353430060571911,0.996996996996997,0.9662162162162162,0.033783783783783786
227,YKL210W YML069W,0.0,NA,3.351146560248708e-08,664,6434,226,2,0.12148512148512149,0.09354747816286278,0.996996996996997,0.966066066066066,0.03393393393393394
228,YKL139W YDR525W-A,0.0,NA,3.364898404356609e-08,664,6433,227,2,0.12162162162162163,0.09356065943356348,0.996996996996997,0.965915915915916,0.03408408408408409
229,YNL123W YDL191W,0.0,NA,3.4009925542477504e-08,664,6432,228,2,0.12175812175812176,0.0935738444193912,0.996996996996997,0.9657657657657658,0.03423423423423423
230,YBR229C YPL050C,0.0,NA,3.4288571981733185e-08,664,6431,229,2,0.1218946218946219,0.09358703312191684,0.996996996996997,0.9656156156156156,0.03438438438438438
231,YDL022W YOR025W,0.0,NA,3.582379903832589e-08,664,6430,230,2,0.12203112203112203,0.09360022554271215,0.996996996996997,0.9654654654654654,0.03453453453453453
232,YGL092W YBL068W,0.0,NA,3.685256189100983e-08,664,6429,231,2,0.12216762216762217,0.09361342168334978,0.996996996996997,0.9653153153153153,0.034684684684684684
233,YIL053W YKL103C,0.0,NA,3.696865391589199e-08,664,6428,232,2,0.1223041223041223,0.09362662154540327,0.996996996996997,0.9651651651651652,0.034834834834834835
234,YMR316W YER129W,0.0,NA,3.777524426595846e-08,664,6427,233,2,0.12244062244062244,0.09363982513044705,0.996996996996997,0.965015015015015,0.034984984984984986
235,YBR247C YOR056C,0.0,NA,3.8008753477924984e-08,664,6426,234,2,0.12257712257712258,0.09365303244005642,0.996996996996997,0.9648648648648649,0.03513513513513514
236,YHR164C YKL060C,0.0,NA,3.920122182421437e-08,664,6425,235,2,0.12271362271362271,0.09366624347580758,0.996996996996997,0.9647147147147147,0.03528528528528529
237,YDL065C YKL004W,0.0,NA,4.003788589557189e-08,664,6424,236,2,0.12285012285012285,0.09367945823927765,0.996996996996997,0.9645645645645645,0.03543543543543543
238,YOR161C YER056C,0.0,NA,4.023815947107323e-08,664,6423,237,2,0.12298662298662298,0.0936926767320446,0.996996996996997,0.9644144144144144,0.03558558558558558
239,YNL067W YGL073W,0.0,NA,4.076943227460106e-08,664,6422,238,2,0.12312312312312312,0.09370589895568728,0.996996996996997,0.9642642642642643,0.035735735735735734
240,YPL239W YPL246C,0.0,NA,4.115413432259629e-08,664,6421,239,2,0.12325962325962327,0.09371912491178547,0.996996996996997,0.9641141141141141,0.035885885885885885
241,YBL087C YBR198C,0.0,NA,4.2869174876614125e-08,664,6420,240,2,0.1233961233961234,0.09373235460191982,0.996996996996997,0.963963963963964,0.036036036036036036
242,YJL148W YDR182W,0.0,NA,4.296847677665028e-08,664,6419,241,2,0.12353262353262354,0.0937455880276719,0.996996996996997,0.9638138138138138,0.03618618618618619
243,YJL066C YJL033W,0.0,NA,4.307210943466089e-08,664,6418,242,2,0.12366912366912367,0.09375882519062412,0.996996996996997,0.9636636636636636,0.03633633633633634
244,YJL184W YBR072W,0.0,NA,4.3147675654608975e-08,664,6417,243,2,0.12380562380562381,0.09377206609235983,0.996996996996997,0.9635135135135136,0.03648648648648649
245,YDR257C YDR180W,0.0,NA,4.361101346717078e-08,664,6416,244,2,0.12394212394212394,0.09378531073446328,0.996996996996997,0.9633633633633634,0.03663663663663664
246,YOR394W YFL021W,0.0,NA,4.367577588482163e-08,664,6415,245,2,0.12407862407862408,0.09379855911851956,0.996996996996997,0.9632132132132132,0.03678678678678678
247,YDL171C YMR266W,0.0,NA,4.3822975470675374e-08,664,6414,246,2,0.12421512421512422,0.09381181124611472,0.996996996996997,0.9630630630630631,0.036936936936936934
248,YPR049C YMR229C,0.0,NA,4.390244967567014e-08,664,6413,247,2,0.12435162435162435,0.09382506711883566,0.996996996996997,0.9629129129129129,0.037087087087087085
249,YGR078C YNL219C,0.0,NA,4.511250395466959e-08,664,6412,248,2,0.12448812448812449,0.09383832673827021,0.996996996996997,0.9627627627627627,0.037237237237237236
250,YDL083C YBR280C,0.0,NA,4.562164335197849e-08,664,6411,249,2,0.12462462462462462,0.09385159010600706,0.996996996996997,0.9626126126126127,0.03738738738738739
251,YOR381W YNL113W,0.0,NA,4.70196681590096e-08,664,6410,250,2,0.12476112476112476,0.09386485722363586,0.996996996996997,0.9624624624624625,0.03753753753753754
252,YJR075W YKL178C,0.0,NA,4.7429590921410636e-08,664,6409,251,2,0.1248976248976249,0.09387812809274707,0.996996996996997,0.9623123123123123,0.03768768768768769
253,YCR057C YPR158W,0.0,NA,4.7820559956335273e-08,664,6408,252,2,0.12503412503412503,0.09389140271493213,0.996996996996997,0.9621621621621622,0.03783783783783784
254,YOL007C YMR139W,0.0,NA,4.8112685391288323e-08,664,6407,253,2,0.12517062517062516,0.09390468109178333,0.996996996996997,0.962012012012012,0.03798798798798799
255,YDR300C YJL033W,0.0,NA,4.817457011085935e-08,664,6406,254,2,0.12530712530712532,0.09391796322489392,0.996996996996997,0.9618618618618618,0.038138138138138135
256,YOR180C YML126C,0.0,NA,4.8791825690841506e-08,664,6405,255,2,0.12544362544362544,0.09393124911585797,0.996996996996997,0.9617117117117117,0.038288288288288286
257,YML012W YAL029C,0.0,NA,4.904356387669395e-08,664,6404,256,2,0.12558012558012557,0.09394453876627051,0.996996996996997,0.9615615615615616,0.03843843843843844
258,YIL079C YBL068W,0.0,NA,4.9346642327918744e-08,664,6403,257,2,0.12571662571662573,0.09395783217772746,0.996996996996997,0.9614114114114114,0.03858858858858859
259,YDR259C YOR182C,0.0,NA,4.9798881462947975e-08,664,6402,258,2,0.12585312585312586,0.09397112935182564,0.996996996996997,0.9612612612612612,0.03873873873873874
260,YMR176W YFL002C,0.0,NA,5.014104687006693e-08,664,6401,259,2,0.125989625989626,0.09398443029016278,0.996996996996997,0.9611111111111111,0.03888888888888889
261,YOR039W YFR052W,0.0,NA,5.032605088217679e-08,664,6400,260,2,0.12612612612612611,0.09399773499433749,0.996996996996997,0.960960960960961,0.03903903903903904
262,YBR031W YDR525W-A,0.0,NA,5.0441563814729307e-08,664,6399,261,2,0.12626262626262627,0.09401104346594931,0.996996996996997,0.9608108108108108,0.03918918918918919
263,YJR045C YNL151C,0.0,NA,5.048497797588425e-08,664,6398,262,2,0.1263991263991264,0.0940243557065987,0.996996996996997,0.9606606606606607,0.03933933933933934
264,YOR288C YML015C,0.0,NA,5.106711853386514e-08,664,6397,263,2,0.12653562653562653,0.09403767171788699,0.996996996996997,0.9605105105105105,0.039489489489489486
265,YOR117W YJL010C,0.0,NA,5.153375681743455e-08,664,6396,264,2,0.12667212667212668,0.09405099150141644,0.996996996996997,0.9603603603603603,0.03963963963963964
266,YLR380W YHR066W,0.0,NA,5.196132235596451e-08,664,6395,265,2,0.1268086268086268,0.09406431505879019,0.996996996996997,0.9602102102102102,0.03978978978978979
267,YKL073W YDR300C,0.0,NA,5.406369751881357e-08,664,6394,266,2,0.12694512694512694,0.09407764239161236,0.996996996996997,0.9600600600600601,0.03993993993993994
268,YLR248W YGL156W,0.0,NA,5.47554819263496e-08,664,6393,267,2,0.12708162708162707,0.09409097350148789,0.996996996996997,0.9599099099099099,0.04009009009009009
269,YHR129C YNL151C,0.0,NA,5.6460212505271556e-08,664,6392,268,2,0.12721812721812722,0.09410430839002268,0.996996996996997,0.9597597597597598,0.04024024024024024
270,YFR026C YBL027W,0.0,NA,5.653985013509555e-08,664,6391,269,2,0.12735462735462735,0.09411764705882353,0.996996996996997,0.9596096096096096,0.04039039039039039
271,YDR436W YNL230C,0.0,NA,5.731892827043339e-08,664,6390,270,2,0.12749112749112748,0.09413098950949815,0.996996996996997,0.9594594594594594,0.04054054054054054
272,YKR025W YDR128W,0.0,NA,5.8055679375002e-08,664,6389,271,2,0.12762762762762764,0.09414433574365519,0.996996996996997,0.9593093093093094,0.040690690690690694
273,YNL169C YOL091W,0.0,NA,5.89394382188857e-08,664,6388,272,2,0.12776412776412777,0.09415768576290415,0.996996996996997,0.9591591591591592,0.04084084084084084
274,YDR119W YOL096C,0.0,NA,6.019702425419382e-08,664,6387,273,2,0.1279006279006279,0.09417103956885547,0.996996996996997,0.959009009009009,0.04099099099099099
275,YER122C YGL061C,0.0,NA,6.053981138620657e-08,664,6386,274,2,0.12803712803712805,0.09418439716312056,0.996996996996997,0.9588588588588589,0.04114114114114114
276,YCL063W YHR059W,0.0,NA,6.065018709477954e-08,664,6385,275,2,0.12817362817362818,0.09419775854731167,0.996996996996997,0.9587087087087087,0.04129129129129129
277,YMR180C YMR047C,0.0,NA,6.10283663604605e-08,664,6384,276,2,0.1283101283101283,0.094211123723042,0.996996996996997,0.9585585585585585,0.04144144144144144
278,YLR432W YML011C,0.0,NA,6.149458187110213e-08,664,6383,277,2,0.12844662844662844,0.09422449269192565,0.996996996996997,0.9584084084084085,0.04159159159159159
279,YIL046W YPL001W,0.0,NA,6.151898190864813e-08,664,6382,278,2,0.1285831285831286,0.09423786545557764,0.996996996996997,0.9582582582582583,0.04174174174174174
280,YBR145W YAR027W,0.0,NA,6.282765241394372e-08,664,6381,279,2,0.12871962871962872,0.09425124201561391,0.996996996996997,0.9581081081081081,0.041891891891891894
281,YNL302C YJR073C,0.0,NA,6.546838449139614e-08,664,6380,280,2,0.12885612885612885,0.09426462237365134,0.996996996996997,0.9579579579579579,0.042042042042042045
282,YDL248W YLR367W,0.0,NA,6.624174631042479e-08,664,6379,281,2,0.128992628992629,0.09427800653130768,0.996996996996997,0.9578078078078078,0.04219219219219219
283,YGR185C YGL091C,0.0,NA,6.710047983915501e-08,664,6378,282,2,0.12912912912912913,0.09429139449020164,0.996996996996997,0.9576576576576576,0.04234234234234234
284,YLR362W YLL019C,0.0,NA,6.734165225452671e-08,664,6377,283,2,0.12926562926562926,0.09430478625195285,0.996996996996997,0.9575075075075075,0.04249249249249249
285,YKL090W YGL130W,0.0,NA,6.804194185860979e-08,664,6376,284,2,0.1294021294021294,0.09431818181818181,0.996996996996997,0.9573573573573574,0.04264264264264264
286,YNL158W YKL005C,0.0,NA,6.867914237318473e-08,664,6375,285,2,0.12953862953862955,0.09433158119051002,0.996996996996997,0.9572072072072072,0.04279279279279279
287,YMR260C YCL038C,0.0,NA,6.914206096553244e-08,664,6374,286,2,0.12967512967512967,0.09434498437055981,0.996996996996997,0.957057057057057,0.042942942942942944
288,YER110C YPR021C,0.0,NA,6.95148258955669e-08,664,6373,287,2,0.1298116298116298,0.09435839135995452,0.996996996996997,0.9569069069069069,0.043093093093093095
289,YOR245C YDR218C,0.0,NA,7.035517768372301e-08,664,6372,288,2,0.12994812994812996,0.09437180216031836,0.996996996996997,0.9567567567567568,0.043243243243243246
290,YNL038W YDL243C,0.0,NA,7.054181594412512e-08,664,6371,289,2,0.1300846300846301,0.09438521677327648,0.996996996996997,0.9566066066066066,0.0433933933933934
291,YAL036C YMR112C,0.0,NA,7.12520105139447e-08,664,6370,290,2,0.13022113022113022,0.09439863520045494,0.996996996996997,0.9564564564564565,0.04354354354354354
292,YLR336C YLR246W,0.0,NA,7.198006812814128e-08,664,6369,291,2,0.13035763035763034,0.09441205744348073,0.996996996996997,0.9563063063063063,0.04369369369369369
293,YGL156W YMR016C,0.0,NA,7.227750131733046e-08,664,6368,292,2,0.1304941304941305,0.09442548350398179,0.996996996996997,0.9561561561561561,0.04384384384384384
294,YDR091C YEL036C,0.0,NA,7.296424797686996e-08,664,6367,293,2,0.13063063063063063,0.09443891338358697,0.996996996996997,0.956006006006006,0.04399399399399399
295,YML088W YOR116C,0.0,NA,7.298665849475583e-08,664,6366,294,2,0.13076713076713076,0.09445234708392602,0.996996996996997,0.9558558558558559,0.044144144144144144
296,YGL207W YMR233W,0.0,NA,7.302857341073832e-08,664,6365,295,2,0.1309036309036309,0.09446578460662967,0.996996996996997,0.9557057057057057,0.044294294294294295
297,YOR161C YDR425W,0.0,NA,7.309337490823964e-08,664,6364,296,2,0.13104013104013104,0.09447922595332954,0.996996996996997,0.9555555555555556,0.044444444444444446
298,YOR375C YOR003W,0.0,NA,7.318767103470236e-08,664,6363,297,2,0.13117663117663117,0.09449267112565818,0.996996996996997,0.9554054054054054,0.0445945945945946
299,YGR043C YOR167C,0.0,NA,7.387390610347211e-08,664,6362,298,2,0.13131313131313133,0.09450612012524907,0.996996996996997,0.9552552552552552,0.04474474474474475
300,YIL135C YIL168W,0.0,NA,7.537951773883833e-08,664,6361,299,2,0.13144963144963145,0.09451957295373666,0.996996996996997,0.9551051051051052,0.04489489489489489
301,YAL038W YGR081C,0.0,NA,7.548915448296611e-08,664,6360,300,2,0.13158613158613158,0.09453302961275627,0.996996996996997,0.954954954954955,0.04504504504504504
302,YKL139W YJL151C,0.0,NA,7.584563377349696e-08,664,6359,301,2,0.1317226317226317,0.09454649010394418,0.996996996996997,0.9548048048048048,0.045195195195195194
303,YMR058W YBR125C,0.0,NA,7.58771818709647e-08,664,6358,302,2,0.13185913185913187,0.09455995442893762,0.996996996996997,0.9546546546546546,0.045345345345345345
304,YMR048W YNL067W,0.0,NA,7.641776278433099e-08,664,6357,303,2,0.131995631995632,0.09457342258937473,0.996996996996997,0.9545045045045045,0.045495495495495496
305,YER151C YBL064C,0.0,NA,7.765788723190781e-08,664,6356,304,2,0.13213213213213212,0.0945868945868946,0.996996996996997,0.9543543543543543,0.04564564564564565
306,YDL045C YNL189W,0.0,NA,7.779383537354079e-08,664,6355,305,2,0.13226863226863228,0.0946003704231372,0.996996996996997,0.9542042042042042,0.0457957957957958
307,YJL033W YPL123C,0.0,NA,7.859143380528621e-08,664,6354,306,2,0.1324051324051324,0.09461385009974352,0.996996996996997,0.9540540540540541,0.04594594594594595
308,YDR365C YJL074C,0.0,NA,7.88284850727905e-08,664,6353,307,2,0.13254163254163254,0.09462733361835542,0.996996996996997,0.9539039039039039,0.0460960960960961
309,YOL007C YJR160C,0.0,NA,7.895562958992741e-08,664,6352,308,2,0.13267813267813267,0.09464082098061574,0.996996996996997,0.9537537537537537,0.04624624624624624
310,YKL159C YKL090W,0.0,NA,7.989776662498116e-08,664,6351,309,2,0.13281463281463282,0.09465431218816821,0.996996996996997,0.9536036036036036,0.046396396396396394
311,YER003C YKL003C,0.0,NA,8.047788924159249e-08,664,6350,310,2,0.13295113295113295,0.09466780724265754,0.996996996996997,0.9534534534534534,0.046546546546546545
312,YGR044C YLR388W,0.0,NA,8.070369972301705e-08,664,6349,311,2,0.13308763308763308,0.09468130614572937,0.996996996996997,0.9533033033033033,0.046696696696696696
313,YDR228C YNR058W,0.0,NA,8.074926682866135e-08,664,6348,312,2,0.13322413322413323,0.09469480889903023,0.996996996996997,0.9531531531531532,0.04684684684684685
314,YMR311C YOR224C,0.0,NA,8.164659703879806e-08,664,6347,313,2,0.13336063336063336,0.09470831550420768,0.996996996996997,0.953003003003003,0.046996996996997
315,YDL077C YNL290W,0.0,NA,8.188989397694968e-08,664,6346,314,2,0.1334971334971335,0.09472182596291012,0.996996996996997,0.9528528528528528,0.04714714714714715
316,YIL105C YDR522C,0.0,NA,8.291083020139922e-08,664,6345,315,2,0.13363363363363365,0.09473534027678698,0.996996996996997,0.9527027027027027,0.0472972972972973
317,YBR101C YMR119W,0.0,NA,8.35147417888038e-08,664,6344,316,2,0.13377013377013378,0.09474885844748858,0.996996996996997,0.9525525525525526,0.04744744744744745
318,YPL239W YDR466W,0.0,NA,8.402908235893847e-08,664,6343,317,2,0.1339066339066339,0.09476238047666619,0.996996996996997,0.9524024024024024,0.047597597597597595
319,YDR255C YJR043C,0.0,NA,8.448822796935929e-08,664,6342,318,2,0.13404313404313403,0.09477590636597202,0.996996996996997,0.9522522522522523,0.047747747747747746
320,YJL053W YGL099W,0.0,NA,8.473013934917617e-08,664,6341,319,2,0.1341796341796342,0.09478943611705924,0.996996996996997,0.9521021021021021,0.0478978978978979
321,YOL124C YFL059W,0.0,NA,8.58799680258926e-08,664,6340,320,2,0.13431613431613432,0.09480296973158195,0.996996996996997,0.9519519519519519,0.04804804804804805
322,YDR069C YDR085C,0.0,NA,8.717250210565908e-08,664,6339,321,2,0.13445263445263445,0.09481650721119521,0.996996996996997,0.9518018018018019,0.0481981981981982
323,YHR089C YGL073W,0.0,NA,8.738141588082726e-08,664,6338,322,2,0.1345891345891346,0.09483004855755499,0.996996996996997,0.9516516516516517,0.04834834834834835
324,YBL064C YLL002W,0.0,NA,8.903928261361216e-08,664,6337,323,2,0.13472563472563473,0.09484359377231824,0.996996996996997,0.9515015015015015,0.0484984984984985
325,YLR340W YNR035C,0.0,NA,9.133439249353614e-08,664,6336,324,2,0.13486213486213486,0.09485714285714286,0.996996996996997,0.9513513513513514,0.04864864864864865
326,YGL141W YCR059C,0.0,NA,9.241735909881754e-08,664,6335,325,2,0.134998634998635,0.09487069581368766,0.996996996996997,0.9512012012012012,0.048798798798798795
327,YNL160W YOR197W,0.0,NA,9.24605529917244e-08,664,6334,326,2,0.13513513513513514,0.09488425264361246,0.996996996996997,0.951051051051051,0.048948948948948946
328,YPR143W YNL038W,0.0,NA,9.254559785176752e-08,664,6333,327,2,0.13527163527163527,0.09489781334857796,0.996996996996997,0.9509009009009008,0.0490990990990991
329,YHR185C YDR524C,0.0,NA,9.303193593268588e-08,664,6332,328,2,0.1354081354081354,0.09491137793024586,0.996996996996997,0.9507507507507508,0.04924924924924925
330,YCL043C YOR182C,0.0,NA,9.66711368732831e-08,664,6331,329,2,0.13554463554463556,0.09492494639027876,0.996996996996997,0.9506006006006006,0.0493993993993994
331,YJL162C YML128C,0.0,NA,9.931041944355457e-08,664,6330,330,2,0.13568113568113568,0.09493851873034029,0.996996996996997,0.9504504504504504,0.04954954954954955
332,YDR525W-A YLR061W,0.0,NA,1.0078240109123726e-07,664,6329,331,2,0.1358176358176358,0.09495209495209495,0.996996996996997,0.9503003003003003,0.0496996996996997
333,YGR284C YGL031C,0.0,NA,1.0226099078636253e-07,664,6328,332,2,0.13595413595413594,0.09496567505720824,0.996996996996997,0.9501501501501501,0.04984984984984985
334,YGL254W YNL082W,0.0,NA,1.0245036463629731e-07,664,6327,333,2,0.1360906360906361,0.0949792590473466,0.996996996996997,0.95,0.05
335,YLR293C YGL056C,0.0,NA,1.0275427797523662e-07,664,6326,334,2,0.13622713622713623,0.0949928469241774,0.996996996996997,0.9498498498498499,0.05015015015015015
336,YPR119W YDL191W,0.0,NA,1.034401719834932e-07,664,6325,335,2,0.13636363636363635,0.095006438689369,0.996996996996997,0.9496996996996997,0.0503003003003003
337,YLR085C YNL129W,0.0,NA,1.0359555346894922e-07,664,6324,336,2,0.1365001365001365,0.09502003434459072,0.996996996996997,0.9495495495495495,0.05045045045045045
338,YGL061C YLL039C,0.0,NA,1.0499218916493192e-07,664,6323,337,2,0.13663663663663664,0.09503363389151281,0.996996996996997,0.9493993993993994,0.0506006006006006
339,YOL108C YDR225W,0.0,NA,1.0820914297937634e-07,664,6322,338,2,0.13677313677313677,0.09504723733180646,0.996996996996997,0.9492492492492492,0.05075075075075075
340,YLR216C YOR026W,0.0,NA,1.1085388251785844e-07,664,6321,339,2,0.13690963690963692,0.09506084466714387,0.996996996996997,0.9490990990990991,0.0509009009009009
341,YDR129C YBR195C,0.0,NA,1.1397576571425816e-07,664,6320,340,2,0.13704613704613705,0.09507445589919816,0.996996996996997,0.948948948948949,0.05105105105105105
342,YOR003W YNL199C,0.0,NA,1.1430058322048353e-07,664,6319,341,2,0.13718263718263718,0.09508807102964342,0.996996996996997,0.9487987987987988,0.0512012012012012
343,YER043C YKL103C,0.0,NA,1.164965013344954e-07,664,6318,342,2,0.1373191373191373,0.09510169006015469,0.996996996996997,0.9486486486486486,0.051351351351351354
344,YIL135C YDL227C,0.0,NA,1.1995859949820442e-07,664,6317,343,2,0.13745563745563746,0.09511531299240797,0.996996996996997,0.9484984984984985,0.0515015015015015
345,YNL083W YDR522C,0.0,NA,1.2103707547339582e-07,664,6316,344,2,0.1375921375921376,0.09512893982808023,0.996996996996997,0.9483483483483484,0.05165165165165165
346,YGL250W YMR069W,0.0,NA,1.211949580692817e-07,664,6315,345,2,0.13772863772863772,0.09514257056884941,0.996996996996997,0.9481981981981982,0.0518018018018018
347,YKL198C YDR225W,0.0,NA,1.224559866841446e-07,664,6314,346,2,0.13786513786513788,0.09515620521639438,0.996996996996997,0.9480480480480481,0.05195195195195195
348,YDR257C YOR087W,0.0,NA,1.2413980243763945e-07,664,6313,347,2,0.138001638001638,0.09516984377239501,0.996996996996997,0.9478978978978979,0.0521021021021021
349,YLL031C YJR099W,0.0,NA,1.2561521600673586e-07,664,6312,348,2,0.13813813813813813,0.09518348623853211,0.996996996996997,0.9477477477477477,0.05225225225225225
350,YJL061W YGL004C,0.0,NA,1.2700954243882734e-07,664,6311,349,2,0.13827463827463826,0.09519713261648746,0.996996996996997,0.9475975975975977,0.052402402402402404
351,YMR202W YJL198W,0.0,NA,1.272099154903117e-07,664,6310,350,2,0.13841113841113842,0.0952107829079438,0.996996996996997,0.9474474474474475,0.052552552552552555
352,YCL039W YOR337W,0.0,NA,1.304574368532485e-07,664,6309,351,2,0.13854763854763855,0.09522443711458482,0.996996996996997,0.9472972972972973,0.052702702702702706
353,YML025C YHR092C,1.0,NA,1.3208199334258097e-07,663,6309,351,3,0.13841113841113842,0.0950946643717728,0.9954954954954955,0.9472972972972973,0.052702702702702706
354,YFR026C YLR409C,0.0,NA,1.3283906241667864e-07,663,6308,352,3,0.13854763854763855,0.09510830583847368,0.9954954954954955,0.9471471471471471,0.05285285285285285
355,YKL143W YBR280C,0.0,NA,1.3324468284281465e-07,663,6307,353,3,0.13868413868413867,0.0951219512195122,0.9954954954954955,0.946996996996997,0.053003003003003
356,YDL225W YPR107C,0.0,NA,1.3432111245492706e-07,663,6306,354,3,0.13882063882063883,0.0951356005165734,0.9954954954954955,0.9468468468468468,0.05315315315315315
357,YOR236W YOR124C,0.0,NA,1.3690598166249401e-07,663,6305,355,3,0.13895713895713896,0.09514925373134328,0.9954954954954955,0.9466966966966966,0.0533033033033033
358,YOL080C YOR124C,0.0,NA,1.4239866175103089e-07,663,6304,356,3,0.1390936390936391,0.09516291086550882,0.9954954954954955,0.9465465465465466,0.05345345345345345
359,YBR106W YOL001W,0.0,NA,1.4627353550622502e-07,663,6303,357,3,0.13923013923013924,0.09517657192075797,0.9954954954954955,0.9463963963963964,0.053603603603603604
360,YLL002W YER110C,0.0,NA,1.4689352667573985e-07,663,6302,358,3,0.13936663936663937,0.09519023689877962,0.9954954954954955,0.9462462462462462,0.053753753753753755
361,YGL031C YGR046W,0.0,NA,1.4766125389087392e-07,663,6301,359,3,0.1395031395031395,0.09520390580126364,0.9954954954954955,0.9460960960960961,0.053903903903903906
362,YPL237W YLL019C,0.0,NA,1.4958004612708464e-07,663,6300,360,3,0.13963963963963963,0.0952175786299009,0.9954954954954955,0.9459459459459459,0.05405405405405406
363,YGL121C YOR381W,0.0,NA,1.4995868014011648e-07,663,6299,361,3,0.13977613977613979,0.09523125538638322,0.9954954954954955,0.9457957957957958,0.0542042042042042
364,YMR138W YDL192W,0.0,NA,1.5035979572530778e-07,663,6298,362,3,0.1399126399126399,0.09524493607240339,0.9954954954954955,0.9456456456456457,0.05435435435435435
365,YKL090W YDR032C,0.0,NA,1.5299467293061753e-07,663,6297,363,3,0.14004914004914004,0.09525862068965517,0.9954954954954955,0.9454954954954955,0.0545045045045045
366,YLL035W YDL191W,0.0,NA,1.5493209559735988e-07,663,6296,364,3,0.1401856401856402,0.0952723092398333,0.9954954954954955,0.9453453453453453,0.054654654654654654
367,YJR002W YDR076W,0.0,NA,1.5523913532433653e-07,663,6295,365,3,0.14032214032214033,0.09528600172463352,0.9954954954954955,0.9451951951951952,0.054804804804804805
368,YJL099W YDR003W,0.0,NA,1.5540562969817984e-07,663,6294,366,3,0.14045864045864045,0.09529969814575248,0.9954954954954955,0.945045045045045,0.054954954954954956
369,YGR262C YJL074C,0.0,NA,1.582339308470182e-07,663,6293,367,3,0.14059514059514058,0.09531339850488786,0.9954954954954955,0.9448948948948949,0.05510510510510511
370,YDR434W YFR003C,0.0,NA,1.6103260236377537e-07,663,6292,368,3,0.14073164073164074,0.09532710280373832,0.9954954954954955,0.9447447447447448,0.05525525525525526
371,YKL143W YBL064C,0.0,NA,1.6122992008149595e-07,663,6291,369,3,0.14086814086814087,0.09534081104400345,0.9954954954954955,0.9445945945945946,0.05540540540540541
372,YBR086C YOR337W,0.0,NA,1.6505589428561507e-07,663,6290,370,3,0.141004641004641,0.09535452322738386,0.9954954954954955,0.9444444444444444,0.05555555555555555
373,YDL035C YEL034W,0.0,NA,1.6587819118285552e-07,663,6289,371,3,0.14114114114114115,0.09536823935558113,0.9954954954954955,0.9442942942942943,0.0557057057057057
374,YNR015W YMR230W,0.0,NA,1.6802489710698865e-07,663,6288,372,3,0.14127764127764128,0.0953819594302978,0.9954954954954955,0.9441441441441442,0.055855855855855854
375,YDR279W YDR324C,0.0,NA,1.7039117494732636e-07,663,6287,373,3,0.1414141414141414,0.09539568345323741,0.9954954954954955,0.943993993993994,0.056006006006006005
376,YJR045C YNL221C,0.0,NA,1.714485620141204e-07,663,6286,374,3,0.14155064155064154,0.09540941142610447,0.9954954954954955,0.9438438438438439,0.056156156156156156
377,YJL162C YOR124C,0.0,NA,1.7315170453002793e-07,663,6285,375,3,0.1416871416871417,0.09542314335060449,0.9954954954954955,0.9436936936936937,0.05630630630630631
378,YLR028C YPL215W,1.0,NA,1.7355294801291166e-07,662,6285,375,4,0.14155064155064154,0.09529293220095005,0.993993993993994,0.9436936936936937,0.05630630630630631
379,YDR436W YMR204C,0.0,NA,1.7979482436203398e-07,662,6284,376,4,0.1416871416871417,0.09530665131010653,0.993993993993994,0.9435435435435435,0.05645645645645646
380,YNL067W YCR020C-A,0.0,NA,1.7996259771280165e-07,662,6283,377,4,0.14182364182364182,0.09532037437005039,0.993993993993994,0.9433933933933933,0.05660660660660661
381,YJL148W YNL283C,0.0,NA,1.8015852276676014e-07,662,6282,378,4,0.14196014196014195,0.09533410138248848,0.993993993993994,0.9432432432432433,0.05675675675675676
382,YKR030W YBR070C,0.0,NA,1.8045119531961973e-07,662,6281,379,4,0.1420966420966421,0.09534783234912862,0.993993993993994,0.9430930930930931,0.056906906906906904
383,YIL009W YGL181W,0.0,NA,1.8047717276203912e-07,662,6280,380,4,0.14223314223314223,0.09536156727167963,0.993993993993994,0.9429429429429429,0.057057057057057055
384,YNL161W YGL008C,0.0,NA,1.8210320718026196e-07,662,6279,381,4,0.14236964236964236,0.09537530615185132,0.993993993993994,0.9427927927927928,0.057207207207207206
385,YBR281C YGL130W,0.0,NA,1.8519243383252615e-07,662,6278,382,4,0.14250614250614252,0.09538904899135446,0.993993993993994,0.9426426426426426,0.05735735735735736
386,YJR002W YGL097W,0.0,NA,1.8813463498190686e-07,662,6277,383,4,0.14264264264264265,0.09540279579190085,0.993993993993994,0.9424924924924925,0.05750750750750751
387,YDR371W YKL039W,0.0,NA,1.9199150358417683e-07,662,6276,384,4,0.14277914277914278,0.09541654655520324,0.993993993993994,0.9423423423423424,0.05765765765765766
388,YDR517W YHR025W,0.0,NA,1.9422738262164785e-07,662,6275,385,4,0.1429156429156429,0.09543030128297535,0.993993993993994,0.9421921921921922,0.05780780780780781
389,YHL022C YKL060C,0.0,NA,1.946026628729669e-07,662,6274,386,4,0.14305214305214306,0.09544405997693195,0.993993993993994,0.942042042042042,0.05795795795795796
390,YDL192W YGR033C,0.0,NA,1.9579610466280428e-07,662,6273,387,4,0.1431886431886432,0.09545782263878876,0.993993993993994,0.9418918918918919,0.05810810810810811
391,YOR349W YGL031C,0.0,NA,1.9716941324077197e-07,662,6272,388,4,0.14332514332514332,0.09547158927026247,0.993993993993994,0.9417417417417417,0.058258258258258255
392,YMR138W YKL103C,0.0,NA,1.9891719205133995e-07,662,6271,389,4,0.14346164346164347,0.09548535987307082,0.993993993993994,0.9415915915915916,0.058408408408408406
393,YML056C YMR229C,0.0,NA,1.9966660147474613e-07,662,6270,390,4,0.1435981435981436,0.09549913444893249,0.993993993993994,0.9414414414414415,0.05855855855855856
394,YML095C YGL092W,0.0,NA,2.0075340501080063e-07,662,6269,391,4,0.14373464373464373,0.09551291299956716,0.993993993993994,0.9412912912912913,0.05870870870870871
395,YGL121C YHR039C,0.0,NA,2.0510120180006197e-07,662,6268,392,4,0.14387114387114386,0.09552669552669553,0.993993993993994,0.9411411411411411,0.05885885885885886
396,YHR001W YPR181C,0.0,NA,2.052426566478971e-07,662,6267,393,4,0.14400764400764401,0.09554048203203926,0.993993993993994,0.940990990990991,0.05900900900900901
397,YER003C YDL243C,0.0,NA,2.0660004906858376e-07,662,6266,394,4,0.14414414414414414,0.09555427251732102,0.993993993993994,0.9408408408408409,0.05915915915915916
398,YNL251C YDL191W,0.0,NA,2.06843139949342e-07,662,6265,395,4,0.14428064428064427,0.09556806698426447,0.993993993993994,0.9406906906906907,0.05930930930930931
399,YPL266W YBL063W,0.0,NA,2.1050657039722864e-07,662,6264,396,4,0.14441714441714443,0.09558186543459428,0.993993993993994,0.9405405405405406,0.05945945945945946
400,YKL072W YDL099W,0.0,NA,2.1050676934919466e-07,662,6263,397,4,0.14455364455364456,0.09559566787003611,0.993993993993994,0.9403903903903904,0.05960960960960961
401,YNL145W YPR181C,0.0,NA,2.1131153005171655e-07,662,6262,398,4,0.14469014469014468,0.09560947429231657,0.993993993993994,0.9402402402402402,0.05975975975975976
402,YIR031C YMR188C,1.0,NA,2.1507521807961894e-07,661,6262,398,5,0.14455364455364456,0.09547883865376282,0.9924924924924925,0.9402402402402402,0.05975975975975976
403,YPR138C YGR185C,0.0,NA,2.1623867496600724e-07,661,6261,399,5,0.14469014469014468,0.09549263218722913,0.9924924924924925,0.94009009009009,0.05990990990990991
404,YMR197C YMR285C,0.0,NA,2.1634450320107135e-07,661,6260,400,5,0.14482664482664484,0.09550642970668978,0.9924924924924925,0.93993993993994,0.06006006006006006
405,YDR218C YBL054W,0.0,NA,2.1734436472797825e-07,661,6259,401,5,0.14496314496314497,0.09552023121387283,0.9924924924924925,0.9397897897897898,0.06021021021021021
406,YKL009W YDR482C,0.0,NA,2.1848697429049935e-07,661,6258,402,5,0.1450996450996451,0.0955340367105073,0.9924924924924925,0.9396396396396396,0.06036036036036036
407,YLR204W YNL069C,0.0,NA,2.1912487113695533e-07,661,6257,403,5,0.14523614523614523,0.09554784619832321,0.9924924924924925,0.9394894894894895,0.06051051051051051
408,YLR432W YKL145W,0.0,NA,2.2486614170702524e-07,661,6256,404,5,0.14537264537264538,0.09556165967905161,0.9924924924924925,0.9393393393393393,0.06066066066066066
409,YML064C YBR003W,0.0,NA,2.2819348544089735e-07,661,6255,405,5,0.1455091455091455,0.09557547715442452,0.9924924924924925,0.9391891891891891,0.060810810810810814
410,YPR111W YLR360W,0.0,NA,2.303256394498021e-07,661,6254,406,5,0.14564564564564564,0.09558929862617498,0.9924924924924925,0.9390390390390391,0.06096096096096096
411,YAL036C YDR390C,0.0,NA,2.318130754019876e-07,661,6253,407,5,0.1457821457821458,0.09560312409603702,0.9924924924924925,0.9388888888888889,0.06111111111111111
412,YNL199C YFL048C,0.0,NA,2.3270882820725092e-07,661,6252,408,5,0.14591864591864592,0.09561695356574569,0.9924924924924925,0.9387387387387387,0.06126126126126126
413,YNL147W YEL060C,0.0,NA,2.3552739492060937e-07,661,6251,409,5,0.14605514605514605,0.09563078703703703,0.9924924924924925,0.9385885885885886,0.06141141141141141
414,YBR055C YBR275C,0.0,NA,2.363166800023464e-07,661,6250,410,5,0.14619164619164618,0.0956446245116481,0.9924924924924925,0.9384384384384384,0.06156156156156156
415,YPL143W YOR393W,0.0,NA,2.3834712692405446e-07,661,6249,411,5,0.14632814632814634,0.09565846599131693,0.9924924924924925,0.9382882882882883,0.06171171171171171
416,YMR197C YMR055C,0.0,NA,2.398404035375279e-07,661,6248,412,5,0.14646464646464646,0.0956723114777826,0.9924924924924925,0.9381381381381382,0.061861861861861864
417,YPL259C YNL069C,0.0,NA,2.4068316406555823e-07,661,6247,413,5,0.1466011466011466,0.09568616097278518,0.9924924924924925,0.937987987987988,0.062012012012012015
418,YGR055W YNL251C,0.0,NA,2.412457149603142e-07,661,6246,414,5,0.14673764673764675,0.09570001447806573,0.9924924924924925,0.9378378378378378,0.062162162162162166
419,YOR117W YCR059C,0.0,NA,2.4423030708931037e-07,661,6245,415,5,0.14687414687414688,0.09571387199536635,0.9924924924924925,0.9376876876876877,0.06231231231231231
420,YMR322C YNL059C,0.0,NA,2.4723343017285515e-07,661,6244,416,5,0.147010647010647,0.09572773352643012,0.9924924924924925,0.9375375375375375,0.06246246246246246
421,YLR309C YPL031C,0.0,NA,2.4919700081227347e-07,661,6243,417,5,0.14714714714714713,0.09574159907300116,0.9924924924924925,0.9373873873873874,0.06261261261261261
422,YLR172C YDR479C,0.0,NA,2.4962417910501244e-07,661,6242,418,5,0.1472836472836473,0.09575546863682458,0.9924924924924925,0.9372372372372373,0.06276276276276277
423,YGL211W YHR037W,0.0,NA,2.517279256153415e-07,661,6241,419,5,0.14742014742014742,0.09576934221964647,0.9924924924924925,0.9370870870870871,0.06291291291291291
424,YKR025W YFL059W,0.0,NA,2.5399202741027693e-07,661,6240,420,5,0.14755664755664755,0.09578321982321403,0.9924924924924925,0.9369369369369369,0.06306306306306306
425,YHL011C YFL059W,0.0,NA,2.590969359062001e-07,661,6239,421,5,0.1476931476931477,0.09579710144927536,0.9924924924924925,0.9367867867867868,0.06321321321321322
426,YBR275C YPR086W,0.0,NA,2.635578937315586e-07,661,6238,422,5,0.14782964782964783,0.09581098709957965,0.9924924924924925,0.9366366366366367,0.06336336336336336
427,YLR388W YLR238W,0.0,NA,2.7180095685253036e-07,661,6237,423,5,0.14796614796614796,0.09582487677587706,0.9924924924924925,0.9364864864864865,0.06351351351351352
428,YDR323C YLR432W,0.0,NA,2.732069219746336e-07,661,6236,424,5,0.14810264810264812,0.0958387704799188,0.9924924924924925,0.9363363363363363,0.06366366366366366
429,YBR172C YPL030W,0.0,NA,2.7489315357343003e-07,661,6235,425,5,0.14823914823914824,0.09585266821345707,0.9924924924924925,0.9361861861861862,0.06381381381381382
430,YPR119W YOR107W,0.0,NA,2.7575805461310665e-07,661,6234,426,5,0.14837564837564837,0.09586656997824511,0.9924924924924925,0.936036036036036,0.06396396396396396
431,YHR070W YFR048W,0.0,NA,2.766602733572654e-07,661,6233,427,5,0.1485121485121485,0.09588047577603713,0.9924924924924925,0.9358858858858858,0.06411411411411412
432,YHR001W YGL110C,0.0,NA,2.770446769773116e-07,661,6232,428,5,0.14864864864864866,0.09589438560858843,0.9924924924924925,0.9357357357357358,0.06426426426426426
433,YMR005W YHR010W,0.0,NA,2.7714614247997815e-07,661,6231,429,5,0.14878514878514879,0.09590829947765525,0.9924924924924925,0.9355855855855856,0.06441441441441441
434,YMR079W YDL243C,0.0,NA,2.80708718491951e-07,661,6230,430,5,0.1489216489216489,0.09592221738499492,0.9924924924924925,0.9354354354354354,0.06456456456456457
435,YKL143W YDL048C,0.0,NA,2.8218255465617403e-07,661,6229,431,5,0.14905814905814907,0.09593613933236575,0.9924924924924925,0.9352852852852853,0.06471471471471471
436,YJL008C YPL018W,0.0,NA,2.841186699242826e-07,661,6228,432,5,0.1491946491946492,0.09595006532152707,0.9924924924924925,0.9351351351351351,0.06486486486486487
437,YDR497C YGR002C,0.0,NA,2.891140695737704e-07,661,6227,433,5,0.14933114933114933,0.09596399535423926,0.9924924924924925,0.934984984984985,0.06501501501501501
438,YBL040C YMR183C,0.0,NA,2.8952740649401676e-07,661,6226,434,5,0.14946764946764945,0.09597792943226369,0.9924924924924925,0.9348348348348349,0.06516516516516517
439,YGL238W YHR152W,0.0,NA,2.8981969535379903e-07,661,6225,435,5,0.1496041496041496,0.09599186755736276,0.9924924924924925,0.9346846846846847,0.06531531531531531
440,YJL053W YOR161C,0.0,NA,2.910039711423451e-07,661,6224,436,5,0.14974064974064974,0.09600580973129992,0.9924924924924925,0.9345345345345345,0.06546546546546547
441,YNL038W YBL051C,0.0,NA,2.934290250777849e-07,661,6223,437,5,0.14987714987714987,0.09601975595583963,0.9924924924924925,0.9343843843843844,0.06561561561561562
442,YCR057C YPL087W,0.0,NA,2.9350795216487313e-07,661,6222,438,5,0.15001365001365002,0.09603370623274735,0.9924924924924925,0.9342342342342342,0.06576576576576576
443,YMR188C YBR085W,1.0,NA,2.95043321330013e-07,660,6222,438,6,0.14987714987714987,0.0959023539668701,0.990990990990991,0.9342342342342342,0.06576576576576576
444,YBR082C YJR019C,0.0,NA,2.951221347302635e-07,660,6221,439,6,0.15001365001365002,0.09591629123673885,0.990990990990991,0.934084084084084,0.06591591591591592
445,YGL111W YNL283C,0.0,NA,2.9516772315218986e-07,660,6220,440,6,0.15015015015015015,0.09593023255813954,0.990990990990991,0.933933933933934,0.06606606606606606
446,YLR220W YDL191W,0.0,NA,2.991635881244292e-07,660,6219,441,6,0.15028665028665028,0.09594417793283908,0.990990990990991,0.9337837837837838,0.06621621621621622
447,YCL043C YGR032W,0.0,NA,3.014699814229971e-07,660,6218,442,6,0.15042315042315044,0.09595812736260541,0.990990990990991,0.9336336336336336,0.06636636636636636
448,YGL008C YOL104C,0.0,NA,3.036415421320271e-07,660,6217,443,6,0.15055965055965057,0.0959720808492075,0.990990990990991,0.9334834834834835,0.06651651651651652
449,YBR281C YOR033C,0.0,NA,3.0398112471630157e-07,660,6216,444,6,0.1506961506961507,0.09598603839441536,0.990990990990991,0.9333333333333333,0.06666666666666667
450,YPL240C YMR048W,0.0,NA,3.046183962851501e-07,660,6215,445,6,0.15083265083265082,0.096,0.990990990990991,0.9331831831831832,0.06681681681681682
451,YNL251C YHL033C,0.0,NA,3.089003541845159e-07,660,6214,446,6,0.15096915096915098,0.09601396566773349,0.990990990990991,0.9330330330330331,0.06696696696696697
452,YIR027C YBL064C,0.0,NA,3.0960168828642054e-07,660,6213,447,6,0.1511056511056511,0.09602793539938892,0.990990990990991,0.9328828828828829,0.06711711711711711
453,YML006C YDL001W,0.0,NA,3.119448308552819e-07,660,6212,448,6,0.15124215124215123,0.0960419091967404,0.990990990990991,0.9327327327327327,0.06726726726726727
454,YNL145W YKL145W,0.0,NA,3.130818413410452e-07,660,6211,449,6,0.1513786513786514,0.0960558870615631,0.990990990990991,0.9325825825825825,0.06741741741741741
455,YLR367W YLR234W,0.0,NA,3.159553045861685e-07,660,6210,450,6,0.15151515151515152,0.09606986899563319,0.990990990990991,0.9324324324324325,0.06756756756756757
456,YER043C YBR281C,0.0,NA,3.170210618463898e-07,660,6209,451,6,0.15165165165165165,0.09608385500072791,0.990990990990991,0.9322822822822823,0.06771771771771772
457,YOL084W YNL088W,0.0,NA,3.205075813639269e-07,660,6208,452,6,0.15178815178815178,0.09609784507862551,0.990990990990991,0.9321321321321321,0.06786786786786787
458,YHL011C YNL020C,0.0,NA,3.209697752026841e-07,660,6207,453,6,0.15192465192465193,0.09611183923110529,0.990990990990991,0.931981981981982,0.06801801801801802
459,YDR234W YJL010C,0.0,NA,3.231267271530669e-07,660,6206,454,6,0.15206115206115206,0.09612583745994757,0.990990990990991,0.9318318318318318,0.06816816816816818
460,YDR225W YLR093C,0.0,NA,3.2322904530701635e-07,660,6205,455,6,0.1521976521976522,0.09613983976693372,0.990990990990991,0.9316816816816816,0.06831831831831832
461,YLR142W YJR063W,0.0,NA,3.248247821829864e-07,660,6204,456,6,0.15233415233415235,0.09615384615384616,0.990990990990991,0.9315315315315316,0.06846846846846846
462,YLR205C YIL105C,0.0,NA,3.2486539680576243e-07,660,6203,457,6,0.15247065247065247,0.09616785662246831,0.990990990990991,0.9313813813813814,0.06861861861861862
463,YPR143W YDR218C,0.0,NA,3.2519736237190955e-07,660,6202,458,6,0.1526071526071526,0.09618187117458467,0.990990990990991,0.9312312312312312,0.06876876876876876
464,YML104C YPR134W,0.0,NA,3.2620684464745864e-07,660,6201,459,6,0.15274365274365273,0.09619588981198077,0.990990990990991,0.9310810810810811,0.06891891891891892
465,YOR046C YPR049C,0.0,NA,3.271324260367692e-07,660,6200,460,6,0.1528801528801529,0.09620991253644315,0.990990990990991,0.9309309309309309,0.06906906906906907
466,YGR041W YMR059W,0.0,NA,3.272575384016818e-07,660,6199,461,6,0.15301665301665301,0.09622393934975944,0.990990990990991,0.9307807807807807,0.06921921921921922
467,YMR260C YDL001W,0.0,NA,3.3904848351085093e-07,660,6198,462,6,0.15315315315315314,0.09623797025371829,0.990990990990991,0.9306306306306307,0.06936936936936937
468,YKL198C YHR066W,0.0,NA,3.3935353371816745e-07,660,6197,463,6,0.1532896532896533,0.09625200525010938,0.990990990990991,0.9304804804804805,0.06951951951951951
469,YJL066C YMR285C,0.0,NA,3.4121759995286993e-07,660,6196,464,6,0.15342615342615343,0.09626604434072346,0.990990990990991,0.9303303303303303,0.06966966966966967
470,YGL181W YPL006W,0.0,NA,3.443154810156557e-07,660,6195,465,6,0.15356265356265356,0.0962800875273523,0.990990990990991,0.9301801801801802,0.06981981981981981
471,YKL073W YHR069C,0.0,NA,3.446114646976639e-07,660,6194,466,6,0.1536991536991537,0.09629413481178874,0.990990990990991,0.93003003003003,0.06996996996996997
472,YDR003W YFL002C,0.0,NA,3.484309729628876e-07,660,6193,467,6,0.15383565383565384,0.09630818619582665,0.990990990990991,0.9298798798798799,0.07012012012012012
473,YKL188C YDR395W,0.0,NA,3.536089252520469e-07,660,6192,468,6,0.15397215397215397,0.09632224168126094,0.990990990990991,0.9297297297297298,0.07027027027027027
474,YLR362W YLR097C,0.0,NA,3.560945458502829e-07,660,6191,469,6,0.1541086541086541,0.09633630126988761,0.990990990990991,0.9295795795795796,0.07042042042042042
475,YPL271W YGL075C,0.0,NA,3.5636597317534324e-07,660,6190,470,6,0.15424515424515425,0.09635036496350365,0.990990990990991,0.9294294294294294,0.07057057057057058
476,YDR091C YOR288C,0.0,NA,3.597025965973444e-07,660,6189,471,6,0.15438165438165438,0.09636443276390715,0.990990990990991,0.9292792792792792,0.07072072072072072
477,YER175C YNL316C,0.0,NA,3.6113283385930117e-07,660,6188,472,6,0.1545181545181545,0.0963785046728972,0.990990990990991,0.9291291291291291,0.07087087087087086
478,YJL209W YMR188C,1.0,NA,3.6564594552146445e-07,659,6188,472,7,0.15438165438165438,0.09624653132758873,0.9894894894894894,0.9291291291291291,0.07087087087087086
479,YOL013C YOR116C,0.0,NA,3.6915744772159087e-07,659,6187,473,7,0.1545181545181545,0.0962605901256208,0.9894894894894894,0.928978978978979,0.07102102102102102
480,YJL209W YDL120W,1.0,NA,3.706987854457111e-07,658,6187,473,8,0.15438165438165438,0.09612856099342586,0.987987987987988,0.928978978978979,0.07102102102102102
481,YMR106C YLR213C,0.0,NA,3.7239783523546066e-07,658,6186,474,8,0.1545181545181545,0.09614260666277032,0.987987987987988,0.9288288288288288,0.07117117117117117
482,YJL198W YML012W,0.0,NA,3.734779454589443e-07,658,6185,475,8,0.15465465465465467,0.09615665643723513,0.987987987987988,0.9286786786786787,0.07132132132132132
483,YHR164C YCL055W,0.0,NA,3.746069694443577e-07,658,6184,476,8,0.1547911547911548,0.09617071031862029,0.987987987987988,0.9285285285285285,0.07147147147147147
484,YGR043C YER159C,0.0,NA,3.754302611014282e-07,658,6183,477,8,0.15492765492765492,0.0961847683087268,0.987987987987988,0.9283783783783783,0.07162162162162163
485,YPR041W YCL063W,0.0,NA,3.7820666420884663e-07,658,6182,478,8,0.15506415506415505,0.09619883040935673,0.987987987987988,0.9282282282282283,0.07177177177177177
486,YIL144W YML088W,0.0,NA,3.819924927483953e-07,658,6181,479,8,0.1552006552006552,0.09621289662231321,0.987987987987988,0.9280780780780781,0.07192192192192193
487,YGL053W YDR225W,0.0,NA,3.8391607404264505e-07,658,6180,480,8,0.15533715533715534,0.0962269669494004,0.987987987987988,0.9279279279279279,0.07207207207207207
488,YGL139W YDR382W,0.0,NA,3.848211065360374e-07,658,6179,481,8,0.15547365547365546,0.09624104139242358,0.987987987987988,0.9277777777777778,0.07222222222222222
489,YCL014W YMR079W,0.0,NA,3.870906937208929e-07,658,6178,482,8,0.15561015561015562,0.096255119953189,0.987987987987988,0.9276276276276276,0.07237237237237237
490,YBR269C YGL150C,0.0,NA,3.889764741416002e-07,658,6177,483,8,0.15574665574665575,0.09626920263350403,0.987987987987988,0.9274774774774774,0.07252252252252252
491,YBR031W YDL080C,0.0,NA,3.9079097291505605e-07,658,6176,484,8,0.15588315588315588,0.09628328943517706,0.987987987987988,0.9273273273273274,0.07267267267267268
492,YNL161W YBR078W,0.0,NA,3.9113103866839083e-07,658,6175,485,8,0.15601965601965603,0.09629738036001756,0.987987987987988,0.9271771771771772,0.07282282282282282
493,YMR138W YGL008C,0.0,NA,3.9389243511323e-07,658,6174,486,8,0.15615615615615616,0.09631147540983606,0.987987987987988,0.927027027027027,0.07297297297297298
494,YDR236C YOR182C,0.0,NA,3.973893001329998e-07,658,6173,487,8,0.1562926562926563,0.09632557458644415,0.987987987987988,0.9268768768768769,0.07312312312312312
495,YDL045C YKL218C,0.0,NA,3.9789787820154743e-07,658,6172,488,8,0.15642915642915642,0.09633967789165447,0.987987987987988,0.9267267267267267,0.07327327327327328
496,YLR037C YEL036C,0.0,NA,4.0509073073735635e-07,658,6171,489,8,0.15656565656565657,0.09635378532728071,0.987987987987988,0.9265765765765765,0.07342342342342342
497,YDR179C YJR075W,0.0,NA,4.1191597688339243e-07,658,6170,490,8,0.1567021567021567,0.09636789689513767,0.987987987987988,0.9264264264264265,0.07357357357357357
498,YCR092C YPR107C,0.0,NA,4.185428394976043e-07,658,6169,491,8,0.15683865683865683,0.09638201259704116,0.987987987987988,0.9262762762762763,0.07372372372372372
499,YKL021C YLR371W,0.0,NA,4.215258968542912e-07,658,6168,492,8,0.156975156975157,0.09639613243480809,0.987987987987988,0.9261261261261261,0.07387387387387387
500,YNL244C YIR004W,0.0,NA,4.240252735598915e-07,658,6167,493,8,0.15711165711165712,0.09641025641025641,0.987987987987988,0.925975975975976,0.07402402402402403
501,YNL160W YMR192W,0.0,NA,4.2599916127983306e-07,658,6166,494,8,0.15724815724815724,0.09642438452520516,0.987987987987988,0.9258258258258258,0.07417417417417417
502,YDR530C YOR003W,0.0,NA,4.262405752797349e-07,658,6165,495,8,0.15738465738465737,0.09643851678147443,0.987987987987988,0.9256756756756757,0.07432432432432433
503,YGL116W YGR260W,0.0,NA,4.2682833623075567e-07,658,6164,496,8,0.15752115752115753,0.09645265318088538,0.987987987987988,0.9255255255255255,0.07447447447447447
504,YER003C YLR238W,0.0,NA,4.2912091657854035e-07,658,6163,497,8,0.15765765765765766,0.09646679372526022,0.987987987987988,0.9253753753753754,0.07462462462462463
505,YGL097W YMR029C,0.0,NA,4.311600605433341e-07,658,6162,498,8,0.15779415779415779,0.09648093841642229,0.987987987987988,0.9252252252252252,0.07477477477477477
506,YMR318C YOL104C,0.0,NA,4.3941832927885116e-07,658,6161,499,8,0.15793065793065794,0.09649508725619592,0.987987987987988,0.925075075075075,0.07492492492492492
507,YKL143W YNR033W,0.0,NA,4.4296606915850134e-07,658,6160,500,8,0.15806715806715807,0.09650924024640657,0.987987987987988,0.924924924924925,0.07507507507507508
508,YFR026C YLR336C,0.0,NA,4.432843070389936e-07,658,6159,501,8,0.1582036582036582,0.09652339738888074,0.987987987987988,0.9247747747747748,0.07522522522522522
509,YKL183W YGR002C,0.0,NA,4.4854937186755706e-07,658,6158,502,8,0.15834015834015833,0.09653755868544601,0.987987987987988,0.9246246246246246,0.07537537537537538
510,YNL067W YOR025W,0.0,NA,4.5189585762273055e-07,658,6157,503,8,0.15847665847665848,0.09655172413793103,0.987987987987988,0.9244744744744745,0.07552552552552552
511,YKL198C YLR362W,0.0,NA,4.570644023260684e-07,658,6156,504,8,0.1586131586131586,0.09656589374816554,0.987987987987988,0.9243243243243243,0.07567567567567568
512,YJL024C YPL092W,0.0,NA,4.5862708475397085e-07,658,6155,505,8,0.15874965874965874,0.09658006751798033,0.987987987987988,0.9241741741741741,0.07582582582582582
513,YLR293C YJR006W,0.0,NA,4.596560927438986e-07,658,6154,506,8,0.1588861588861589,0.09659424544920728,0.987987987987988,0.9240240240240241,0.07597597597597598
514,YDR182W YBR119W,0.0,NA,4.613288808741345e-07,658,6153,507,8,0.15902265902265902,0.09660842754367935,0.987987987987988,0.9238738738738739,0.07612612612612613
515,YPL189W YDL028C,0.0,NA,4.650779317216802e-07,658,6152,508,8,0.15915915915915915,0.09662261380323055,0.987987987987988,0.9237237237237237,0.07627627627627627
516,YPR119W YLR098C,0.0,NA,4.6731111069675535e-07,658,6151,509,8,0.1592956592956593,0.09663680422969599,0.987987987987988,0.9235735735735736,0.07642642642642643
517,YKL139W YBR132C,0.0,NA,4.7159878135971667e-07,658,6150,510,8,0.15943215943215944,0.09665099882491186,0.987987987987988,0.9234234234234234,0.07657657657657657
518,YDR146C YPL051W,0.0,NA,4.7270199843296723e-07,658,6149,511,8,0.15956865956865957,0.09666519759071544,0.987987987987988,0.9232732732732732,0.07672672672672673
519,YFR026C YJR075W,0.0,NA,4.819295895686082e-07,658,6148,512,8,0.1597051597051597,0.09667940052894505,0.987987987987988,0.9231231231231232,0.07687687687687687
520,YDR295C YDR414C,0.0,NA,4.862210403189238e-07,658,6147,513,8,0.15984165984165985,0.09669360764144012,0.987987987987988,0.922972972972973,0.07702702702702703
521,YPL031C YOR033C,0.0,NA,4.882861048827181e-07,658,6146,514,8,0.15997815997815998,0.09670781893004116,0.987987987987988,0.9228228228228228,0.07717717717717718
522,YBL020W YDR429C,0.0,NA,4.88825605771126e-07,658,6145,515,8,0.1601146601146601,0.09672203439658975,0.987987987987988,0.9226726726726727,0.07732732732732733
523,YPL259C YPR111W,0.0,NA,4.89147396365297e-07,658,6144,516,8,0.16025116025116026,0.09673625404292856,0.987987987987988,0.9225225225225225,0.07747747747747748
524,YCL043C YPR141C,0.0,NA,4.899700343230506e-07,658,6143,517,8,0.1603876603876604,0.09675047787090134,0.987987987987988,0.9223723723723724,0.07762762762762762
525,YLR190W YGL030W,0.0,NA,4.907037123302871e-07,658,6142,518,8,0.16052416052416052,0.09676470588235295,0.987987987987988,0.9222222222222223,0.07777777777777778
526,YPL152W YGL238W,0.0,NA,4.95526307986438e-07,658,6141,519,8,0.16066066066066065,0.09677893807912928,0.987987987987988,0.9220720720720721,0.07792792792792792
527,YHR017W YIL047C,0.0,NA,5.038906465415494e-07,658,6140,520,8,0.1607971607971608,0.09679317446307738,0.987987987987988,0.9219219219219219,0.07807807807807808
528,YDR351W YGR142W,0.0,NA,5.078068738839647e-07,658,6139,521,8,0.16093366093366093,0.09680741503604531,0.987987987987988,0.9217717717717717,0.07822822822822822
529,YGL017W YBR186W,0.0,NA,5.105217724121758e-07,658,6138,522,8,0.16107016107016106,0.09682165979988229,0.987987987987988,0.9216216216216216,0.07837837837837838
530,YDR041W YDR371W,0.0,NA,5.10930874497717e-07,658,6137,523,8,0.16120666120666122,0.09683590875643856,0.987987987987988,0.9214714714714715,0.07852852852852853
531,YGR004W YJL186W,0.0,NA,5.142417762726836e-07,658,6136,524,8,0.16134316134316135,0.0968501619075655,0.987987987987988,0.9213213213213213,0.07867867867867868
532,YHR069C YKL005C,0.0,NA,5.156571205588989e-07,658,6135,525,8,0.16147966147966147,0.09686441925511556,0.987987987987988,0.9211711711711712,0.07882882882882883
533,YMR233W YLL019C,0.0,NA,5.162012826076534e-07,658,6134,526,8,0.16161616161616163,0.09687868080094228,0.987987987987988,0.921021021021021,0.07897897897897897
534,YNL145W YGR152C,0.0,NA,5.172390729057952e-07,658,6133,527,8,0.16175266175266176,0.09689294654690031,0.987987987987988,0.9208708708708708,0.07912912912912913
535,YOL007C YNL244C,0.0,NA,5.277290142657876e-07,658,6132,528,8,0.1618891618891619,0.09690721649484536,0.987987987987988,0.9207207207207208,0.07927927927927927
536,YDR071C YGL032C,0.0,NA,5.279480319586582e-07,658,6131,529,8,0.16202566202566202,0.09692149064663426,0.987987987987988,0.9205705705705706,0.07942942942942943
537,YNL071W YML011C,0.0,NA,5.334977686288767e-07,658,6130,530,8,0.16216216216216217,0.09693576900412493,0.987987987987988,0.9204204204204204,0.07957957957957958
538,YPR138C YMR069W,0.0,NA,5.355071266421874e-07,658,6129,531,8,0.1622986622986623,0.09695005156917637,0.987987987987988,0.9202702702702703,0.07972972972972973
539,YHR129C YCR011C,0.0,NA,5.377727916311414e-07,658,6128,532,8,0.16243516243516243,0.09696433834364869,0.987987987987988,0.9201201201201201,0.07987987987987988
540,YER122C YIR004W,0.0,NA,5.448320621326275e-07,658,6127,533,8,0.16257166257166258,0.0969786293294031,0.987987987987988,0.9199699699699699,0.08003003003003004
541,YDR530C YOL001W,0.0,NA,5.545652470573259e-07,658,6126,534,8,0.1627081627081627,0.09699292452830188,0.987987987987988,0.9198198198198199,0.08018018018018018
542,YDL045C YLR182W,0.0,NA,5.567824814534106e-07,658,6125,535,8,0.16284466284466284,0.09700722394220847,0.987987987987988,0.9196696696696697,0.08033033033033032
543,YML088W YKL010C,0.0,NA,5.611590268017608e-07,658,6124,536,8,0.16298116298116297,0.09702152757298732,0.987987987987988,0.9195195195195195,0.08048048048048048
544,YDR508C YFL048C,0.0,NA,5.781571417173836e-07,658,6123,537,8,0.16311766311766313,0.09703583542250406,0.987987987987988,0.9193693693693694,0.08063063063063063
545,YMR197C YDR129C,0.0,NA,5.781626555290131e-07,658,6122,538,8,0.16325416325416325,0.09705014749262537,0.987987987987988,0.9192192192192192,0.08078078078078078
546,YLR388W YNL070W,0.0,NA,5.810236984871153e-07,658,6121,539,8,0.16339066339066338,0.09706446378521906,0.987987987987988,0.919069069069069,0.08093093093093093
547,YGL133W YKL139W,0.0,NA,6.042548648110824e-07,658,6120,540,8,0.16352716352716354,0.09707878430215403,0.987987987987988,0.918918918918919,0.08108108108108109
548,YHR002W YGR188C,0.0,NA,6.06928267643525e-07,658,6119,541,8,0.16366366366366367,0.09709310904530027,0.987987987987988,0.9187687687687688,0.08123123123123123
549,YLR432W YNL233W,0.0,NA,6.077333409848507e-07,658,6118,542,8,0.1638001638001638,0.09710743801652892,0.987987987987988,0.9186186186186186,0.08138138138138139
550,YPR119W YDR085C,0.0,NA,6.163760986055422e-07,658,6117,543,8,0.16393666393666392,0.09712177121771218,0.987987987987988,0.9184684684684684,0.08153153153153153
551,YLR182W YBR055C,0.0,NA,6.177890554681653e-07,658,6116,544,8,0.16407316407316408,0.09713610865072335,0.987987987987988,0.9183183183183183,0.08168168168168168
552,YGR274C YCR042C,0.0,NA,6.202974986990739e-07,658,6115,545,8,0.1642096642096642,0.09715045031743688,0.987987987987988,0.9181681681681682,0.08183183183183183
553,YDL035C YGL250W,0.0,NA,6.215208259163774e-07,658,6114,546,8,0.16434616434616434,0.09716479621972829,0.987987987987988,0.918018018018018,0.08198198198198198
554,YJL033W YKR081C,0.0,NA,6.232469331735047e-07,658,6113,547,8,0.1644826644826645,0.09717914635947422,0.987987987987988,0.9178678678678679,0.08213213213213214
555,YHR075C YHR069C,0.0,NA,6.29734756785183e-07,658,6112,548,8,0.16461916461916462,0.09719350073855244,0.987987987987988,0.9177177177177177,0.08228228228228228
556,YBR119W YLL019C,0.0,NA,6.297689765233372e-07,658,6111,549,8,0.16475566475566475,0.09720785935884178,0.987987987987988,0.9175675675675675,0.08243243243243244
557,YLR409C YNR067C,0.0,NA,6.32234446129587e-07,658,6110,550,8,0.1648921648921649,0.09722222222222222,0.987987987987988,0.9174174174174174,0.08258258258258258
558,YJR064W YOR052C,0.0,NA,6.336420597108372e-07,658,6109,551,8,0.16502866502866503,0.09723658933057484,0.987987987987988,0.9172672672672673,0.08273273273273274
559,YLR054C YGL045W,0.0,NA,6.375170755745785e-07,658,6108,552,8,0.16516516516516516,0.09725096068578185,0.987987987987988,0.9171171171171171,0.08288288288288288
560,YHR109W YDR295C,0.0,NA,6.392168074853544e-07,658,6107,553,8,0.1653016653016653,0.09726533628972653,0.987987987987988,0.916966966966967,0.08303303303303303
561,YIL097W YGR252W,0.0,NA,6.437720685426029e-07,658,6106,554,8,0.16543816543816545,0.09727971614429332,0.987987987987988,0.9168168168168168,0.08318318318318318
562,YPL193W YPR158W,0.0,NA,6.468022775152349e-07,658,6105,555,8,0.16557466557466557,0.09729410025136774,0.987987987987988,0.9166666666666666,0.08333333333333333
563,YKL060C YNL113W,0.0,NA,6.545826067849703e-07,658,6104,556,8,0.1657111657111657,0.09730848861283643,0.987987987987988,0.9165165165165166,0.08348348348348349
564,YNL169C YEL018W,0.0,NA,6.570662662852556e-07,658,6103,557,8,0.16584766584766586,0.09732288123058719,0.987987987987988,0.9163663663663664,0.08363363363363363
565,YKR030W YFL027C,0.0,NA,6.662344844698964e-07,658,6102,558,8,0.165984165984166,0.09733727810650887,0.987987987987988,0.9162162162162162,0.08378378378378379
566,YIL076W YLR061W,0.0,NA,6.686590268145665e-07,658,6101,559,8,0.16612066612066612,0.0973516792424915,0.987987987987988,0.9160660660660661,0.08393393393393393
567,YNL069C YLR027C,0.0,NA,6.705575970045174e-07,658,6100,560,8,0.16625716625716624,0.09736608464042616,0.987987987987988,0.9159159159159159,0.08408408408408409
568,YIL056W YEL034W,0.0,NA,6.709951207994891e-07,658,6099,561,8,0.1663936663936664,0.09738049430220512,0.987987987987988,0.9157657657657657,0.08423423423423423
569,YMR316W YCL038C,0.0,NA,6.71305542709888e-07,658,6098,562,8,0.16653016653016653,0.09739490822972173,0.987987987987988,0.9156156156156157,0.08438438438438438
570,YOR179C YAR027W,0.0,NA,6.728868129357579e-07,658,6097,563,8,0.16666666666666666,0.09740932642487046,0.987987987987988,0.9154654654654655,0.08453453453453454
571,YGL053W YGR279C,0.0,NA,6.771555263185292e-07,658,6096,564,8,0.1668031668031668,0.09742374888954694,0.987987987987988,0.9153153153153153,0.08468468468468468
572,YPL152W YML006C,0.0,NA,6.775068754905078e-07,658,6095,565,8,0.16693966693966694,0.09743817562564785,0.987987987987988,0.9151651651651652,0.08483483483483484
573,YCR011C YLR272C,0.0,NA,6.790606335016491e-07,658,6094,566,8,0.16707616707616707,0.09745260663507109,0.987987987987988,0.915015015015015,0.08498498498498498
574,YGR028W YIL046W,0.0,NA,6.805589123359823e-07,658,6093,567,8,0.16721266721266723,0.0974670419197156,0.987987987987988,0.9148648648648648,0.08513513513513514
575,YHR039C-A YPL086C,0.0,NA,6.867979323033069e-07,658,6092,568,8,0.16734916734916735,0.09748148148148149,0.987987987987988,0.9147147147147147,0.08528528528528528
576,YCR066W YJL011C,0.0,NA,6.917325094946136e-07,658,6091,569,8,0.16748566748566748,0.09749592532226997,0.987987987987988,0.9145645645645646,0.08543543543543544
577,YKR049C YJL010C,0.0,NA,6.919297561580606e-07,658,6090,570,8,0.1676221676221676,0.0975103734439834,0.987987987987988,0.9144144144144144,0.08558558558558559
578,YIL051C YCR086W,0.0,NA,7.027242077128903e-07,658,6089,571,8,0.16775866775866777,0.09752482584852527,0.987987987987988,0.9142642642642642,0.08573573573573573
579,YML064C YEL018W,0.0,NA,7.034094551272574e-07,658,6088,572,8,0.1678951678951679,0.09753928253780018,0.987987987987988,0.9141141141141141,0.08588588588588589
580,YDL045C YJR094W-A,0.0,NA,7.045010761430603e-07,658,6087,573,8,0.16803166803166802,0.09755374351371386,0.987987987987988,0.913963963963964,0.08603603603603603
581,YBL061C YBR086C,0.0,NA,7.188565973592631e-07,658,6086,574,8,0.16816816816816818,0.0975682087781732,0.987987987987988,0.9138138138138138,0.08618618618618619
582,YOL072W YLL002W,0.0,NA,7.203863674476452e-07,658,6085,575,8,0.1683046683046683,0.09758267833308616,0.987987987987988,0.9136636636636637,0.08633633633633633
583,YLR134W YPL156C,0.0,NA,7.283867375917907e-07,658,6084,576,8,0.16844116844116844,0.09759715218036191,0.987987987987988,0.9135135135135135,0.08648648648648649
584,YFR051C YNL189W,0.0,NA,7.301366053980018e-07,658,6083,577,8,0.16857766857766857,0.0976116303219107,0.987987987987988,0.9133633633633633,0.08663663663663664
585,YDR481C YNL082W,0.0,NA,7.318089387808868e-07,658,6082,578,8,0.16871416871416872,0.09762611275964392,0.987987987987988,0.9132132132132132,0.0867867867867868
586,YPL154C YDR447C,0.0,NA,7.366958811871882e-07,658,6081,579,8,0.16885066885066885,0.0976405994954741,0.987987987987988,0.9130630630630631,0.08693693693693694
587,YLR117C YMR184W,0.0,NA,7.36878519091988e-07,658,6080,580,8,0.16898716898716898,0.09765509053131494,0.987987987987988,0.9129129129129129,0.08708708708708708
588,YDL126C YMR285C,0.0,NA,7.38436085612193e-07,658,6079,581,8,0.16912366912366913,0.0976695858690812,0.987987987987988,0.9127627627627628,0.08723723723723724
589,YGL135W YDL058W,0.0,NA,7.385586400232569e-07,658,6078,582,8,0.16926016926016926,0.09768408551068884,0.987987987987988,0.9126126126126126,0.08738738738738738
590,YHR046C YFL048C,0.0,NA,7.423350893986935e-07,658,6077,583,8,0.1693966693966694,0.09769858945805494,0.987987987987988,0.9124624624624624,0.08753753753753754
591,YLL031C YLR008C,0.0,NA,7.487454354304646e-07,658,6076,584,8,0.16953316953316952,0.09771309771309772,0.987987987987988,0.9123123123123124,0.08768768768768768
592,YNL169C YHR109W,0.0,NA,7.492640179407317e-07,658,6075,585,8,0.16966966966966968,0.09772761027773652,0.987987987987988,0.9121621621621622,0.08783783783783784
593,YPR069C YGR002C,0.0,NA,7.510045634262497e-07,658,6074,586,8,0.1698061698061698,0.09774212715389186,0.987987987987988,0.912012012012012,0.08798798798798799
594,YDL061C YEL034W,0.0,NA,7.536858106504951e-07,658,6073,587,8,0.16994266994266993,0.09775664834348537,0.987987987987988,0.9118618618618619,0.08813813813813814
595,YKL198C YPL097W,0.0,NA,7.569632884951716e-07,658,6072,588,8,0.1700791700791701,0.09777117384843982,0.987987987987988,0.9117117117117117,0.08828828828828829
596,YBL027W YKR061W,0.0,NA,7.60487864681636e-07,658,6071,589,8,0.17021567021567022,0.09778570367067915,0.987987987987988,0.9115615615615615,0.08843843843843843
597,YOR337W YHR103W,0.0,NA,7.605516998410167e-07,658,6070,590,8,0.17035217035217035,0.09780023781212842,0.987987987987988,0.9114114114114115,0.08858858858858859
598,YDR460W YPL271W,0.0,NA,7.605545988553786e-07,658,6069,591,8,0.1704886704886705,0.09781477627471384,0.987987987987988,0.9112612612612613,0.08873873873873873
599,YBR173C YFL002C,0.0,NA,7.618002655362943e-07,658,6068,592,8,0.17062517062517063,0.09782931906036277,0.987987987987988,0.9111111111111111,0.08888888888888889
600,YLR134W YMR183C,0.0,NA,7.62260242481716e-07,658,6067,593,8,0.17076167076167076,0.09784386617100371,0.987987987987988,0.9109609609609609,0.08903903903903904
601,YDL061C YKL099C,0.0,NA,7.652852787032316e-07,658,6066,594,8,0.1708981708981709,0.09785841760856633,0.987987987987988,0.9108108108108108,0.0891891891891892
602,YCR086W YBL084C,0.0,NA,7.683076432840608e-07,658,6065,595,8,0.17103467103467104,0.09787297337498141,0.987987987987988,0.9106606606606606,0.08933933933933934
603,YFL021W YHR069C,0.0,NA,7.698787385379546e-07,658,6064,596,8,0.17117117117117117,0.0978875334721809,0.987987987987988,0.9105105105105105,0.0894894894894895
604,YLR205C YBR195C,0.0,NA,7.703575874984381e-07,658,6063,597,8,0.1713076713076713,0.0979020979020979,0.987987987987988,0.9103603603603604,0.08963963963963964
605,YFR051C YGL062W,0.0,NA,7.711198009019427e-07,658,6062,598,8,0.17144417144417146,0.09791666666666667,0.987987987987988,0.9102102102102102,0.08978978978978978
606,YDL171C YNL298W,0.0,NA,7.784695412738074e-07,658,6061,599,8,0.17158067158067158,0.09793123976782259,0.987987987987988,0.91006006006006,0.08993993993993994
607,YJL209W YPR100W,1.0,NA,7.879893360041024e-07,657,6061,599,9,0.17144417144417146,0.09779696338195891,0.9864864864864865,0.91006006006006,0.08993993993993994
608,YPL267W YLR466W,0.0,NA,8.026862019505643e-07,657,6060,600,9,0.17158067158067158,0.09781152300133988,0.9864864864864865,0.9099099099099099,0.09009009009009009
609,YDR259C YJL198W,0.0,NA,8.044771675486118e-07,657,6059,601,9,0.1717171717171717,0.09782608695652174,0.9864864864864865,0.9097597597597598,0.09024024024024024
610,YDR088C YFL048C,0.0,NA,8.054628324316582e-07,657,6058,602,9,0.17185367185367184,0.09784065524944155,0.9864864864864865,0.9096096096096096,0.09039039039039039
611,YNL145W YKR026C,0.0,NA,8.057386366999708e-07,657,6057,603,9,0.171990171990172,0.09785522788203753,0.9864864864864865,0.9094594594594595,0.09054054054054055
612,YGR185C YDL089W,0.0,NA,8.081389069047873e-07,657,6056,604,9,0.17212667212667213,0.09786980485624906,0.9864864864864865,0.9093093093093093,0.09069069069069069
613,YGR274C YJR013W,0.0,NA,8.115440550682251e-07,657,6055,605,9,0.17226317226317225,0.09788438617401668,0.9864864864864865,0.9091591591591591,0.09084084084084085
614,YLR277C YLR027C,0.0,NA,8.121232326629979e-07,657,6054,606,9,0.1723996723996724,0.09789897183728208,0.9864864864864865,0.909009009009009,0.09099099099099099
615,YJL148W YLR160C,0.0,NA,8.146271284203976e-07,657,6053,607,9,0.17253617253617254,0.09791356184798808,0.9864864864864865,0.9088588588588589,0.09114114114114114
616,YPL031C YML015C,0.0,NA,8.221414873332833e-07,657,6052,608,9,0.17267267267267267,0.0979281562080787,0.9864864864864865,0.9087087087087087,0.0912912912912913
617,YCL038C YMR079W,0.0,NA,8.243837896770856e-07,657,6051,609,9,0.17280917280917282,0.09794275491949911,0.9864864864864865,0.9085585585585586,0.09144144144144144
618,YOR039W YJR024C,0.0,NA,8.359823482351203e-07,657,6050,610,9,0.17294567294567295,0.09795735798419562,0.9864864864864865,0.9084084084084084,0.0915915915915916
619,YIL017C YDR324C,0.0,NA,8.381081215702579e-07,657,6049,611,9,0.17308217308217308,0.09797196540411572,0.9864864864864865,0.9082582582582582,0.09174174174174174
620,YDL171C YDL191W,0.0,NA,8.383983072235424e-07,657,6048,612,9,0.1732186732186732,0.09798657718120805,0.9864864864864865,0.9081081081081082,0.0918918918918919
621,YOR167C YMR138W,0.0,NA,8.420602171099745e-07,657,6047,613,9,0.17335517335517336,0.09800119331742244,0.9864864864864865,0.907957957957958,0.09204204204204204
622,YMR053C YPL030W,0.0,NA,8.45605995891674e-07,657,6046,614,9,0.1734916734916735,0.09801581381470983,0.9864864864864865,0.9078078078078078,0.0921921921921922
623,YOL142W YER159C,0.0,NA,8.477165920339758e-07,657,6045,615,9,0.17362817362817362,0.09803043867502238,0.9864864864864865,0.9076576576576577,0.09234234234234234
624,YDR524C YPR181C,0.0,NA,8.483555120619712e-07,657,6044,616,9,0.17376467376467378,0.09804506790031339,0.9864864864864865,0.9075075075075075,0.09249249249249249
625,YCL040W YGL048C,0.0,NA,8.485966986881976e-07,657,6043,617,9,0.1739011739011739,0.09805970149253732,0.9864864864864865,0.9073573573573573,0.09264264264264264
626,YDR208W YGR092W,0.0,NA,8.687835020282364e-07,657,6042,618,9,0.17403767403767403,0.0980743394536498,0.9864864864864865,0.9072072072072072,0.09279279279279279
627,YGL056C YDL061C,0.0,NA,8.853434678712802e-07,657,6041,619,9,0.17417417417417416,0.09808898178560764,0.9864864864864865,0.9070570570570571,0.09294294294294295
628,YDR342C YKL040C,0.0,NA,8.891799438970338e-07,657,6040,620,9,0.17431067431067432,0.09810362849036883,0.9864864864864865,0.9069069069069069,0.09309309309309309
629,YGR108W YKR049C,0.0,NA,8.966335371951573e-07,657,6039,621,9,0.17444717444717445,0.09811827956989247,0.9864864864864865,0.9067567567567567,0.09324324324324325
630,YDL089W YJR063W,0.0,NA,8.982939334600815e-07,657,6038,622,9,0.17458367458367458,0.09813293502613891,0.9864864864864865,0.9066066066066066,0.09339339339339339
631,YDR534C YOR052C,0.0,NA,9.156810278909688e-07,657,6037,623,9,0.17472017472017473,0.09814759486106961,0.9864864864864865,0.9064564564564564,0.09354354354354355
632,YMR115W YDR447C,0.0,NA,9.257257715944434e-07,657,6036,624,9,0.17485667485667486,0.09816225907664725,0.9864864864864865,0.9063063063063063,0.0936936936936937
633,YGR279C YKR026C,0.0,NA,9.267266136703256e-07,657,6035,625,9,0.174993174993175,0.09817692767483563,0.9864864864864865,0.9061561561561562,0.09384384384384384
634,YER020W YNL297C,0.0,NA,9.297354495174659e-07,657,6034,626,9,0.17512967512967512,0.09819160065759976,0.9864864864864865,0.906006006006006,0.093993993993994
635,YCL055W YLR272C,0.0,NA,9.33395710944751e-07,657,6033,627,9,0.17526617526617527,0.09820627802690583,0.9864864864864865,0.9058558558558558,0.09414414414414414
636,YIL079C YGR229C,0.0,NA,9.526689268568589e-07,657,6032,628,9,0.1754026754026754,0.09822095978472119,0.9864864864864865,0.9057057057057057,0.0942942942942943
637,YNL251C YJL177W,0.0,NA,9.543985015625367e-07,657,6031,629,9,0.17553917553917553,0.09823564593301436,0.9864864864864865,0.9055555555555556,0.09444444444444444
638,YDR351W YFL027C,0.0,NA,9.63000957199256e-07,657,6030,630,9,0.17567567567567569,0.09825033647375504,0.9864864864864865,0.9054054054054054,0.0945945945945946
639,YPR138C YLR451W,0.0,NA,9.647143315305584e-07,657,6029,631,9,0.1758121758121758,0.09826503140891416,0.9864864864864865,0.9052552552552553,0.09474474474474474
640,YLR388W YGR046W,0.0,NA,9.705881893751211e-07,657,6028,632,9,0.17594867594867594,0.09827973074046373,0.9864864864864865,0.9051051051051051,0.0948948948948949
641,YML088W YGR220C,0.0,NA,9.802540716918884e-07,657,6027,633,9,0.1760851760851761,0.09829443447037702,0.9864864864864865,0.9049549549549549,0.09504504504504505
642,YLL034C YFL002C,0.0,NA,9.956054327631136e-07,657,6026,634,9,0.17622167622167623,0.09830914260062847,0.9864864864864865,0.9048048048048049,0.09519519519519519
643,YEL060C YHR029C,0.0,NA,9.956936537491856e-07,657,6025,635,9,0.17635817635817636,0.09832385513319365,0.9864864864864865,0.9046546546546547,0.09534534534534535
644,YOL072W YGL195W,0.0,NA,9.95870323095005e-07,657,6024,636,9,0.17649467649467648,0.0983385720700494,0.9864864864864865,0.9045045045045045,0.09549549549549549
645,YDR003W YOL104C,0.0,NA,9.974414751923177e-07,657,6023,637,9,0.17663117663117664,0.09835329341317366,0.9864864864864865,0.9043543543543544,0.09564564564564565
646,YGL084C YDR406W,0.0,NA,9.987131761590717e-07,657,6022,638,9,0.17676767676767677,0.09836801916454559,0.9864864864864865,0.9042042042042042,0.0957957957957958
647,YJR155W YER072W,0.0,NA,1.0047613159258617e-06,657,6021,639,9,0.1769041769041769,0.09838274932614555,0.9864864864864865,0.904054054054054,0.09594594594594595
648,YJR072C YKL072W,0.0,NA,1.0062601631943835e-06,657,6020,640,9,0.17704067704067705,0.09839748389995506,0.9864864864864865,0.9039039039039038,0.0960960960960961
649,YDR437W YHR029C,0.0,NA,1.0121270861418452e-06,657,6019,641,9,0.17717717717717718,0.09841222288795685,0.9864864864864865,0.9037537537537538,0.09624624624624625
650,YHL022C YOR007C,0.0,NA,1.0237179139949149e-06,657,6018,642,9,0.1773136773136773,0.09842696629213483,0.9864864864864865,0.9036036036036036,0.0963963963963964
651,YOL137W YOL104C,0.0,NA,1.0381903621237143e-06,657,6017,643,9,0.17745017745017744,0.09844171411447408,0.9864864864864865,0.9034534534534534,0.09654654654654654
652,YPL246C YGR188C,0.0,NA,1.0381992296970566e-06,657,6016,644,9,0.1775866775866776,0.09845646635696088,0.9864864864864865,0.9033033033033033,0.0966966966966967
653,YDR180W YDL092W,0.0,NA,1.0469907465449069e-06,657,6015,645,9,0.17772317772317772,0.09847122302158273,0.9864864864864865,0.9031531531531531,0.09684684684684684
654,YIL097W YLR277C,0.0,NA,1.048080662258144e-06,657,6014,646,9,0.17785967785967785,0.09848598411032829,0.9864864864864865,0.903003003003003,0.096996996996997
655,YBL050W YNR043W,0.0,NA,1.0511797654544353e-06,657,6013,647,9,0.177996177996178,0.0985007496251874,0.9864864864864865,0.9028528528528529,0.09714714714714714
656,YDL061C YOR007C,0.0,NA,1.0549840681051137e-06,657,6012,648,9,0.17813267813267813,0.09851551956815115,0.9864864864864865,0.9027027027027027,0.0972972972972973
657,YIL079C YGL092W,0.0,NA,1.0656764288796694e-06,657,6011,649,9,0.17826917826917826,0.09853029394121175,0.9864864864864865,0.9025525525525525,0.09744744744744745
658,YGR023W YGL008C,0.0,NA,1.0709856042012689e-06,657,6010,650,9,0.17840567840567842,0.09854507274636268,0.9864864864864865,0.9024024024024024,0.09759759759759759
659,YDL225W YML123C,0.0,NA,1.0721250873757526e-06,657,6009,651,9,0.17854217854217855,0.09855985598559856,0.9864864864864865,0.9022522522522523,0.09774774774774775
660,YMR091C YJL177W,0.0,NA,1.0746606449174578e-06,657,6008,652,9,0.17867867867867868,0.09857464366091523,0.9864864864864865,0.9021021021021021,0.09789789789789789
661,YDR363W-A YOR270C,0.0,NA,1.0851084653040743e-06,657,6007,653,9,0.1788151788151788,0.09858943577430973,0.9864864864864865,0.901951951951952,0.09804804804804805
662,YHR092C YMR188C,1.0,NA,1.086134489014512e-06,656,6007,653,10,0.17867867867867868,0.0984541497823803,0.984984984984985,0.901951951951952,0.09804804804804805
663,YLR320W YHL022C,0.0,NA,1.0959598739646026e-06,656,6006,654,10,0.1788151788151788,0.09846892824977484,0.984984984984985,0.9018018018018018,0.0981981981981982
664,YPL028W YNL059C,0.0,NA,1.0997458730344079e-06,656,6005,655,10,0.17895167895167896,0.0984837111544813,0.984984984984985,0.9016516516516516,0.09834834834834835
665,YCR060W YAL038W,0.0,NA,1.103616455111478e-06,656,6004,656,10,0.1790881790881791,0.0984984984984985,0.984984984984985,0.9015015015015015,0.0984984984984985
666,YHR010W YJR058C,0.0,NA,1.1176940688528703e-06,656,6003,657,10,0.17922467922467922,0.0985132902838264,0.984984984984985,0.9013513513513514,0.09864864864864865
667,YKR100C YOR288C,0.0,NA,1.1192204283361207e-06,656,6002,658,10,0.17936117936117937,0.09852808651246621,0.984984984984985,0.9012012012012012,0.0987987987987988
668,YHL011C YDR159W,0.0,NA,1.1235988495172933e-06,656,6001,659,10,0.1794976794976795,0.0985428871864203,0.984984984984985,0.9010510510510511,0.09894894894894894
669,YFL021W YGL044C,0.0,NA,1.1287291954431566e-06,656,6000,660,10,0.17963417963417963,0.0985576923076923,0.984984984984985,0.9009009009009009,0.0990990990990991
670,YNL145W YPL246C,0.0,NA,1.1344293397996807e-06,656,5999,661,10,0.17977067977067976,0.098572501878287,0.984984984984985,0.9007507507507507,0.09924924924924924
671,YHL033C YOR025W,0.0,NA,1.1412678304623114e-06,656,5998,662,10,0.17990717990717991,0.0985873159002104,0.984984984984985,0.9006006006006007,0.0993993993993994
672,YDL113C YBL079W,0.0,NA,1.147838815995783e-06,656,5997,663,10,0.18004368004368004,0.09860213437546972,0.984984984984985,0.9004504504504505,0.09954954954954955
673,YPL086C YDL092W,0.0,NA,1.152703930529242e-06,656,5996,664,10,0.18018018018018017,0.09861695730607337,0.984984984984985,0.9003003003003003,0.0996996996996997
674,YNL129W YJR099W,0.0,NA,1.1543397704372182e-06,656,5995,665,10,0.18031668031668033,0.09863178469403097,0.984984984984985,0.9001501501501501,0.09984984984984985
675,YOR040W YNR058W,0.0,NA,1.1599987601584871e-06,656,5994,666,10,0.18045318045318046,0.09864661654135339,0.984984984984985,0.9,0.1
676,YAL034C YFL002C,0.0,NA,1.169581878457393e-06,656,5993,667,10,0.18058968058968058,0.09866145285005264,0.984984984984985,0.8998498498498498,0.10015015015015015
677,YDR343C YMR016C,0.0,NA,1.1702669553415035e-06,656,5992,668,10,0.1807261807261807,0.098676293622142,0.984984984984985,0.8996996996996997,0.1003003003003003
678,YDR297W YDR481C,0.0,NA,1.1709657883329783e-06,656,5991,669,10,0.18086268086268087,0.09869113885963593,0.984984984984985,0.8995495495495496,0.10045045045045045
679,YLR216C YPL155C,0.0,NA,1.18570358154102e-06,656,5990,670,10,0.180999180999181,0.09870598856455011,0.984984984984985,0.8993993993993994,0.1006006006006006
680,YLR340W YGR262C,0.0,NA,1.1965722706008819e-06,656,5989,671,10,0.18113568113568113,0.09872084273890143,0.984984984984985,0.8992492492492492,0.10075075075075075
681,YGL121C YFL050C,0.0,NA,1.197674009745242e-06,656,5988,672,10,0.18127218127218128,0.09873570138470801,0.984984984984985,0.8990990990990991,0.1009009009009009
682,YLR459W YOR229W,0.0,NA,1.1991505743935704e-06,656,5987,673,10,0.1814086814086814,0.09875056450398915,0.984984984984985,0.898948948948949,0.10105105105105106
683,YIL030C YLR090W,0.0,NA,1.2003267784166383e-06,656,5986,674,10,0.18154518154518154,0.09876543209876543,0.984984984984985,0.8987987987987988,0.1012012012012012
684,YPR070W YPR145W,0.0,NA,1.2069235708622728e-06,656,5985,675,10,0.1816816816816817,0.09878030417105857,0.984984984984985,0.8986486486486487,0.10135135135135136
685,YIL160C YLR172C,0.0,NA,1.2119767234253231e-06,656,5984,676,10,0.18181818181818182,0.09879518072289156,0.984984984984985,0.8984984984984985,0.1015015015015015
686,YER020W YFR032C-A,0.0,NA,1.2150111388109508e-06,656,5983,677,10,0.18195468195468195,0.09881006175628859,0.984984984984985,0.8983483483483483,0.10165165165165164
687,YGL107C YIR031C,1.0,NA,1.2155372814959264e-06,655,5983,677,11,0.18181818181818182,0.09867429948779753,0.9834834834834835,0.8983483483483483,0.10165165165165164
688,YHR152W YBL031W,0.0,NA,1.217983253809507e-06,655,5982,678,11,0.18195468195468195,0.0986891667922254,0.9834834834834835,0.8981981981981982,0.1018018018018018
689,YBR078W YPR049C,0.0,NA,1.2239240732014878e-06,655,5981,679,11,0.18209118209118208,0.0987040385774563,0.9834834834834835,0.898048048048048,0.10195195195195195
690,YBL020W YPL024W,0.0,NA,1.2242649063409772e-06,655,5980,680,11,0.18222768222768224,0.0987189148455162,0.9834834834834835,0.8978978978978979,0.1021021021021021
691,YFL020C YJL197W,0.0,NA,1.2252191936568124e-06,655,5979,681,11,0.18236418236418236,0.09873379559843232,0.9834834834834835,0.8977477477477478,0.10225225225225225
692,YDR180W YFL048C,0.0,NA,1.2357322702882811e-06,655,5978,682,11,0.1825006825006825,0.09874868083823307,0.9834834834834835,0.8975975975975976,0.1024024024024024
693,YJL162C YHR025W,0.0,NA,1.2394784789648838e-06,655,5977,683,11,0.18263718263718265,0.09876357056694814,0.9834834834834835,0.8974474474474474,0.10255255255255255
694,YDR119W YHR104W,0.0,NA,1.2450490203264053e-06,655,5976,684,11,0.18277368277368278,0.09877846478660836,0.9834834834834835,0.8972972972972973,0.10270270270270271
695,YGR274C YPL110C,0.0,NA,1.2537911970866844e-06,655,5975,685,11,0.1829101829101829,0.09879336349924585,0.9834834834834835,0.8971471471471472,0.10285285285285285
696,YOR339C YGL095C,0.0,NA,1.2595173757290468e-06,655,5974,686,11,0.18304668304668303,0.09880826670689395,0.9834834834834835,0.896996996996997,0.103003003003003
697,YCL039W YBR247C,0.0,NA,1.267405991711712e-06,655,5973,687,11,0.1831831831831832,0.09882317441158721,0.9834834834834835,0.8968468468468469,0.10315315315315315
698,YBR145W YJL151C,0.0,NA,1.2764915027219104e-06,655,5972,688,11,0.18331968331968332,0.0988380866153614,0.9834834834834835,0.8966966966966967,0.1033033033033033
699,YDR179C YHR084W,0.0,NA,1.2931528772242018e-06,655,5971,689,11,0.18345618345618345,0.09885300332025354,0.9834834834834835,0.8965465465465465,0.10345345345345346
700,YGR271C-A YMR229C,0.0,NA,1.3116519994582632e-06,655,5970,690,11,0.1835926835926836,0.09886792452830188,0.9834834834834835,0.8963963963963963,0.1036036036036036
701,YNL008C YDR324C,0.0,NA,1.3176272659620736e-06,655,5969,691,11,0.18372918372918373,0.09888285024154589,0.9834834834834835,0.8962462462462463,0.10375375375375376
702,YMR069W YIL047C,0.0,NA,1.3279982340463903e-06,655,5968,692,11,0.18386568386568386,0.09889778046202627,0.9834834834834835,0.8960960960960961,0.1039039039039039
703,YDL171C YNL318C,0.0,NA,1.3292893754623947e-06,655,5967,693,11,0.18400218400218402,0.09891271519178496,0.9834834834834835,0.8959459459459459,0.10405405405405406
704,YER003C YEL060C,0.0,NA,1.33115679545881e-06,655,5966,694,11,0.18413868413868414,0.09892765443286512,0.9834834834834835,0.8957957957957958,0.1042042042042042
705,YNL133C YHL024W,0.0,NA,1.3553431017498951e-06,655,5965,695,11,0.18427518427518427,0.09894259818731117,0.9834834834834835,0.8956456456456456,0.10435435435435435
706,YDR151C YOR116C,0.0,NA,1.3584992757387226e-06,655,5964,696,11,0.1844116844116844,0.09895754645716875,0.9834834834834835,0.8954954954954955,0.1045045045045045
707,YGR080W YDL070W,0.0,NA,1.3624305665871361e-06,655,5963,697,11,0.18454818454818456,0.09897249924448474,0.9834834834834835,0.8953453453453454,0.10465465465465465
708,YGL044C YGR284C,0.0,NA,1.370872269035317e-06,655,5962,698,11,0.18468468468468469,0.09898745655130724,0.9834834834834835,0.8951951951951952,0.10480480480480481
709,YER148W YPR134W,0.0,NA,1.3749219078817987e-06,655,5961,699,11,0.18482118482118481,0.09900241837968561,0.9834834834834835,0.895045045045045,0.10495495495495495
710,YDR236C YPL123C,0.0,NA,1.375960664518061e-06,655,5960,700,11,0.18495768495768497,0.09901738473167045,0.9834834834834835,0.8948948948948949,0.10510510510510511
711,YBL020W YJL186W,0.0,NA,1.3805426988255931e-06,655,5959,701,11,0.1850941850941851,0.09903235560931357,0.9834834834834835,0.8947447447447447,0.10525525525525525
712,YML124C YBR086C,0.0,NA,1.4251402262743795e-06,655,5958,702,11,0.18523068523068523,0.09904733101466807,0.9834834834834835,0.8945945945945946,0.10540540540540541
713,YOR046C YGR279C,0.0,NA,1.4427647556658485e-06,655,5957,703,11,0.18536718536718536,0.09906231094978826,0.9834834834834835,0.8944444444444445,0.10555555555555556
714,YBL051C YGL032C,0.0,NA,1.4607450111725484e-06,655,5956,704,11,0.1855036855036855,0.09907729541672969,0.9834834834834835,0.8942942942942943,0.1057057057057057
715,YAL036C YLR436C,0.0,NA,1.4619699868489988e-06,655,5955,705,11,0.18564018564018564,0.09909228441754916,0.9834834834834835,0.8941441441441441,0.10585585585585586
716,YAL029C YER129W,0.0,NA,1.46801107803185e-06,655,5954,706,11,0.18577668577668577,0.09910727795430474,0.9834834834834835,0.893993993993994,0.106006006006006
717,YKL208W YDL243C,0.0,NA,1.4691764818053343e-06,655,5953,707,11,0.18591318591318592,0.09912227602905568,0.9834834834834835,0.8938438438438439,0.10615615615615616
718,YER090W YBR014C,0.0,NA,1.471554583076795e-06,655,5952,708,11,0.18604968604968605,0.09913727864386257,0.9834834834834835,0.8936936936936937,0.1063063063063063
719,YOR130C YOR007C,0.0,NA,1.4797619769524317e-06,655,5951,709,11,0.18618618618618618,0.09915228580078717,0.9834834834834835,0.8935435435435436,0.10645645645645646
720,YLR172C YDR129C,0.0,NA,1.4906881915521808e-06,655,5950,710,11,0.1863226863226863,0.0991672975018925,0.9834834834834835,0.8933933933933934,0.1066066066066066
721,YOR312C YGL130W,0.0,NA,1.498772007835214e-06,655,5949,711,11,0.18645918645918647,0.09918231374924288,0.9834834834834835,0.8932432432432432,0.10675675675675676
722,YOR167C YDR412W,0.0,NA,1.5081677702255547e-06,655,5948,712,11,0.1865956865956866,0.09919733454490383,0.9834834834834835,0.893093093093093,0.1069069069069069
723,YGR057C YHR104W,0.0,NA,1.5107590343177435e-06,655,5947,713,11,0.18673218673218672,0.09921235989094214,0.9834834834834835,0.892942942942943,0.10705705705705705
724,YGR279C YKL072W,0.0,NA,1.533590193503187e-06,655,5946,714,11,0.18686868686868688,0.09922738978942584,0.9834834834834835,0.8927927927927928,0.10720720720720721
725,YJL198W YBL040C,0.0,NA,1.563227669976186e-06,655,5945,715,11,0.187005187005187,0.09924242424242424,0.9834834834834835,0.8926426426426426,0.10735735735735735
726,YFL007W YGR185C,0.0,NA,1.5703565168223577e-06,655,5944,716,11,0.18714168714168714,0.09925746325200788,0.9834834834834835,0.8924924924924925,0.10750750750750751
727,YGL238W YLR373C,0.0,NA,1.5741891274956288e-06,655,5943,717,11,0.1872781872781873,0.09927250682024856,0.9834834834834835,0.8923423423423423,0.10765765765765765
728,YER113C YMR115W,0.0,NA,1.5797219248270267e-06,655,5942,718,11,0.18741468741468742,0.09928755494921934,0.9834834834834835,0.8921921921921921,0.10780780780780781
729,YDR143C YGR142W,0.0,NA,1.5834157238714397e-06,655,5941,719,11,0.18755118755118755,0.09930260764099454,0.9834834834834835,0.8920420420420421,0.10795795795795796
730,YPL042C YMR230W,0.0,NA,1.585101813361689e-06,655,5940,720,11,0.18768768768768768,0.09931766489764973,0.9834834834834835,0.8918918918918919,0.10810810810810811
731,YLR216C YFL024C,0.0,NA,1.5859183122302056e-06,655,5939,721,11,0.18782418782418783,0.09933272672126175,0.9834834834834835,0.8917417417417417,0.10825825825825826
732,YLL034C YDR414C,0.0,NA,1.5991772670531645e-06,655,5938,722,11,0.18796068796068796,0.09934779311390869,0.9834834834834835,0.8915915915915916,0.1084084084084084
733,YHR031C YPL104W,0.0,NA,1.6020254633986042e-06,655,5937,723,11,0.1880971880971881,0.09936286407766991,0.9834834834834835,0.8914414414414414,0.10855855855855856
734,YGR055W YHR061C,0.0,NA,1.6163281770786853e-06,655,5936,724,11,0.18823368823368825,0.099377939614626,0.9834834834834835,0.8912912912912913,0.1087087087087087
735,YLR139C YIR031C,1.0,NA,1.6214290781135787e-06,654,5936,724,12,0.1880971880971881,0.0992412746585736,0.9819819819819819,0.8912912912912913,0.1087087087087087
736,YKR061W YFL059W,0.0,NA,1.6464477994304616e-06,654,5935,725,12,0.18823368823368825,0.09925633631810593,0.9819819819819819,0.8911411411411412,0.10885885885885886
737,YJR006W YDL028C,0.0,NA,1.665823674557032e-06,654,5934,726,12,0.18837018837018837,0.09927140255009108,0.9819819819819819,0.890990990990991,0.109009009009009
738,YPR178W YPL057C,0.0,NA,1.687502617642167e-06,654,5933,727,12,0.1885066885066885,0.0992864733566115,0.9819819819819819,0.8908408408408408,0.10915915915915916
739,YNL302C YMR204C,0.0,NA,1.6889645166884293e-06,654,5932,728,12,0.18864318864318863,0.09930154873975099,0.9819819819819819,0.8906906906906907,0.10930930930930931
740,YMR276W YBL072C,0.0,NA,1.6941589819907676e-06,654,5931,729,12,0.1887796887796888,0.09931662870159454,0.9819819819819819,0.8905405405405405,0.10945945945945947
741,YLL031C YKL010C,0.0,NA,1.700345364952227e-06,654,5930,730,12,0.18891618891618892,0.09933171324422843,0.9819819819819819,0.8903903903903904,0.10960960960960961
742,YHL040C YPL028W,0.0,NA,1.7017015352394083e-06,654,5929,731,12,0.18905268905268904,0.09934680236974024,0.9819819819819819,0.8902402402402403,0.10975975975975975
743,YHR069C YDL022W,0.0,NA,1.7064680832845625e-06,654,5928,732,12,0.1891891891891892,0.09936189608021878,0.9819819819819819,0.8900900900900901,0.10990990990990991
744,YDL048C YKR025W,0.0,NA,1.7090234223360312e-06,654,5927,733,12,0.18932568932568933,0.09937699437775414,0.9819819819819819,0.8899399399399399,0.11006006006006006
745,YCL043C YKL135C,0.0,NA,1.7100570630645962e-06,654,5926,734,12,0.18946218946218946,0.09939209726443769,0.9819819819819819,0.8897897897897898,0.11021021021021021
746,YIL097W YER155C,0.0,NA,1.7256533055842738e-06,654,5925,735,12,0.18959868959868958,0.09940720474236206,0.9819819819819819,0.8896396396396397,0.11036036036036036
747,YML026C YDR341C,0.0,NA,1.7364101267958176e-06,654,5924,736,12,0.18973518973518974,0.09942231681362117,0.9819819819819819,0.8894894894894895,0.11051051051051052
748,YJL020C YGL110C,0.0,NA,1.7368323597111157e-06,654,5923,737,12,0.18987168987168987,0.09943743348031017,0.9819819819819819,0.8893393393393393,0.11066066066066066
749,YNL169C YPR049C,0.0,NA,1.7376573850924615e-06,654,5922,738,12,0.19000819000819,0.09945255474452555,0.9819819819819819,0.8891891891891892,0.11081081081081082
750,YMR176W YFL027C,0.0,NA,1.7409815882274415e-06,654,5921,739,12,0.19014469014469015,0.09946768060836501,0.9819819819819819,0.889039039039039,0.11096096096096096
751,YBR173C YPL011C,0.0,NA,1.7651814232522156e-06,654,5920,740,12,0.19028119028119028,0.09948281107392759,0.9819819819819819,0.8888888888888888,0.1111111111111111
752,YIL097W YIR023W,0.0,NA,1.7667391603026772e-06,654,5919,741,12,0.1904176904176904,0.09949794614331356,0.9819819819819819,0.8887387387387388,0.11126126126126126
753,YGR204W YBR058C,0.0,NA,1.7705680193103035e-06,654,5918,742,12,0.19055419055419057,0.09951308581862446,0.9819819819819819,0.8885885885885886,0.1114114114114114
754,YOR079C YBR070C,0.0,NA,1.783367679308867e-06,654,5917,743,12,0.1906906906906907,0.09952823010196317,0.9819819819819819,0.8884384384384384,0.11156156156156156
755,YDL028C YER075C,0.0,NA,1.7857264538179152e-06,654,5916,744,12,0.19082719082719082,0.09954337899543379,0.9819819819819819,0.8882882882882883,0.11171171171171171
756,YDR342C YIL144W,0.0,NA,1.8144098703487543e-06,654,5915,745,12,0.19096369096369095,0.09955853250114173,0.9819819819819819,0.8881381381381381,0.11186186186186187
757,YGL135W YGR258C,0.0,NA,1.8155002408093424e-06,654,5914,746,12,0.1911001911001911,0.09957369062119367,0.9819819819819819,0.887987987987988,0.11201201201201201
758,YJL198W YOR069W,0.0,NA,1.8206898175776587e-06,654,5913,747,12,0.19123669123669124,0.09958885335769758,0.9819819819819819,0.8878378378378379,0.11216216216216217
759,YOR381W YHR096C,0.0,NA,1.8455803001415916e-06,654,5912,748,12,0.19137319137319136,0.09960402071276271,0.9819819819819819,0.8876876876876877,0.11231231231231231
760,YLR388W YPL001W,0.0,NA,1.8475861907063518e-06,654,5911,749,12,0.19150969150969152,0.09961919268849961,0.9819819819819819,0.8875375375375375,0.11246246246246246
761,YIL168W YKL114C,0.0,NA,1.8606833691592328e-06,654,5910,750,12,0.19164619164619165,0.09963436928702012,0.9819819819819819,0.8873873873873874,0.11261261261261261
762,YGL130W YPL129W,0.0,NA,1.8658151930139866e-06,654,5909,751,12,0.19178269178269178,0.0996495505104373,0.9819819819819819,0.8872372372372372,0.11276276276276276
763,YOR344C YDR436W,0.0,NA,1.8707113440541434e-06,654,5908,752,12,0.1919191919191919,0.09966473636086559,0.9819819819819819,0.8870870870870871,0.11291291291291292
764,YKL159C YKL108W,0.0,NA,1.8709844198383507e-06,654,5907,753,12,0.19205569205569206,0.09967992684042067,0.9819819819819819,0.886936936936937,0.11306306306306306
765,YNL230C YDR371W,0.0,NA,1.8817136151483282e-06,654,5906,754,12,0.1921921921921922,0.09969512195121952,0.9819819819819819,0.8867867867867868,0.11321321321321322
766,YGL070C YGR004W,0.0,NA,1.9022414790015318e-06,654,5905,755,12,0.19232869232869232,0.0997103216953804,0.9819819819819819,0.8866366366366366,0.11336336336336336
767,YBL074C YHR164C,0.0,NA,1.9254298422310967e-06,654,5904,756,12,0.19246519246519248,0.09972552607502287,0.9819819819819819,0.8864864864864865,0.11351351351351352
768,YGR078C YGL147C,0.0,NA,1.934918827828369e-06,654,5903,757,12,0.1926016926016926,0.0997407350922678,0.9819819819819819,0.8863363363363364,0.11366366366366366
769,YLR409C YLR093C,0.0,NA,1.935306499945e-06,654,5902,758,12,0.19273819273819273,0.09975594874923734,0.9819819819819819,0.8861861861861862,0.11381381381381381
770,YLR028C YPR001W,1.0,NA,1.9434296518738847e-06,653,5902,758,13,0.1926016926016926,0.0996186117467582,0.9804804804804805,0.8861861861861862,0.11381381381381381
771,YNL302C YIL071C,0.0,NA,1.9577794319047825e-06,653,5901,759,13,0.19273819273819273,0.09963381141287764,0.9804804804804805,0.8860360360360361,0.11396396396396397
772,YDL080C YMR079W,0.0,NA,1.9661206351884175e-06,653,5900,760,13,0.1928746928746929,0.09964901571799176,0.9804804804804805,0.8858858858858859,0.11411411411411411
773,YCR057C YGR258C,0.0,NA,1.9667188553285087e-06,653,5899,761,13,0.19301119301119302,0.09966422466422467,0.9804804804804805,0.8857357357357357,0.11426426426426427
774,YBR188C YDR522C,0.0,NA,1.9667843389470363e-06,653,5898,762,13,0.19314769314769314,0.09967943825370172,0.9804804804804805,0.8855855855855855,0.11441441441441441
775,YMR058W YER147C,0.0,NA,1.968503283933387e-06,653,5897,763,13,0.19328419328419327,0.09969465648854962,0.9804804804804805,0.8854354354354355,0.11456456456456457
776,YPR143W YKL010C,0.0,NA,1.9700901248143055e-06,653,5896,764,13,0.19342069342069343,0.09970987937089631,0.9804804804804805,0.8852852852852853,0.11471471471471471
777,YGR072W YNL006W,0.0,NA,1.970977336895885e-06,653,5895,765,13,0.19355719355719356,0.0997251069028711,0.9804804804804805,0.8851351351351351,0.11486486486486487
778,YGL001C YKR104W,0.0,NA,1.977180545509327e-06,653,5894,766,13,0.19369369369369369,0.09974033908660455,0.9804804804804805,0.884984984984985,0.11501501501501502
779,YCR077C YPL050C,0.0,NA,1.9858846371789696e-06,653,5893,767,13,0.19383019383019384,0.09975557592422854,0.9804804804804805,0.8848348348348348,0.11516516516516516
780,YGR044C YBR078W,0.0,NA,1.9872106804541545e-06,653,5892,768,13,0.19396669396669397,0.09977081741787625,0.9804804804804805,0.8846846846846846,0.11531531531531532
781,YKL144C YNL297C,0.0,NA,1.990118107642047e-06,653,5891,769,13,0.1941031941031941,0.09978606356968216,0.9804804804804805,0.8845345345345346,0.11546546546546546
782,YML016C YLL002W,0.0,NA,1.999683718167944e-06,653,5890,770,13,0.19423969423969423,0.09980131438178205,0.9804804804804805,0.8843843843843844,0.11561561561561562
783,YMR139W YDR440W,0.0,NA,2.012081722568837e-06,653,5889,771,13,0.19437619437619438,0.09981656985631306,0.9804804804804805,0.8842342342342342,0.11576576576576576
784,YDL227C YLR320W,0.0,NA,2.013517587329261e-06,653,5888,772,13,0.1945126945126945,0.09983182999541354,0.9804804804804805,0.8840840840840841,0.11591591591591592
785,YDR342C YER157W,0.0,NA,2.0572445009747753e-06,653,5887,773,13,0.19464919464919464,0.09984709480122324,0.9804804804804805,0.8839339339339339,0.11606606606606606
786,YCR005C YLR028C,1.0,NA,2.0599184153979877e-06,652,5887,773,14,0.1945126945126945,0.09970943569353112,0.978978978978979,0.8839339339339339,0.11606606606606606
787,YFL024C YER075C,0.0,NA,2.070951040877844e-06,652,5886,774,14,0.19464919464919464,0.09972468644845518,0.978978978978979,0.8837837837837837,0.11621621621621622
788,YGL095C YLR093C,0.0,NA,2.071450580842793e-06,652,5885,775,14,0.1947856947856948,0.09973994186935903,0.978978978978979,0.8836336336336337,0.11636636636636637
789,YDR100W YKL216W,0.0,NA,2.084047082462348e-06,652,5884,776,14,0.19492219492219492,0.09975520195838433,0.978978978978979,0.8834834834834835,0.11651651651651651
790,YPR143W YPL250C,0.0,NA,2.0865506940026535e-06,652,5883,777,14,0.19505869505869505,0.09977046671767406,0.978978978978979,0.8833333333333333,0.11666666666666667
791,YJR064W YOL104C,0.0,NA,2.0890038285870105e-06,652,5882,778,14,0.19519519519519518,0.09978573614937251,0.978978978978979,0.8831831831831832,0.11681681681681681
792,YKL188C YJR043C,0.0,NA,2.093267539748922e-06,652,5881,779,14,0.19533169533169534,0.09980101025562528,0.978978978978979,0.883033033033033,0.11696696696696697
793,YML088W YNL071W,0.0,NA,2.105106887029251e-06,652,5880,780,14,0.19546819546819547,0.0998162890385793,0.978978978978979,0.8828828828828829,0.11711711711711711
794,YML052W YOR307C,0.0,NA,2.1152211502339924e-06,652,5879,781,14,0.1956046956046956,0.09983157250038278,0.978978978978979,0.8827327327327328,0.11726726726726727
795,YML123C YFL002C,0.0,NA,2.120237923008972e-06,652,5878,782,14,0.19574119574119575,0.09984686064318529,0.978978978978979,0.8825825825825826,0.11741741741741742
796,YJL105W YDR481C,0.0,NA,2.1237835881038336e-06,652,5877,783,14,0.19587769587769588,0.0998621534691377,0.978978978978979,0.8824324324324324,0.11756756756756757
797,YLR034C YFL024C,0.0,NA,2.1616970116156153e-06,652,5876,784,14,0.196014196014196,0.09987745098039216,0.978978978978979,0.8822822822822823,0.11771771771771772
798,YIL079C YMR091C,0.0,NA,2.163559429391171e-06,652,5875,785,14,0.19615069615069616,0.09989275317910219,0.978978978978979,0.8821321321321322,0.11786786786786786
799,YLR189C YOR025W,0.0,NA,2.1696280327887507e-06,652,5874,786,14,0.1962871962871963,0.09990806006742262,0.978978978978979,0.881981981981982,0.11801801801801802
800,YML011C YDR412W,0.0,NA,2.219198904640507e-06,652,5873,787,14,0.19642369642369642,0.09992337164750958,0.978978978978979,0.8818318318318318,0.11816816816816816
801,YCR057C YDR228C,0.0,NA,2.248973487439798e-06,652,5872,788,14,0.19656019656019655,0.09993868792152054,0.978978978978979,0.8816816816816817,0.11831831831831832
802,YDL236W YNL302C,0.0,NA,2.24932318815263e-06,652,5871,789,14,0.1966966966966967,0.0999540088916143,0.978978978978979,0.8815315315315315,0.11846846846846847
803,YOL032W YKL183W,0.0,NA,2.2515487216878682e-06,652,5870,790,14,0.19683319683319683,0.09996933455995094,0.978978978978979,0.8813813813813813,0.11861861861861862
804,YGR041W YGR043C,0.0,NA,2.255541630802327e-06,652,5869,791,14,0.19696969696969696,0.09998466492869192,0.978978978978979,0.8812312312312313,0.11876876876876877
805,YDL085W YOR046C,0.0,NA,2.26523366109177e-06,652,5868,792,14,0.19710619710619712,0.1,0.978978978978979,0.8810810810810811,0.11891891891891893
806,YMR005W YGL151W,0.0,NA,2.2703657123201992e-06,652,5867,793,14,0.19724269724269725,0.10001533977603927,0.978978978978979,0.8809309309309309,0.11906906906906907
807,YLR028C YGL068W,1.0,NA,2.2869508029543795e-06,651,5867,793,15,0.19710619710619712,0.09987726296409942,0.9774774774774775,0.8809309309309309,0.11906906906906907
808,YKL010C YPL050C,0.0,NA,2.294078512932174e-06,651,5866,794,15,0.19724269724269725,0.09989258861439312,0.9774774774774775,0.8807807807807808,0.11921921921921921
809,YCR021C YGR229C,0.0,NA,2.307720478711417e-06,651,5865,795,15,0.19737919737919737,0.09990791896869244,0.9774774774774775,0.8806306306306306,0.11936936936936937
810,YBR125C YDL191W,0.0,NA,2.317711505384068e-06,651,5864,796,15,0.1975156975156975,0.09992325402916347,0.9774774774774775,0.8804804804804804,0.11951951951951952
811,YMR257C YIR027C,0.0,NA,2.318352699148818e-06,651,5863,797,15,0.19765219765219766,0.0999385937979736,0.9774774774774775,0.8803303303303304,0.11966966966966967
812,YLR005W YOR069W,0.0,NA,2.3209076971397735e-06,651,5862,798,15,0.1977886977886978,0.09995393827729157,0.9774774774774775,0.8801801801801802,0.11981981981981982
813,YDR323C YDR351W,0.0,NA,2.3268783024832373e-06,651,5861,799,15,0.19792519792519792,0.09996928746928747,0.9774774774774775,0.88003003003003,0.11996996996996998
814,YOL158C YBR072W,0.0,NA,2.331870064153918e-06,651,5860,800,15,0.19806169806169807,0.0999846413761327,0.9774774774774775,0.8798798798798799,0.12012012012012012
815,YER157W YKR049C,0.0,NA,2.385598008913803e-06,651,5859,801,15,0.1981981981981982,0.1,0.9774774774774775,0.8797297297297297,0.12027027027027028
816,YCL063W YGL095C,0.0,NA,2.4679768557689385e-06,651,5858,802,15,0.19833469833469833,0.10001536334306345,0.9774774774774775,0.8795795795795796,0.12042042042042042
817,YJL066C YDL192W,0.0,NA,2.469274022587342e-06,651,5857,803,15,0.19847119847119848,0.10003073140749846,0.9774774774774775,0.8794294294294295,0.12057057057057056
818,YNL239W YMR285C,0.0,NA,2.4765283797023585e-06,651,5856,804,15,0.1986076986076986,0.1000461041954818,0.9774774774774775,0.8792792792792793,0.12072072072072072
819,YPR168W YCR066W,0.0,NA,2.4810908598738024e-06,651,5855,805,15,0.19874419874419874,0.10006148170919152,0.9774774774774775,0.8791291291291291,0.12087087087087087
820,YJL162C YBR208C,0.0,NA,2.514469997549895e-06,651,5854,806,15,0.19888069888069887,0.10007686395080707,0.9774774774774775,0.878978978978979,0.12102102102102102
821,YER075C YGR229C,0.0,NA,2.532884082029341e-06,651,5853,807,15,0.19901719901719903,0.10009225092250923,0.9774774774774775,0.8788288288288288,0.12117117117117117
822,YMR053C YBL031W,0.0,NA,2.5381457362527726e-06,651,5852,808,15,0.19915369915369915,0.10010764262648009,0.9774774774774775,0.8786786786786787,0.12132132132132133
823,YIL030C YBR017C,0.0,NA,2.5438187094550813e-06,651,5851,809,15,0.19929019929019928,0.10012303906490311,0.9774774774774775,0.8785285285285285,0.12147147147147147
824,YDR460W YNL290W,0.0,NA,2.5484614525339566e-06,651,5850,810,15,0.19942669942669944,0.10013844023996309,0.9774774774774775,0.8783783783783784,0.12162162162162163
825,YPL232W YLR238W,0.0,NA,2.584025651231059e-06,651,5849,811,15,0.19956319956319957,0.10015384615384615,0.9774774774774775,0.8782282282282282,0.12177177177177177
826,YOR040W YEL051W,0.0,NA,2.5865874704322778e-06,651,5848,812,15,0.1996996996996997,0.10016925680873981,0.9774774774774775,0.878078078078078,0.12192192192192192
827,YDR277C YGL048C,0.0,NA,2.5874558104987955e-06,651,5847,813,15,0.19983619983619982,0.10018467220683287,0.9774774774774775,0.877927927927928,0.12207207207207207
828,YOR046C YPL267W,0.0,NA,2.5895740236592246e-06,651,5846,814,15,0.19997269997269998,0.10020009235031553,0.9774774774774775,0.8777777777777778,0.12222222222222222
829,YLR216C YPL089C,0.0,NA,2.5897097657434642e-06,651,5845,815,15,0.2001092001092001,0.10021551724137931,0.9774774774774775,0.8776276276276276,0.12237237237237238
830,YDR324C YKL135C,0.0,NA,2.596862259451882e-06,651,5844,816,15,0.20024570024570024,0.10023094688221709,0.9774774774774775,0.8774774774774775,0.12252252252252252
831,YLL025W YOR009W,0.0,NA,2.612591060824343e-06,651,5843,817,15,0.2003822003822004,0.1002463812750231,0.9774774774774775,0.8773273273273273,0.12267267267267268
832,YPL183W-A YJL209W,1.0,NA,2.6135428470297484e-06,650,5843,817,16,0.20024570024570024,0.1001078084090559,0.975975975975976,0.8773273273273273,0.12267267267267268
833,YDR259C YDR208W,0.0,NA,2.6231691663269885e-06,650,5842,818,16,0.2003822003822004,0.10012322858903265,0.975975975975976,0.8771771771771771,0.12282282282282282
834,YOL109W YBR058C,0.0,NA,2.6273853563907323e-06,650,5841,819,16,0.20051870051870052,0.10013865352025882,0.975975975975976,0.8770270270270271,0.12297297297297298
835,YDR129C YOR116C,0.0,NA,2.6692516712500947e-06,650,5840,820,16,0.20065520065520065,0.10015408320493066,0.975975975975976,0.8768768768768769,0.12312312312312312
836,YDR461W YLR027C,0.0,NA,2.69028691946005e-06,650,5839,821,16,0.20079170079170078,0.1001695176452458,0.975975975975976,0.8767267267267267,0.12327327327327327
837,YIL135C YDR129C,0.0,NA,2.6954567147186026e-06,650,5838,822,16,0.20092820092820093,0.1001849568434032,0.975975975975976,0.8765765765765766,0.12342342342342343
838,YLR309C YPL030W,0.0,NA,2.7091641641163733e-06,650,5837,823,16,0.20106470106470106,0.10020040080160321,0.975975975975976,0.8764264264264264,0.12357357357357357
839,YCL043C YGL075C,0.0,NA,2.7278149445919553e-06,650,5836,824,16,0.2012012012012012,0.10021584952204748,0.975975975975976,0.8762762762762762,0.12372372372372373
840,YKL144C YOR045W,0.0,NA,2.7449129902379354e-06,650,5835,825,16,0.20133770133770135,0.1002313030069391,0.975975975975976,0.8761261261261262,0.12387387387387387
841,YDR341C YJR024C,0.0,NA,2.751173724391265e-06,650,5834,826,16,0.20147420147420148,0.10024676125848242,0.975975975975976,0.875975975975976,0.12402402402402403
842,YGR081C YCR084C,0.0,NA,2.7565629352466203e-06,650,5833,827,16,0.2016107016107016,0.10026222427888323,0.975975975975976,0.8758258258258258,0.12417417417417417
843,YLR028C YBR085W,1.0,NA,2.76319838121708e-06,649,5833,827,17,0.20147420147420148,0.10012341869793273,0.9744744744744744,0.8758258258258258,0.12417417417417417
844,YPL153C YLR310C,0.0,NA,2.7783578389062313e-06,649,5832,828,17,0.2016107016107016,0.10013886745872551,0.9744744744744744,0.8756756756756757,0.12432432432432433
845,YNL244C YGL167C,0.0,NA,2.7848861918755574e-06,649,5831,829,17,0.20174720174720176,0.10015432098765432,0.9744744744744744,0.8755255255255255,0.12447447447447448
846,YPR106W YMR036C,0.0,NA,2.797554316202877e-06,649,5830,830,17,0.2018837018837019,0.100169779286927,0.9744744744744744,0.8753753753753754,0.12462462462462462
847,YCL063W YML064C,0.0,NA,2.8292784008954186e-06,649,5829,831,17,0.20202020202020202,0.1001852423587527,0.9744744744744744,0.8752252252252253,0.12477477477477478
848,YCR057C YPR111W,0.0,NA,2.8385727546265116e-06,649,5828,832,17,0.20215670215670214,0.10020071020534198,0.9744744744744744,0.8750750750750751,0.12492492492492492
849,YML078W YFL020C,0.0,NA,2.9029986308160005e-06,649,5827,833,17,0.2022932022932023,0.10021618282890674,0.9744744744744744,0.8749249249249249,0.12507507507507507
850,YDL231C YBR029C,0.0,NA,2.915244522228022e-06,649,5826,834,17,0.20242970242970243,0.10023166023166023,0.9744744744744744,0.8747747747747747,0.12522522522522522
851,YDR429C YML012W,0.0,NA,2.9553466447396204e-06,649,5825,835,17,0.20256620256620256,0.10024714241581711,0.9744744744744744,0.8746246246246246,0.12537537537537538
852,YFR026C YNL083W,0.0,NA,2.961446398330736e-06,649,5824,836,17,0.20270270270270271,0.10026262938359339,0.9744744744744744,0.8744744744744745,0.12552552552552554
853,YPR178W YDR365C,0.0,NA,2.9996485864103306e-06,649,5823,837,17,0.20283920283920284,0.10027812113720642,0.9744744744744744,0.8743243243243243,0.12567567567567567
854,YKL099C YDR425W,0.0,NA,3.026769491043524e-06,649,5822,838,17,0.20297570297570297,0.10029361767887499,0.9744744744744744,0.8741741741741742,0.12582582582582583
855,YAL027W YLR013W,0.0,NA,3.068566911679227e-06,649,5821,839,17,0.2031122031122031,0.10030911901081917,0.9744744744744744,0.874024024024024,0.12597597597597598
856,YGL111W YJL020C,0.0,NA,3.1098793442652095e-06,649,5820,840,17,0.20324870324870326,0.10032462513526047,0.9744744744744744,0.8738738738738738,0.12612612612612611
857,YLR246W YLL019C,0.0,NA,3.1617432796338107e-06,649,5819,841,17,0.20338520338520338,0.10034013605442177,0.9744744744744744,0.8737237237237238,0.12627627627627627
858,YJR002W YBR211C,0.0,NA,3.1710164876130875e-06,649,5818,842,17,0.2035217035217035,0.1003556517705273,0.9744744744744744,0.8735735735735736,0.12642642642642643
859,YLR096W YDR277C,0.0,NA,3.202657353540417e-06,649,5817,843,17,0.20365820365820367,0.10037117228580265,0.9744744744744744,0.8734234234234234,0.1265765765765766
860,YPL243W YLR172C,0.0,NA,3.252865326430765e-06,649,5816,844,17,0.2037947037947038,0.10038669760247486,0.9744744744744744,0.8732732732732733,0.12672672672672672
861,YBR106W YNL316C,0.0,NA,3.261625124650891e-06,649,5815,845,17,0.20393120393120392,0.10040222772277228,0.9744744744744744,0.8731231231231231,0.12687687687687688
862,YLR025W YHR103W,0.0,NA,3.26573376696615e-06,649,5814,846,17,0.20406770406770408,0.10041776264892464,0.9744744744744744,0.8729729729729729,0.12702702702702703
863,YDR436W YIL047C,0.0,NA,3.2699815619707806e-06,649,5813,847,17,0.2042042042042042,0.1004333023831631,0.9744744744744744,0.8728228228228229,0.12717717717717716
864,YFR032C-A YCR042C,0.0,NA,3.2809111871756613e-06,649,5812,848,17,0.20434070434070434,0.10044884692772017,0.9744744744744744,0.8726726726726727,0.12732732732732732
865,YDR434W YGL110C,0.0,NA,3.2925777304626536e-06,649,5811,849,17,0.20447720447720447,0.10046439628482973,0.9744744744744744,0.8725225225225225,0.12747747747747748
866,YEL069C YJL020C,0.0,NA,3.2975583508232376e-06,649,5810,850,17,0.20461370461370462,0.10047995045672704,0.9744744744744744,0.8723723723723724,0.12762762762762764
867,YJL162C YOR126C,0.0,NA,3.3065807656385005e-06,649,5809,851,17,0.20475020475020475,0.1004955094456488,0.9744744744744744,0.8722222222222222,0.12777777777777777
868,YLR340W YFL017C,0.0,NA,3.312328090032679e-06,649,5808,852,17,0.20488670488670488,0.10051107325383304,0.9744744744744744,0.872072072072072,0.12792792792792793
869,YPL258C YPL166W,0.0,NA,3.3231679026357597e-06,649,5807,853,17,0.20502320502320504,0.1005266418835192,0.9744744744744744,0.871921921921922,0.12807807807807808
870,YJR043C YPL030W,0.0,NA,3.325650368424249e-06,649,5806,854,17,0.20515970515970516,0.1005422153369481,0.9744744744744744,0.8717717717717718,0.12822822822822824
871,YJL082W YKR061W,0.0,NA,3.3299727419944247e-06,649,5805,855,17,0.2052962052962053,0.10055779361636194,0.9744744744744744,0.8716216216216216,0.12837837837837837
872,YDR494W YDR378C,0.0,NA,3.3507585612824187e-06,649,5804,856,17,0.20543270543270542,0.10057337672400433,0.9744744744744744,0.8714714714714715,0.12852852852852853
873,YBL072C YDR146C,0.0,NA,3.365817974554375e-06,649,5803,857,17,0.20556920556920558,0.10058896466212028,0.9744744744744744,0.8713213213213213,0.1286786786786787
874,YGR260W YKR004C,0.0,NA,3.373745812496054e-06,649,5802,858,17,0.2057057057057057,0.10060455743295613,0.9744744744744744,0.8711711711711712,0.12882882882882882
875,YJL186W YJL010C,0.0,NA,3.3765463740564883e-06,649,5801,859,17,0.20584220584220583,0.10062015503875969,0.9744744744744744,0.871021021021021,0.12897897897897898
876,YLR310C YNL020C,0.0,NA,3.418374944885727e-06,649,5800,860,17,0.205978705978706,0.10063575748178012,0.9744744744744744,0.8708708708708709,0.12912912912912913
877,YBR281C YDR085C,0.0,NA,3.42050793733506e-06,649,5799,861,17,0.20611520611520612,0.10065136476426799,0.9744744744744744,0.8707207207207207,0.1292792792792793
878,YBR106W YOR337W,0.0,NA,3.4261524888279382e-06,649,5798,862,17,0.20625170625170625,0.10066697688847526,0.9744744744744744,0.8705705705705705,0.12942942942942942
879,YER148W YGR108W,0.0,NA,3.4265933663846226e-06,649,5797,863,17,0.20638820638820637,0.10068259385665529,0.9744744744744744,0.8704204204204204,0.12957957957957958
880,YOR375C YKL059C,0.0,NA,3.42692032972991e-06,649,5796,864,17,0.20652470652470653,0.10069821567106284,0.9744744744744744,0.8702702702702703,0.12972972972972974
881,YIL103W YGR046W,0.0,NA,3.446000391704729e-06,649,5795,865,17,0.20666120666120666,0.10071384233395407,0.9744744744744744,0.8701201201201201,0.12987987987987987
882,YKL069W YOR224C,0.0,NA,3.460022071521962e-06,649,5794,866,17,0.2067977067977068,0.10072947384758653,0.9744744744744744,0.86996996996997,0.13003003003003002
883,YGL044C YIR002C,0.0,NA,3.534832330842619e-06,649,5793,867,17,0.20693420693420694,0.10074511021421918,0.9744744744744744,0.8698198198198198,0.13018018018018018
884,YNL008C YOR040W,0.0,NA,3.5417631352174794e-06,649,5792,868,17,0.20707070707070707,0.1007607514361124,0.9744744744744744,0.8696696696696696,0.13033033033033034
885,YLR034C YNR047W,0.0,NA,3.5744672004511813e-06,649,5791,869,17,0.2072072072072072,0.10077639751552794,0.9744744744744744,0.8695195195195196,0.13048048048048047
886,YLR160C YBR208C,0.0,NA,3.6355695556267165e-06,649,5790,870,17,0.20734370734370736,0.100792048454729,0.9744744744744744,0.8693693693693694,0.13063063063063063
887,YPL097W YBR018C,0.0,NA,3.639874876171234e-06,649,5789,871,17,0.20748020748020748,0.10080770425598012,0.9744744744744744,0.8692192192192192,0.1307807807807808
888,YDL154W YLR363C,0.0,NA,3.661323944470496e-06,649,5788,872,17,0.2076167076167076,0.10082336492154731,0.9744744744744744,0.8690690690690691,0.13093093093093094
889,YJL008C YJL025W,0.0,NA,3.6731553336721845e-06,649,5787,873,17,0.20775320775320774,0.10083903045369795,0.9744744744744744,0.8689189189189189,0.13108108108108107
890,YJR002W YJL151C,0.0,NA,3.6893288779538125e-06,649,5786,874,17,0.2078897078897079,0.10085470085470086,0.9744744744744744,0.8687687687687687,0.13123123123123123
891,YIR031C YBR185C,1.0,NA,3.7166339552641148e-06,648,5786,874,18,0.20775320775320774,0.1007149518184644,0.972972972972973,0.8687687687687687,0.13123123123123123
892,YGR043C YDL058W,0.0,NA,3.724130920090829e-06,648,5785,875,18,0.2078897078897079,0.10073060780351313,0.972972972972973,0.8686186186186187,0.1313813813813814
893,YDR324C YGR204W,0.0,NA,3.729689751708065e-06,648,5784,876,18,0.20802620802620803,0.10074626865671642,0.972972972972973,0.8684684684684685,0.13153153153153152
894,YLR309C YMR203W,0.0,NA,3.7377299122454133e-06,648,5783,877,18,0.20816270816270815,0.1007619343803452,0.972972972972973,0.8683183183183183,0.13168168168168168
895,YHR079C-A YJL164C,0.0,NA,3.7379543300630758e-06,648,5782,878,18,0.2082992082992083,0.10077760497667185,0.972972972972973,0.8681681681681682,0.13183183183183184
896,YAL038W YOR236W,0.0,NA,3.750605856112088e-06,648,5781,879,18,0.20843570843570844,0.10079328044797013,0.972972972972973,0.868018018018018,0.131981981981982
897,YPL220W YNL158W,0.0,NA,3.768303031392861e-06,648,5780,880,18,0.20857220857220857,0.10080896079651525,0.972972972972973,0.8678678678678678,0.13213213213213212
898,YGR078C YBL054W,0.0,NA,3.7946717839076882e-06,648,5779,881,18,0.2087087087087087,0.10082464602458378,0.972972972972973,0.8677177177177177,0.13228228228228228
899,YBL008W YML056C,0.0,NA,3.7947513646940934e-06,648,5778,882,18,0.20884520884520885,0.10084033613445378,0.972972972972973,0.8675675675675676,0.13243243243243244
900,YDL116W YHR057C,0.0,NA,3.7978616092004813e-06,648,5777,883,18,0.20898170898170898,0.10085603112840467,0.972972972972973,0.8674174174174174,0.13258258258258257
901,YPR185W YHL033C,0.0,NA,3.80645860786899e-06,648,5776,884,18,0.2091182091182091,0.10087173100871731,0.972972972972973,0.8672672672672672,0.13273273273273273
902,YKR057W YLR095C,0.0,NA,3.850116172543494e-06,648,5775,885,18,0.20925470925470926,0.10088743577767398,0.972972972972973,0.8671171171171171,0.13288288288288289
903,YMR040W YDR093W,0.0,NA,3.86825331588625e-06,648,5774,886,18,0.2093912093912094,0.10090314543755839,0.972972972972973,0.866966966966967,0.13303303303303304
904,YBL061C YLL035W,0.0,NA,3.8702528399880975e-06,648,5773,887,18,0.20952770952770952,0.10091885999065565,0.972972972972973,0.8668168168168168,0.13318318318318317
905,YLR362W YDR434W,0.0,NA,3.874122739944141e-06,648,5772,888,18,0.20966420966420968,0.10093457943925234,0.972972972972973,0.8666666666666667,0.13333333333333333
906,YBR008C YBR119W,0.0,NA,3.883955741912359e-06,648,5771,889,18,0.2098007098007098,0.1009503037856364,0.972972972972973,0.8665165165165165,0.1334834834834835
907,YLR432W YJL033W,0.0,NA,3.893720531777944e-06,648,5770,890,18,0.20993720993720993,0.10096603303209722,0.972972972972973,0.8663663663663663,0.13363363363363365
908,YJL099W YER053C,0.0,NA,3.910209215973737e-06,648,5769,891,18,0.21007371007371006,0.10098176718092566,0.972972972972973,0.8662162162162163,0.13378378378378378
909,YDR236C YDR238C,0.0,NA,3.9135743463702966e-06,648,5768,892,18,0.21021021021021022,0.10099750623441396,0.972972972972973,0.8660660660660661,0.13393393393393394
910,YML064C YKR031C,0.0,NA,3.940343503927579e-06,648,5767,893,18,0.21034671034671035,0.10101325019485581,0.972972972972973,0.8659159159159159,0.1340840840840841
911,YLR085C YDR143C,0.0,NA,3.940509031963302e-06,648,5766,894,18,0.21048321048321048,0.10102899906454631,0.972972972972973,0.8657657657657658,0.13423423423423422
912,YML104C YOR173W,0.0,NA,3.9650872167840134e-06,648,5765,895,18,0.21061971061971063,0.101044752845782,0.972972972972973,0.8656156156156156,0.13438438438438438
913,YGR057C YKR004C,0.0,NA,3.974180344812339e-06,648,5764,896,18,0.21075621075621076,0.10106051154086089,0.972972972972973,0.8654654654654654,0.13453453453453454
914,YDL089W YIR028W,0.0,NA,3.9820374695409555e-06,648,5763,897,18,0.2108927108927109,0.10107627515208235,0.972972972972973,0.8653153153153154,0.1346846846846847
915,YJL066C YDL099W,0.0,NA,3.996978648501681e-06,648,5762,898,18,0.21102921102921102,0.10109204368174728,0.972972972972973,0.8651651651651652,0.13483483483483483
916,YOR381W YDR182W,0.0,NA,4.008682481071446e-06,648,5761,899,18,0.21116571116571117,0.1011078171321579,0.972972972972973,0.865015015015015,0.13498498498498498
917,YNL133C YHR061C,0.0,NA,4.015887498098891e-06,648,5760,900,18,0.2113022113022113,0.10112359550561797,0.972972972972973,0.8648648648648649,0.13513513513513514
918,YML064C YNL088W,0.0,NA,4.024913323519286e-06,648,5759,901,18,0.21143871143871143,0.10113937880443265,0.972972972972973,0.8647147147147147,0.13528528528528527
919,YPL117C YHR075C,0.0,NA,4.085244654561393e-06,648,5758,902,18,0.21157521157521159,0.10115516703090853,0.972972972972973,0.8645645645645645,0.13543543543543543
920,YMR285C YJR073C,0.0,NA,4.094913947483292e-06,648,5757,903,18,0.21171171171171171,0.10117096018735364,0.972972972972973,0.8644144144144145,0.1355855855855856
921,YJL173C YGR204W,0.0,NA,4.122503014514223e-06,648,5756,904,18,0.21184821184821184,0.10118675827607745,0.972972972972973,0.8642642642642643,0.13573573573573575
922,YMR139W YDR534C,0.0,NA,4.162367531534983e-06,648,5755,905,18,0.21198471198471197,0.10120256129939091,0.972972972972973,0.8641141141141141,0.13588588588588588
923,YJL172W YMR112C,0.0,NA,4.198727310722461e-06,648,5754,906,18,0.21212121212121213,0.10121836925960637,0.972972972972973,0.8639639639639639,0.13603603603603603
924,YDR343C YOR025W,0.0,NA,4.261676167516271e-06,648,5753,907,18,0.21225771225771226,0.10123418215903765,0.972972972972973,0.8638138138138138,0.1361861861861862
925,YGL061C YBR200W,0.0,NA,4.269009878044017e-06,648,5752,908,18,0.21239421239421238,0.10125,0.972972972972973,0.8636636636636636,0.13633633633633635
926,YDR324C YDR180W,0.0,NA,4.280204393580789e-06,648,5751,909,18,0.21253071253071254,0.10126582278481013,0.972972972972973,0.8635135135135135,0.13648648648648648
927,YMR061W YPL164C,0.0,NA,4.299604370316956e-06,648,5750,910,18,0.21266721266721267,0.10128165051578618,0.972972972972973,0.8633633633633634,0.13663663663663664
928,YBR078W YNR049C,0.0,NA,4.307123163016513e-06,648,5749,911,18,0.2128037128037128,0.10129748319524777,0.972972972972973,0.8632132132132132,0.1367867867867868
929,YEL038W YIL056W,0.0,NA,4.319743766245665e-06,648,5748,912,18,0.21294021294021295,0.10131332082551595,0.972972972972973,0.863063063063063,0.13693693693693693
930,YLR373C YIL103W,0.0,NA,4.323415851104073e-06,648,5747,913,18,0.21307671307671308,0.10132916340891321,0.972972972972973,0.8629129129129129,0.13708708708708708
931,YBL013W YJL090C,0.0,NA,4.334116056270432e-06,648,5746,914,18,0.2132132132132132,0.10134501094776353,0.972972972972973,0.8627627627627628,0.13723723723723724
932,YMR048W YOR273C,0.0,NA,4.37528797192499e-06,648,5745,915,18,0.21334971334971334,0.10136086344439231,0.972972972972973,0.8626126126126126,0.1373873873873874
933,YGL049C YPL110C,0.0,NA,4.388974957691971e-06,648,5744,916,18,0.2134862134862135,0.10137672090112641,0.972972972972973,0.8624624624624625,0.13753753753753753
934,YBR082C YPL092W,0.0,NA,4.419316155690467e-06,648,5743,917,18,0.21362271362271362,0.10139258332029416,0.972972972972973,0.8623123123123123,0.1376876876876877
935,YER136W YPL024W,0.0,NA,4.438314135768451e-06,648,5742,918,18,0.21375921375921375,0.10140845070422536,0.972972972972973,0.8621621621621621,0.13783783783783785
936,YML016C YBL087C,0.0,NA,4.4658436308964156e-06,648,5741,919,18,0.2138957138957139,0.10142432305525122,0.972972972972973,0.862012012012012,0.13798798798798798
937,YLR134W YBR186W,0.0,NA,4.486829766392475e-06,648,5740,920,18,0.21403221403221404,0.10144020037570445,0.972972972972973,0.8618618618618619,0.13813813813813813
938,YBR070C YPL232W,0.0,NA,4.512413397605997e-06,648,5739,921,18,0.21416871416871416,0.10145608266791921,0.972972972972973,0.8617117117117117,0.1382882882882883
939,YGL032C YDR390C,0.0,NA,4.514927695709048e-06,648,5738,922,18,0.2143052143052143,0.10147196993423113,0.972972972972973,0.8615615615615616,0.13843843843843845
940,YOR375C YHR039C,0.0,NA,4.523741154116578e-06,648,5737,923,18,0.21444171444171445,0.10148786217697729,0.972972972972973,0.8614114114114114,0.13858858858858858
941,YMR059W YBR208C,0.0,NA,4.524410087469732e-06,648,5736,924,18,0.21457821457821458,0.10150375939849623,0.972972972972973,0.8612612612612612,0.13873873873873874
942,YKL143W YLR436C,0.0,NA,4.5245656110637356e-06,648,5735,925,18,0.2147147147147147,0.10151966160112799,0.972972972972973,0.8611111111111112,0.1388888888888889
943,YHR109W YDR013W,0.0,NA,4.527345026872354e-06,648,5734,926,18,0.21485121485121486,0.10153556878721404,0.972972972972973,0.860960960960961,0.13903903903903903
944,YLR363C YNL069C,0.0,NA,4.535123480309267e-06,648,5733,927,18,0.214987714987715,0.10155148095909731,0.972972972972973,0.8608108108108108,0.13918918918918918
945,YGR221C YHL033C,0.0,NA,4.546569016383728e-06,648,5732,928,18,0.21512421512421512,0.10156739811912226,0.972972972972973,0.8606606606606607,0.13933933933933934
946,YDR257C YML128C,0.0,NA,4.563610673358198e-06,648,5731,929,18,0.21526071526071527,0.10158332026963474,0.972972972972973,0.8605105105105105,0.1394894894894895
947,YIL155C YOL001W,0.0,NA,4.573540081764804e-06,648,5730,930,18,0.2153972153972154,0.10159924741298212,0.972972972972973,0.8603603603603603,0.13963963963963963
948,YML124C YGL032C,0.0,NA,4.612717475538375e-06,648,5729,931,18,0.21553371553371553,0.10161517955151325,0.972972972972973,0.8602102102102102,0.1397897897897898
949,YDR497C YHR164C,0.0,NA,4.61956324215862e-06,648,5728,932,18,0.21567021567021566,0.10163111668757842,0.972972972972973,0.8600600600600601,0.13993993993993994
950,YBL040C YKR049C,0.0,NA,4.634101969713811e-06,648,5727,933,18,0.21580671580671582,0.10164705882352941,0.972972972972973,0.8599099099099099,0.1400900900900901
951,YPR023C YMR180C,0.0,NA,4.660227659769589e-06,648,5726,934,18,0.21594321594321594,0.10166300596171948,0.972972972972973,0.8597597597597597,0.14024024024024023
952,YMR138W YDL092W,0.0,NA,4.6622726586065255e-06,648,5725,935,18,0.21607971607971607,0.10167895810450338,0.972972972972973,0.8596096096096096,0.1403903903903904
953,YOL109W YLR363C,0.0,NA,4.715862360171741e-06,648,5724,936,18,0.21621621621621623,0.1016949152542373,0.972972972972973,0.8594594594594595,0.14054054054054055
954,YJR094C YNL318C,0.0,NA,4.722262019640766e-06,648,5723,937,18,0.21635271635271636,0.10171087741327892,0.972972972972973,0.8593093093093093,0.14069069069069068
955,YKL135C YPL030W,0.0,NA,4.760397132486105e-06,648,5722,938,18,0.21648921648921648,0.10172684458398744,0.972972972972973,0.8591591591591592,0.14084084084084084
956,YOR177C YPL267W,0.0,NA,4.7772932703082915e-06,648,5721,939,18,0.2166257166257166,0.1017428167687235,0.972972972972973,0.859009009009009,0.140990990990991
957,YNL082W YJL108C,0.0,NA,4.787961188412737e-06,648,5720,940,18,0.21676221676221677,0.10175879396984924,0.972972972972973,0.8588588588588588,0.14114114114114115
958,YJR155W YPR107C,0.0,NA,4.805499429494375e-06,648,5719,941,18,0.2168987168987169,0.10177477618972829,0.972972972972973,0.8587087087087087,0.14129129129129128
959,YBL072C YOR382W,0.0,NA,4.8409497139800806e-06,648,5718,942,18,0.21703521703521703,0.10179076343072573,0.972972972972973,0.8585585585585586,0.14144144144144144
960,YCR021C YOR182C,0.0,NA,4.847986474487698e-06,648,5717,943,18,0.21717171717171718,0.10180675569520817,0.972972972972973,0.8584084084084084,0.1415915915915916
961,YBR283C YGL097W,0.0,NA,4.864107268076623e-06,648,5716,944,18,0.2173082173082173,0.10182275298554368,0.972972972972973,0.8582582582582583,0.14174174174174173
962,YPL057C YML026C,0.0,NA,4.8719111873651855e-06,648,5715,945,18,0.21744471744471744,0.10183875530410184,0.972972972972973,0.8581081081081081,0.14189189189189189
963,YMR316W YNL123W,0.0,NA,4.915162662655348e-06,648,5714,946,18,0.21758121758121757,0.10185476265325369,0.972972972972973,0.8579579579579579,0.14204204204204204
964,YMR247C YOR245C,0.0,NA,4.91875471198e-06,648,5713,947,18,0.21771771771771772,0.1018707750353718,0.972972972972973,0.8578078078078079,0.1421921921921922
965,YNL067W YOL165C,0.0,NA,4.921307208860526e-06,648,5712,948,18,0.21785421785421785,0.1018867924528302,0.972972972972973,0.8576576576576577,0.14234234234234233
966,YJR002W YOR337W,0.0,NA,4.937516223435523e-06,648,5711,949,18,0.21799071799071798,0.1019028149080044,0.972972972972973,0.8575075075075075,0.1424924924924925
967,YNL067W YML078W,0.0,NA,4.952508334099548e-06,648,5710,950,18,0.21812721812721814,0.10191884240327147,0.972972972972973,0.8573573573573574,0.14264264264264265
968,YLR134W YOR045W,0.0,NA,4.977560820407234e-06,648,5709,951,18,0.21826371826371826,0.1019348749410099,0.972972972972973,0.8572072072072072,0.1427927927927928
969,YDR091C YGL062W,0.0,NA,4.979725872544805e-06,648,5708,952,18,0.2184002184002184,0.10195091252359975,0.972972972972973,0.857057057057057,0.14294294294294294
970,YHL040C YKL165C,0.0,NA,5.005350885767257e-06,648,5707,953,18,0.21853671853671855,0.10196695515342251,0.972972972972973,0.856906906906907,0.1430930930930931
971,YNR013C YGL207W,0.0,NA,5.005546881875489e-06,648,5706,954,18,0.21867321867321868,0.10198300283286119,0.972972972972973,0.8567567567567568,0.14324324324324325
972,YGL107C YJL209W,1.0,NA,5.027069619245594e-06,647,5706,954,19,0.21853671853671855,0.10184164961435542,0.9714714714714715,0.8567567567567568,0.14324324324324325
973,YGL049C YMR040W,0.0,NA,5.040164978709072e-06,647,5705,955,19,0.21867321867321868,0.10185768261964735,0.9714714714714715,0.8566066066066066,0.14339339339339338
974,YKL210W YGR092W,0.0,NA,5.0499993449193425e-06,647,5704,956,19,0.2188097188097188,0.10187372067390962,0.9714714714714715,0.8564564564564564,0.14354354354354354
975,YLR268W YLR205C,0.0,NA,5.073832198831951e-06,647,5703,957,19,0.21894621894621893,0.10188976377952756,0.9714714714714715,0.8563063063063063,0.1436936936936937
976,YMR040W YJR024C,0.0,NA,5.0739872676786035e-06,647,5702,958,19,0.2190827190827191,0.10190581193888801,0.9714714714714715,0.8561561561561561,0.14384384384384385
977,YGL141W YDR459C,0.0,NA,5.10047129864688e-06,647,5701,959,19,0.21921921921921922,0.10192186515437933,0.9714714714714715,0.856006006006006,0.14399399399399399
978,YMR289W YFL047W,0.0,NA,5.114850864629261e-06,647,5700,960,19,0.21935571935571935,0.10193792342839136,0.9714714714714715,0.8558558558558559,0.14414414414414414
979,YNL133C YDL022W,0.0,NA,5.134429102326976e-06,647,5699,961,19,0.2194922194922195,0.10195398676331548,0.9714714714714715,0.8557057057057057,0.1442942942942943
980,YDR436W YCL005W-A,0.0,NA,5.136701474839356e-06,647,5698,962,19,0.21962871962871963,0.10197005516154452,0.9714714714714715,0.8555555555555555,0.14444444444444443
981,YLR034C YGL254W,0.0,NA,5.144663191458676e-06,647,5697,963,19,0.21976521976521976,0.10198612862547289,0.9714714714714715,0.8554054054054054,0.1445945945945946
982,YLR336C YFL020C,0.0,NA,5.183302164368797e-06,647,5696,964,19,0.2199017199017199,0.10200220715749646,0.9714714714714715,0.8552552552552553,0.14474474474474475
983,YLL034C YNR049C,0.0,NA,5.213971235207282e-06,647,5695,965,19,0.22003822003822004,0.10201829076001262,0.9714714714714715,0.8551051051051051,0.1448948948948949
984,YMR233W YLR109W,0.0,NA,5.226402208791114e-06,647,5694,966,19,0.22017472017472017,0.10203437943542028,0.9714714714714715,0.854954954954955,0.14504504504504503
985,YLR348C YOR344C,0.0,NA,5.251512902759714e-06,647,5693,967,19,0.2203112203112203,0.10205047318611987,0.9714714714714715,0.8548048048048048,0.1451951951951952
986,YHR069C YBL063W,0.0,NA,5.261754722596379e-06,647,5692,968,19,0.22044772044772046,0.10206657201451333,0.9714714714714715,0.8546546546546546,0.14534534534534535
987,YDR143C YBR029C,0.0,NA,5.266353127808543e-06,647,5691,969,19,0.22058422058422059,0.1020826759230041,0.9714714714714715,0.8545045045045045,0.1454954954954955
988,YGR108W YLR172C,0.0,NA,5.295401933835819e-06,647,5690,970,19,0.22072072072072071,0.10209878491399715,0.9714714714714715,0.8543543543543544,0.14564564564564564
989,YMR040W YHR079C-A,0.0,NA,5.301243163557956e-06,647,5689,971,19,0.22085722085722087,0.10211489898989899,0.9714714714714715,0.8542042042042042,0.1457957957957958
990,YGR132C YMR106C,0.0,NA,5.305188096826896e-06,647,5688,972,19,0.220993720993721,0.1021310181531176,0.9714714714714715,0.8540540540540541,0.14594594594594595
991,YGL075C YKL004W,0.0,NA,5.31839941686485e-06,647,5687,973,19,0.22113022113022113,0.10214714240606251,0.9714714714714715,0.8539039039039039,0.14609609609609608
992,YKR057W YLR436C,0.0,NA,5.353424512577476e-06,647,5686,974,19,0.22126672126672126,0.1021632717511448,0.9714714714714715,0.8537537537537537,0.14624624624624624
993,YML104C YNL183C,0.0,NA,5.359457645681687e-06,647,5685,975,19,0.2214032214032214,0.102179406190777,0.9714714714714715,0.8536036036036037,0.1463963963963964
994,YGR034W YBR283C,0.0,NA,5.399246219894849e-06,647,5684,976,19,0.22153972153972154,0.10219554572737324,0.9714714714714715,0.8534534534534535,0.14654654654654656
995,YOL104C YLR083C,0.0,NA,5.508162757905666e-06,647,5683,977,19,0.22167622167622167,0.10221169036334914,0.9714714714714715,0.8533033033033033,0.1466966966966967
996,YLR172C YDR071C,0.0,NA,5.524323569261469e-06,647,5682,978,19,0.22181272181272182,0.10222784010112182,0.9714714714714715,0.8531531531531531,0.14684684684684685
997,YPL143W YIL076W,0.0,NA,5.526241693587508e-06,647,5681,979,19,0.22194922194922195,0.10224399494310998,0.9714714714714715,0.853003003003003,0.146996996996997
998,YKL148C YJL209W,1.0,NA,5.52687379240524e-06,646,5681,979,20,0.22181272181272182,0.1021021021021021,0.96996996996997,0.853003003003003,0.146996996996997
999,YOL158C YLL002W,0.0,NA,5.573255293711554e-06,646,5680,980,20,0.22194922194922195,0.10211824217515017,0.96996996996997,0.8528528528528528,0.14714714714714713
1000,YDL246C YIR017C,0.0,NA,5.590092314378126e-06,646,5679,981,20,0.22208572208572208,0.10213438735177865,0.96996996996997,0.8527027027027027,0.1472972972972973
1001,YNL230C YDR522C,0.0,NA,5.591340141108958e-06,646,5678,982,20,0.2222222222222222,0.10215053763440861,0.96996996996997,0.8525525525525526,0.14744744744744745
1002,YML078W YGL091C,0.0,NA,5.592129582510097e-06,646,5677,983,20,0.22235872235872237,0.1021666930254626,0.96996996996997,0.8524024024024024,0.1475975975975976
1003,YLR277C YAL027W,0.0,NA,5.593175046669785e-06,646,5676,984,20,0.2224952224952225,0.10218285352736475,0.96996996996997,0.8522522522522522,0.14774774774774774
1004,YJR064W YGL032C,0.0,NA,5.593862624664325e-06,646,5675,985,20,0.22263172263172262,0.10219901914254073,0.96996996996997,0.8521021021021021,0.1478978978978979
1005,YKL144C YDR363W-A,0.0,NA,5.596392384177307e-06,646,5674,986,20,0.22276822276822278,0.10221518987341772,0.96996996996997,0.851951951951952,0.14804804804804805
1006,YNR065C YFL047W,0.0,NA,5.6279750424437225e-06,646,5673,987,20,0.2229047229047229,0.10223136572242443,0.96996996996997,0.8518018018018018,0.1481981981981982
1007,YNR039C YNL245C,0.0,NA,5.645100827678107e-06,646,5672,988,20,0.22304122304122304,0.10224754669199114,0.96996996996997,0.8516516516516517,0.14834834834834834
1008,YKL156W YDR525W-A,0.0,NA,5.65581376577029e-06,646,5671,989,20,0.22317772317772316,0.10226373278454963,0.96996996996997,0.8515015015015015,0.1484984984984985
1009,YBR196C YCR020C-A,0.0,NA,5.668719950335799e-06,646,5670,990,20,0.22331422331422332,0.10227992400253325,0.96996996996997,0.8513513513513513,0.14864864864864866
1010,YER157W YCR086W,0.0,NA,5.708452590624802e-06,646,5669,991,20,0.22345072345072345,0.10229612034837689,0.96996996996997,0.8512012012012012,0.1487987987987988
1011,YHR036W YPL164C,0.0,NA,5.709780907636741e-06,646,5668,992,20,0.22358722358722358,0.10231232182451695,0.96996996996997,0.851051051051051,0.14894894894894894
1012,YOR129C YDR323C,0.0,NA,5.719623459299328e-06,646,5667,993,20,0.22372372372372373,0.10232852843339141,0.96996996996997,0.8509009009009009,0.1490990990990991
1013,YAR002W YLR425W,0.0,NA,5.7350371207576245e-06,646,5666,994,20,0.22386022386022386,0.1023447401774398,0.96996996996997,0.8507507507507508,0.14924924924924926
1014,YIL105C YGR271C-A,0.0,NA,5.756302925874479e-06,646,5665,995,20,0.223996723996724,0.10236095705910316,0.96996996996997,0.8506006006006006,0.1493993993993994
1015,YPL220W YCR073C,0.0,NA,5.766473350377055e-06,646,5664,996,20,0.22413322413322415,0.10237717908082408,0.96996996996997,0.8504504504504504,0.14954954954954955
1016,YPL231W YBR101C,0.0,NA,5.7664951782498974e-06,646,5663,997,20,0.22426972426972427,0.10239340624504675,0.96996996996997,0.8503003003003003,0.1496996996996997
1017,YAR018C YNL116W,0.0,NA,5.770968073193217e-06,646,5662,998,20,0.2244062244062244,0.10240963855421686,0.96996996996997,0.8501501501501502,0.14984984984984984
1018,YDR530C YLR418C,0.0,NA,5.797926405648468e-06,646,5661,999,20,0.22454272454272453,0.10242587601078167,0.96996996996997,0.85,0.15
1019,YGL030W YKL120W,0.0,NA,5.855918516317615e-06,646,5660,1000,20,0.2246792246792247,0.10244211861718998,0.96996996996997,0.8498498498498499,0.15015015015015015
1020,YDR525W-A YCR096C,0.0,NA,5.869706455996493e-06,646,5659,1001,20,0.22481572481572482,0.10245836637589215,0.96996996996997,0.8496996996996997,0.1503003003003003
1021,YGR133W YIL047C,0.0,NA,5.8856812756857835e-06,646,5658,1002,20,0.22495222495222494,0.1024746192893401,0.96996996996997,0.8495495495495495,0.15045045045045044
1022,YGL048C YOR224C,0.0,NA,5.889572548767319e-06,646,5657,1003,20,0.2250887250887251,0.10249087735998731,0.96996996996997,0.8493993993993993,0.1506006006006006
1023,YGR119C YNL318C,0.0,NA,5.960855560260825e-06,646,5656,1004,20,0.22522522522522523,0.1025071405902888,0.96996996996997,0.8492492492492493,0.15075075075075076
1024,YMR316W YIL005W,0.0,NA,5.979667093924945e-06,646,5655,1005,20,0.22536172536172536,0.10252340898270115,0.96996996996997,0.8490990990990991,0.15090090090090091
1025,YNL199C YPR141C,0.0,NA,5.993266313453205e-06,646,5654,1006,20,0.22549822549822549,0.10253968253968254,0.96996996996997,0.8489489489489489,0.15105105105105104
1026,YCR042C YLR272C,0.0,NA,6.019179636496119e-06,646,5653,1007,20,0.22563472563472564,0.10255596126369265,0.96996996996997,0.8487987987987988,0.1512012012012012
1027,YML024W YLR246W,0.0,NA,6.026796199876117e-06,646,5652,1008,20,0.22577122577122577,0.10257224515719277,0.96996996996997,0.8486486486486486,0.15135135135135136
1028,YDR382W YJL090C,0.0,NA,6.049489456927404e-06,646,5651,1009,20,0.2259077259077259,0.1025885342226457,0.96996996996997,0.8484984984984985,0.1515015015015015
1029,YNL244C YPL250C,0.0,NA,6.056804068066413e-06,646,5650,1010,20,0.22604422604422605,0.10260482846251588,0.96996996996997,0.8483483483483484,0.15165165165165165
1030,YKL019W YPL267W,0.0,NA,6.056849997548852e-06,646,5649,1011,20,0.22618072618072618,0.10262112787926926,0.96996996996997,0.8481981981981982,0.1518018018018018
1031,YIR017C YHR039C,0.0,NA,6.084894721425371e-06,646,5648,1012,20,0.2263172263172263,0.10263743247537337,0.96996996996997,0.848048048048048,0.15195195195195196
1032,YGL116W YLR409C,0.0,NA,6.0917345763300546e-06,646,5647,1013,20,0.22645372645372647,0.10265374225329732,0.96996996996997,0.8478978978978979,0.1521021021021021
1033,YJR006W YIL017C,0.0,NA,6.094174750614911e-06,646,5646,1014,20,0.2265902265902266,0.10267005721551176,0.96996996996997,0.8477477477477477,0.15225225225225225
1034,YCR077C YDL001W,0.0,NA,6.0999896049906965e-06,646,5645,1015,20,0.22672672672672672,0.10268637736448895,0.96996996996997,0.8475975975975976,0.1524024024024024
1035,YLR254C YGR004W,0.0,NA,6.100443442846881e-06,646,5644,1016,20,0.22686322686322685,0.10270270270270271,0.96996996996997,0.8474474474474475,0.15255255255255254
1036,YHR001W YKL005C,0.0,NA,6.114696134318365e-06,646,5643,1017,20,0.226999726999727,0.1027190332326284,0.96996996996997,0.8472972972972973,0.1527027027027027
1037,YPL239W YML064C,0.0,NA,6.126305379439145e-06,646,5642,1018,20,0.22713622713622714,0.102735368956743,0.96996996996997,0.8471471471471471,0.15285285285285286
1038,YDL089W YKL145W,0.0,NA,6.129350367700681e-06,646,5641,1019,20,0.22727272727272727,0.10275170987752505,0.96996996996997,0.846996996996997,0.153003003003003
1039,YGR055W YLR095C,0.0,NA,6.197763923410093e-06,646,5640,1020,20,0.22740922740922742,0.10276805599745466,0.96996996996997,0.8468468468468469,0.15315315315315314
1040,YDR459C YDR438W,0.0,NA,6.199442395882215e-06,646,5639,1021,20,0.22754572754572755,0.10278440731901352,0.96996996996997,0.8466966966966967,0.1533033033033033
1041,YMR180C YBR145W,0.0,NA,6.2691583480045665e-06,646,5638,1022,20,0.22768222768222768,0.10280076384468491,0.96996996996997,0.8465465465465466,0.15345345345345346
1042,YDR224C YGL095C,0.0,NA,6.270664925978053e-06,646,5637,1023,20,0.2278187278187278,0.10281712557695369,0.96996996996997,0.8463963963963964,0.15360360360360362
1043,YIL017C YKR081C,0.0,NA,6.277079137362307e-06,646,5636,1024,20,0.22795522795522796,0.10283349251830627,0.96996996996997,0.8462462462462462,0.15375375375375375
1044,YOL030W YJL165C,0.0,NA,6.2934909692557994e-06,646,5635,1025,20,0.2280917280917281,0.1028498646712307,0.96996996996997,0.8460960960960962,0.1539039039039039
1045,YGR097W YML026C,0.0,NA,6.300697350525297e-06,646,5634,1026,20,0.22822822822822822,0.10286624203821657,0.96996996996997,0.845945945945946,0.15405405405405406
1046,YOL007C YKL143W,0.0,NA,6.3901111388986465e-06,646,5633,1027,20,0.22836472836472838,0.10288262462175506,0.96996996996997,0.8457957957957958,0.1542042042042042
1047,YGL211W YMR026C,0.0,NA,6.416687938326504e-06,646,5632,1028,20,0.2285012285012285,0.10289901242433896,0.96996996996997,0.8456456456456456,0.15435435435435435
1048,YOR245C YGL095C,0.0,NA,6.444695827667601e-06,646,5631,1029,20,0.22863772863772863,0.10291540544846264,0.96996996996997,0.8454954954954955,0.1545045045045045
1049,YJL058C YGL048C,0.0,NA,6.447038231272018e-06,646,5630,1030,20,0.22877422877422876,0.10293180369662205,0.96996996996997,0.8453453453453453,0.15465465465465467
1050,YCL014W YJL198W,0.0,NA,6.451490662584547e-06,646,5629,1031,20,0.22891072891072892,0.10294820717131474,0.96996996996997,0.8451951951951951,0.1548048048048048
1051,YGR043C YOL013C,0.0,NA,6.454691174440086e-06,646,5628,1032,20,0.22904722904722905,0.10296461587503984,0.96996996996997,0.8450450450450451,0.15495495495495495
1052,YLR134W YDL070W,0.0,NA,6.492597549367929e-06,646,5627,1033,20,0.22918372918372917,0.10298102981029811,0.96996996996997,0.8448948948948949,0.1551051051051051
1053,YLR020C YKR049C,0.0,NA,6.495545676443726e-06,646,5626,1034,20,0.22932022932022933,0.10299744897959184,0.96996996996997,0.8447447447447447,0.15525525525525524
1054,YGL133W YGL084C,0.0,NA,6.52858443572768e-06,646,5625,1035,20,0.22945672945672946,0.10301387338542498,0.96996996996997,0.8445945945945946,0.1554054054054054
1055,YKR004C YPL028W,0.0,NA,6.538516572618391e-06,646,5624,1036,20,0.2295932295932296,0.10303030303030303,0.96996996996997,0.8444444444444444,0.15555555555555556
1056,YBR082C YDL130W-A,0.0,NA,6.572839538421249e-06,646,5623,1037,20,0.22972972972972974,0.10304673791673313,0.96996996996997,0.8442942942942943,0.15570570570570572
1057,YGL044C YGL110C,0.0,NA,6.596362709387904e-06,646,5622,1038,20,0.22986622986622987,0.103063178047224,0.96996996996997,0.8441441441441442,0.15585585585585585
1058,YPL220W YMR055C,0.0,NA,6.6003899519273546e-06,646,5621,1039,20,0.23000273000273,0.10307962342428595,0.96996996996997,0.843993993993994,0.156006006006006
1059,YEL038W YCR021C,0.0,NA,6.634202691202518e-06,646,5620,1040,20,0.23013923013923013,0.10309607405043089,0.96996996996997,0.8438438438438438,0.15615615615615616
1060,YLR134W YNL070W,0.0,NA,6.641691015829565e-06,646,5619,1041,20,0.23027573027573028,0.10311252992817238,0.96996996996997,0.8436936936936937,0.15630630630630632
1061,YBL074C YGR178C,0.0,NA,6.644890618190402e-06,646,5618,1042,20,0.2304122304122304,0.10312899106002554,0.96996996996997,0.8435435435435436,0.15645645645645645
1062,YBR017C YIR005W,0.0,NA,6.68461552777444e-06,646,5617,1043,20,0.23054873054873054,0.1031454574485071,0.96996996996997,0.8433933933933934,0.1566066066066066
1063,YER148W YNR067C,0.0,NA,6.698782271996606e-06,646,5616,1044,20,0.2306852306852307,0.10316192909613542,0.96996996996997,0.8432432432432433,0.15675675675675677
1064,YLL031C YHL024W,0.0,NA,6.811940693296492e-06,646,5615,1045,20,0.23082173082173083,0.10317840600543045,0.96996996996997,0.8430930930930931,0.1569069069069069
1065,YLR248W YNL008C,0.0,NA,6.825407126598293e-06,646,5614,1046,20,0.23095823095823095,0.10319488817891374,0.96996996996997,0.8429429429429429,0.15705705705705705
1066,YOR136W YBR085W,1.0,NA,6.83522421240923e-06,645,5614,1046,21,0.23082173082173083,0.10305160568780955,0.9684684684684685,0.8429429429429429,0.15705705705705705
1067,YGL017W YGR188C,0.0,NA,6.88268619342125e-06,645,5613,1047,21,0.23095823095823095,0.10306807286673059,0.9684684684684685,0.8427927927927928,0.1572072072072072
1068,YNL116W YPL069C,0.0,NA,6.883959486003732e-06,645,5612,1048,21,0.23109473109473108,0.10308454530925364,0.9684684684684685,0.8426426426426427,0.15735735735735737
1069,YMR133W YHR096C,0.0,NA,6.899181244079955e-06,645,5611,1049,21,0.23123123123123124,0.10310102301790282,0.9684684684684685,0.8424924924924925,0.1575075075075075
1070,YBL050W YGR188C,0.0,NA,6.9030843405926134e-06,645,5610,1050,21,0.23136773136773137,0.10311750599520383,0.9684684684684685,0.8423423423423423,0.15765765765765766
1071,YPL143W YNR035C,0.0,NA,6.909446710778866e-06,645,5609,1051,21,0.2315042315042315,0.10313399424368404,0.9684684684684685,0.8421921921921922,0.15780780780780782
1072,YIL135C YDR293C,0.0,NA,6.9509314926108345e-06,645,5608,1052,21,0.23164073164073165,0.10315048776587238,0.9684684684684685,0.842042042042042,0.15795795795795795
1073,YNL129W YHR179W,0.0,NA,6.967251465539448e-06,645,5607,1053,21,0.23177723177723178,0.10316698656429943,0.9684684684684685,0.8418918918918918,0.1581081081081081
1074,YNL067W YGR274C,0.0,NA,6.9770248956047e-06,645,5606,1054,21,0.2319137319137319,0.10318349064149736,0.9684684684684685,0.8417417417417418,0.15825825825825826
1075,YOR344C YMR276W,0.0,NA,7.132867722248193e-06,645,5605,1055,21,0.23205023205023206,0.1032,0.9684684684684685,0.8415915915915916,0.15840840840840842
1076,YBL061C YER075C,0.0,NA,7.133126473490847e-06,645,5604,1056,21,0.2321867321867322,0.10321651464234277,0.9684684684684685,0.8414414414414414,0.15855855855855855
1077,YPL152W YCR093W,0.0,NA,7.153223123168573e-06,645,5603,1057,21,0.23232323232323232,0.10323303457106274,0.9684684684684685,0.8412912912912913,0.1587087087087087
1078,YDR040C YDL045W-A,0.0,NA,7.159549568314105e-06,645,5602,1058,21,0.23245973245973245,0.10324955978869857,0.9684684684684685,0.8411411411411411,0.15885885885885886
1079,YHR089C YBR106W,0.0,NA,7.163107511587441e-06,645,5601,1059,21,0.2325962325962326,0.10326609029779059,0.9684684684684685,0.840990990990991,0.15900900900900902
1080,YDL116W YDR182W,0.0,NA,7.184685273387004e-06,645,5600,1060,21,0.23273273273273273,0.10328262610088071,0.9684684684684685,0.8408408408408409,0.15915915915915915
1081,YDR343C YIR005W,0.0,NA,7.211079264379805e-06,645,5599,1061,21,0.23286923286923286,0.10329916720051249,0.9684684684684685,0.8406906906906907,0.1593093093093093
1082,YLR220W YJR099W,0.0,NA,7.225941772048827e-06,645,5598,1062,21,0.23300573300573302,0.10331571359923114,0.9684684684684685,0.8405405405405405,0.15945945945945947
1083,YLR459W YKL120W,0.0,NA,7.2396469477098435e-06,645,5597,1063,21,0.23314223314223315,0.10333226529958346,0.9684684684684685,0.8403903903903904,0.1596096096096096
1084,YNR047W YML102W,0.0,NA,7.345614903897513e-06,645,5596,1064,21,0.23327873327873327,0.10334882230411793,0.9684684684684685,0.8402402402402402,0.15975975975975976
1085,YIL155C YJL074C,0.0,NA,7.361822099483106e-06,645,5595,1065,21,0.2334152334152334,0.10336538461538461,0.9684684684684685,0.8400900900900901,0.15990990990990991
1086,YBR031W YNL298W,0.0,NA,7.3659230110934e-06,645,5594,1066,21,0.23355173355173356,0.10338195223593524,0.9684684684684685,0.83993993993994,0.16006006006006007
1087,YBR223C YDR324C,0.0,NA,7.509332590416307e-06,645,5593,1067,21,0.2336882336882337,0.10339852516832318,0.9684684684684685,0.8397897897897898,0.1602102102102102
1088,YCR098C YJL177W,0.0,NA,7.559543064417085e-06,645,5592,1068,21,0.23382473382473382,0.10341510341510342,0.9684684684684685,0.8396396396396396,0.16036036036036036
1089,YGR091W YBR031W,0.0,NA,7.599747732456308e-06,645,5591,1069,21,0.23396123396123397,0.10343168697883258,0.9684684684684685,0.8394894894894895,0.16051051051051052
1090,YCL032W YPL086C,0.0,NA,7.618789823027328e-06,645,5590,1070,21,0.2340977340977341,0.10344827586206896,0.9684684684684685,0.8393393393393394,0.16066066066066065
1091,YMR318C YML095C,0.0,NA,7.652322892681696e-06,645,5589,1071,21,0.23423423423423423,0.10346487006737247,0.9684684684684685,0.8391891891891892,0.1608108108108108
1092,YNL318C YJL052W,0.0,NA,7.717452717770357e-06,645,5588,1072,21,0.23437073437073436,0.10348146959730467,0.9684684684684685,0.8390390390390391,0.16096096096096096
1093,YGL017W YGR185C,0.0,NA,7.718925189692527e-06,645,5587,1073,21,0.2345072345072345,0.10349807445442875,0.9684684684684685,0.8388888888888889,0.16111111111111112
1094,YDR530C YLR109W,0.0,NA,7.731331606919412e-06,645,5586,1074,21,0.23464373464373464,0.10351468464130958,0.9684684684684685,0.8387387387387387,0.16126126126126125
1095,YHR074W YDL227C,0.0,NA,7.734133760095574e-06,645,5585,1075,21,0.23478023478023477,0.10353130016051364,0.9684684684684685,0.8385885885885885,0.1614114114114114
1096,YDR100W YDR225W,0.0,NA,7.737173291388899e-06,645,5584,1076,21,0.23491673491673493,0.10354792101460909,0.9684684684684685,0.8384384384384385,0.16156156156156157
1097,YML016C YOR026W,0.0,NA,7.7497415986727e-06,645,5583,1077,21,0.23505323505323505,0.1035645472061657,0.9684684684684685,0.8382882882882883,0.16171171171171173
1098,YGL156W YPL153C,0.0,NA,7.825121429050341e-06,645,5582,1078,21,0.23518973518973518,0.10358117873775494,0.9684684684684685,0.8381381381381381,0.16186186186186186
1099,YKL040C YMR303C,0.0,NA,7.833154995751102e-06,645,5581,1079,21,0.23532623532623534,0.10359781561194989,0.9684684684684685,0.837987987987988,0.162012012012012
1100,YHR046C YGL045W,0.0,NA,7.851464033592492e-06,645,5580,1080,21,0.23546273546273547,0.10361445783132531,0.9684684684684685,0.8378378378378378,0.16216216216216217
1101,YKR057W YNR070W,0.0,NA,7.912168257462326e-06,645,5579,1081,21,0.2355992355992356,0.10363110539845759,0.9684684684684685,0.8376876876876876,0.1623123123123123
1102,YJR127C YPL006W,0.0,NA,7.924718374852091e-06,645,5578,1082,21,0.23573573573573572,0.10364775831592479,0.9684684684684685,0.8375375375375376,0.16246246246246246
1103,YPL266W YDR120C,0.0,NA,7.997848115337547e-06,645,5577,1083,21,0.23587223587223588,0.10366441658630665,0.9684684684684685,0.8373873873873874,0.16261261261261262
1104,YAR002W YGR133W,0.0,NA,8.020717359613627e-06,645,5576,1084,21,0.236008736008736,0.10368108021218454,0.9684684684684685,0.8372372372372372,0.16276276276276277
1105,YDL001W YMR119W,0.0,NA,8.053644705796614e-06,645,5575,1085,21,0.23614523614523614,0.10369774919614148,0.9684684684684685,0.8370870870870871,0.1629129129129129
1106,YPL001W YHR029C,0.0,NA,8.0812878877623e-06,645,5574,1086,21,0.2362817362817363,0.10371442354076219,0.9684684684684685,0.8369369369369369,0.16306306306306306
1107,YNL008C YPL089C,0.0,NA,8.094778422673699e-06,645,5573,1087,21,0.23641823641823642,0.103731103248633,0.9684684684684685,0.8367867867867868,0.16321321321321322
1108,YJL056C YML056C,0.0,NA,8.110426279017702e-06,645,5572,1088,21,0.23655473655473655,0.10374778832234197,0.9684684684684685,0.8366366366366367,0.16336336336336335
1109,YNL169C YLR098C,0.0,NA,8.145500942191575e-06,645,5571,1089,21,0.23669123669123668,0.10376447876447877,0.9684684684684685,0.8364864864864865,0.1635135135135135
1110,YJL063C YHR092C,1.0,NA,8.161667210515589e-06,644,5571,1089,22,0.23655473655473655,0.10362027353177795,0.9669669669669669,0.8364864864864865,0.1635135135135135
1111,YNL088W YHR029C,0.0,NA,8.206724487536121e-06,644,5570,1090,22,0.23669123669123668,0.10363694882523335,0.9669669669669669,0.8363363363363363,0.16366366366366367
1112,YNL158W YGR046W,0.0,NA,8.21320827526506e-06,644,5569,1091,22,0.23682773682773683,0.10365362948656044,0.9669669669669669,0.8361861861861862,0.16381381381381382
1113,YGL107C YHR092C,1.0,NA,8.213325600081589e-06,643,5569,1091,23,0.23669123669123668,0.10350933676754669,0.9654654654654654,0.8361861861861862,0.16381381381381382
1114,YMR204C YJL177W,0.0,NA,8.22741276351735e-06,643,5568,1092,23,0.23682773682773683,0.10352600225406537,0.9654654654654654,0.836036036036036,0.16396396396396395
1115,YJL089W YDR353W,0.0,NA,8.268503734143451e-06,643,5567,1093,23,0.23696423696423696,0.1035426731078905,0.9654654654654654,0.8358858858858859,0.1641141141141141
1116,YPL231W YKL191W,0.0,NA,8.298419743368868e-06,643,5566,1094,23,0.2371007371007371,0.1035593493316154,0.9654654654654654,0.8357357357357358,0.16426426426426427
1117,YCL039W YGL075C,0.0,NA,8.302425158035476e-06,643,5565,1095,23,0.23723723723723725,0.10357603092783506,0.9654654654654654,0.8355855855855856,0.16441441441441443
1118,YBR192W YGL135W,0.0,NA,8.312804311572108e-06,643,5564,1096,23,0.23737373737373738,0.10359271789914612,0.9654654654654654,0.8354354354354354,0.16456456456456456
1119,YKL210W YJL223C,0.0,NA,8.316713319800328e-06,643,5563,1097,23,0.2375102375102375,0.10360941024814696,0.9654654654654654,0.8352852852852853,0.16471471471471472
1120,YKL159C YKL073W,0.0,NA,8.329977390530985e-06,643,5562,1098,23,0.23764673764673766,0.10362610797743756,0.9654654654654654,0.8351351351351352,0.16486486486486487
1121,YCR066W YOR026W,0.0,NA,8.337471626873594e-06,643,5561,1099,23,0.2377832377832378,0.1036428110896196,0.9654654654654654,0.834984984984985,0.165015015015015
1122,YER157W YJR024C,0.0,NA,8.408425856032409e-06,643,5560,1100,23,0.23791973791973792,0.10365951958729647,0.9654654654654654,0.8348348348348348,0.16516516516516516
1123,YDR179C YJL052W,0.0,NA,8.411185262957588e-06,643,5559,1101,23,0.23805623805623805,0.1036762334730732,0.9654654654654654,0.8346846846846847,0.16531531531531532
1124,YKL090W YDR534C,0.0,NA,8.414923286181875e-06,643,5558,1102,23,0.2381927381927382,0.10369295274955652,0.9654654654654654,0.8345345345345345,0.16546546546546548
1125,YCL032W YPR111W,0.0,NA,8.442462785751559e-06,643,5557,1103,23,0.23832923832923833,0.10370967741935484,0.9654654654654654,0.8343843843843843,0.1656156156156156
1126,YGL095C YOL080C,0.0,NA,8.495404472341761e-06,643,5556,1104,23,0.23846573846573846,0.10372640748507823,0.9654654654654654,0.8342342342342343,0.16576576576576577
1127,YLR016C YKL108W,0.0,NA,8.504879588144831e-06,643,5555,1105,23,0.23860223860223861,0.1037431429493385,0.9654654654654654,0.8340840840840841,0.16591591591591592
1128,YLR139C YKL085W,1.0,NA,8.519354196323548e-06,642,5555,1105,24,0.23846573846573846,0.10359851541068259,0.963963963963964,0.8340840840840841,0.16591591591591592
1129,YGR028W YGR284C,0.0,NA,8.524929398845416e-06,642,5554,1106,24,0.23860223860223861,0.10361523563589413,0.963963963963964,0.8339339339339339,0.16606606606606605
1130,YLR238W YBR200W,0.0,NA,8.52911762194708e-06,642,5553,1107,24,0.23873873873873874,0.1036319612590799,0.963963963963964,0.8337837837837838,0.1662162162162162
1131,YGR043C YPL154C,0.0,NA,8.599422471888829e-06,642,5552,1108,24,0.23887523887523887,0.10364869228285438,0.963963963963964,0.8336336336336336,0.16636636636636637
1132,YLR373C YBR119W,0.0,NA,8.66337268234929e-06,642,5551,1109,24,0.239011739011739,0.10366542870983368,0.963963963963964,0.8334834834834834,0.16651651651651653
1133,YOR373W YNL053W,0.0,NA,8.683902706252411e-06,642,5550,1110,24,0.23914823914823916,0.10368217054263566,0.963963963963964,0.8333333333333334,0.16666666666666666
1134,YGR034W YLR213C,0.0,NA,8.705104846740142e-06,642,5549,1111,24,0.23928473928473928,0.10369891778387982,0.963963963963964,0.8331831831831832,0.16681681681681682
1135,YLL025W YHR021C,0.0,NA,8.709871508472133e-06,642,5548,1112,24,0.2394212394212394,0.1037156704361874,0.963963963963964,0.833033033033033,0.16696696696696697
1136,YGR043C YGL238W,0.0,NA,8.715131116332486e-06,642,5547,1113,24,0.23955773955773957,0.10373242850218128,0.963963963963964,0.8328828828828829,0.1671171171171171
1137,YBL074C YLR007W,0.0,NA,8.726866326469462e-06,642,5546,1114,24,0.2396942396942397,0.10374919198448611,0.963963963963964,0.8327327327327327,0.16726726726726726
1138,YLR443W YLR097C,0.0,NA,8.81840787769761e-06,642,5545,1115,24,0.23983073983073983,0.10376596088572813,0.963963963963964,0.8325825825825826,0.16741741741741742
1139,YKL072W YLR238W,0.0,NA,8.838951544021256e-06,642,5544,1116,24,0.23996723996723995,0.1037827352085354,0.963963963963964,0.8324324324324325,0.16756756756756758
1140,YNL129W YOR349W,0.0,NA,8.85449207999045e-06,642,5543,1117,24,0.2401037401037401,0.10379951495553759,0.963963963963964,0.8322822822822823,0.1677177177177177
1141,YER003C YBR192W,0.0,NA,8.856316526362207e-06,642,5542,1118,24,0.24024024024024024,0.1038163001293661,0.963963963963964,0.8321321321321321,0.16786786786786786
1142,YJR045C YKL139W,0.0,NA,8.858326509653125e-06,642,5541,1119,24,0.24037674037674037,0.10383309073265405,0.963963963963964,0.831981981981982,0.16801801801801802
1143,YDR146C YKR026C,0.0,NA,8.89632156031439e-06,642,5540,1120,24,0.24051324051324052,0.10384988676803623,0.963963963963964,0.8318318318318318,0.16816816816816818
1144,YPL086C YAL027W,0.0,NA,8.95674656931078e-06,642,5539,1121,24,0.24064974064974065,0.10386668823814917,0.963963963963964,0.8316816816816817,0.1683183183183183
1145,YBR018C YJL104W,0.0,NA,8.992410585051402e-06,642,5538,1122,24,0.24078624078624078,0.10388349514563107,0.963963963963964,0.8315315315315316,0.16846846846846847
1146,YPR069C YCR011C,0.0,NA,9.010944268084131e-06,642,5537,1123,24,0.24092274092274094,0.10390030749312186,0.963963963963964,0.8313813813813814,0.16861861861861863
1147,YER147C YGR142W,0.0,NA,9.037158633873332e-06,642,5536,1124,24,0.24105924105924106,0.10391712528326319,0.963963963963964,0.8312312312312312,0.16876876876876876
1148,YGL048C YNR049C,0.0,NA,9.044133548741229e-06,642,5535,1125,24,0.2411957411957412,0.1039339485186984,0.963963963963964,0.831081081081081,0.16891891891891891
1149,YNL302C YDR530C,0.0,NA,9.064909136213828e-06,642,5534,1126,24,0.24133224133224132,0.10395077720207253,0.963963963963964,0.830930930930931,0.16906906906906907
1150,YOR394W YLR117C,0.0,NA,9.081549251277465e-06,642,5533,1127,24,0.24146874146874148,0.10396761133603238,0.963963963963964,0.8307807807807808,0.16921921921921923
1151,YLR157C YMR112C,0.0,NA,9.101680916501209e-06,642,5532,1128,24,0.2416052416052416,0.10398445092322643,0.963963963963964,0.8306306306306306,0.16936936936936936
1152,YKL211C YGL004C,0.0,NA,9.109635357162915e-06,642,5531,1129,24,0.24174174174174173,0.10400129596630488,0.963963963963964,0.8304804804804805,0.16951951951951952
1153,YGR043C YJL061W,0.0,NA,9.11738879949553e-06,642,5530,1130,24,0.2418782418782419,0.10401814646791964,0.963963963963964,0.8303303303303303,0.16966966966966968
1154,YML012W YLR262C-A,0.0,NA,9.143484021478798e-06,642,5529,1131,24,0.24201474201474202,0.10403500243072436,0.963963963963964,0.8301801801801801,0.1698198198198198
1155,YGL135W YER110C,0.0,NA,9.161464731732849e-06,642,5528,1132,24,0.24215124215124215,0.10405186385737439,0.963963963963964,0.8300300300300301,0.16996996996996996
1156,YHR206W YDL049C,0.0,NA,9.210153621097561e-06,642,5527,1133,24,0.24228774228774227,0.10406873075052683,0.963963963963964,0.8298798798798799,0.17012012012012012
1157,YOR040W YDR092W,0.0,NA,9.232639968104195e-06,642,5526,1134,24,0.24242424242424243,0.10408560311284047,0.963963963963964,0.8297297297297297,0.17027027027027028
1158,YEL069C YMR119W,0.0,NA,9.273629075323697e-06,642,5525,1135,24,0.24256074256074256,0.10410248094697584,0.963963963963964,0.8295795795795796,0.1704204204204204
1159,YDR373W YOR337W,0.0,NA,9.37415097723715e-06,642,5524,1136,24,0.2426972426972427,0.1041193642555952,0.963963963963964,0.8294294294294294,0.17057057057057057
1160,YNL298W YNL328C,0.0,NA,9.459628017793875e-06,642,5523,1137,24,0.24283374283374284,0.10413625304136254,0.963963963963964,0.8292792792792792,0.17072072072072073
1161,YDR076W YDR182W,0.0,NA,9.484251677349675e-06,642,5522,1138,24,0.24297024297024297,0.10415314730694354,0.963963963963964,0.8291291291291292,0.17087087087087088
1162,YDL135C YLR388W,0.0,NA,9.484414476901293e-06,642,5521,1139,24,0.2431067431067431,0.10417004705500568,0.963963963963964,0.828978978978979,0.171021021021021
1163,YHR092C YCR071C,1.0,NA,9.530029274174012e-06,641,5521,1139,25,0.24297024297024297,0.10402466731580656,0.9624624624624625,0.828978978978979,0.171021021021021
1164,YDL002C YIL134W,0.0,NA,9.55069117480889e-06,641,5520,1140,25,0.2431067431067431,0.10404155169615323,0.9624624624624625,0.8288288288288288,0.17117117117117117
1165,YMR184W YNR033W,0.0,NA,9.551875336910598e-06,641,5519,1141,25,0.24324324324324326,0.10405844155844156,0.9624624624624625,0.8286786786786787,0.17132132132132133
1166,YDR437W YDR447C,0.0,NA,9.603610124031547e-06,641,5518,1142,25,0.24337974337974339,0.10407533690534178,0.9624624624624625,0.8285285285285285,0.17147147147147146
1167,YBL027W YBL051C,0.0,NA,9.635425158194266e-06,641,5517,1143,25,0.2435162435162435,0.10409223773952582,0.9624624624624625,0.8283783783783784,0.17162162162162162
1168,YOR339C YGL092W,0.0,NA,9.65581875789212e-06,641,5516,1144,25,0.24365274365274364,0.10410914406366736,0.9624624624624625,0.8282282282282283,0.17177177177177178
1169,YNL160W YOR229W,0.0,NA,9.656868314777967e-06,641,5515,1145,25,0.2437892437892438,0.10412605588044184,0.9624624624624625,0.8280780780780781,0.17192192192192193
1170,YBR173C YGR274C,0.0,NA,9.69113261817256e-06,641,5514,1146,25,0.24392574392574393,0.1041429731925264,0.9624624624624625,0.8279279279279279,0.17207207207207206
1171,YKL059C YGR188C,0.0,NA,9.72792986431159e-06,641,5513,1147,25,0.24406224406224405,0.10415989600259994,0.9624624624624625,0.8277777777777777,0.17222222222222222
1172,YLR139C YGL191W,1.0,NA,9.73177156993188e-06,640,5513,1147,26,0.24392574392574393,0.1040143019665204,0.960960960960961,0.8277777777777777,0.17222222222222222
1173,YDL077C YGL059W,0.0,NA,9.7710253612604e-06,640,5512,1148,26,0.24406224406224405,0.10403120936280884,0.960960960960961,0.8276276276276276,0.17237237237237238
1174,YOR381W YDL243C,0.0,NA,9.8103719210485e-06,640,5511,1149,26,0.2441987441987442,0.10404812225654365,0.960960960960961,0.8274774774774775,0.1725225225225225
1175,YLR182W YOL080C,0.0,NA,9.826383575273212e-06,640,5510,1150,26,0.24433524433524434,0.1040650406504065,0.960960960960961,0.8273273273273273,0.17267267267267267
1176,YDR395W YKL054C,0.0,NA,9.851435606833547e-06,640,5509,1151,26,0.24447174447174447,0.10408196454708082,0.960960960960961,0.8271771771771772,0.17282282282282282
1177,YHR075C YDR447C,0.0,NA,9.906407285598107e-06,640,5508,1152,26,0.2446082446082446,0.10409889394925179,0.960960960960961,0.827027027027027,0.17297297297297298
1178,YOR288C YHR066W,0.0,NA,9.908098945743404e-06,640,5507,1153,26,0.24474474474474475,0.10411582885960631,0.960960960960961,0.8268768768768768,0.1731231231231231
1179,YDL225W YJR072C,0.0,NA,9.914072506944649e-06,640,5506,1154,26,0.24488124488124488,0.10413276928083307,0.960960960960961,0.8267267267267268,0.17327327327327327
1180,YGL133W YLL002W,0.0,NA,9.927602150128223e-06,640,5505,1155,26,0.245017745017745,0.10414971521562245,0.960960960960961,0.8265765765765766,0.17342342342342343
1181,YPL155C YPR185W,0.0,NA,9.928851795848459e-06,640,5504,1156,26,0.24515424515424517,0.10416666666666667,0.960960960960961,0.8264264264264264,0.1735735735735736
1182,YDR395W YLR436C,0.0,NA,9.964319360733498e-06,640,5503,1157,26,0.2452907452907453,0.10418362363665962,0.960960960960961,0.8262762762762763,0.17372372372372372
1183,YMR197C YPL011C,0.0,NA,9.96565904642921e-06,640,5502,1158,26,0.24542724542724542,0.10420058612829697,0.960960960960961,0.8261261261261261,0.17387387387387387
1184,YCR098C YOL091W,0.0,NA,9.977774425351527e-06,640,5501,1159,26,0.24556374556374555,0.10421755414427618,0.960960960960961,0.8259759759759759,0.17402402402402403
1185,YGL095C YBR247C,0.0,NA,1.0004740033764392e-05,640,5500,1160,26,0.2457002457002457,0.10423452768729642,0.960960960960961,0.8258258258258259,0.17417417417417416
1186,YIL046W YMR113W,0.0,NA,1.0033154467237182e-05,640,5499,1161,26,0.24583674583674583,0.10425150676005863,0.960960960960961,0.8256756756756757,0.17432432432432432
1187,YLR409C YMR029C,0.0,NA,1.0144608495465945e-05,640,5498,1162,26,0.24597324597324596,0.10426849136526556,0.960960960960961,0.8255255255255255,0.17447447447447448
1188,YDR351W YPL050C,0.0,NA,1.0172043403144926e-05,640,5497,1163,26,0.24610974610974612,0.10428548150562164,0.960960960960961,0.8253753753753754,0.17462462462462464
1189,YKL143W YMR208W,0.0,NA,1.0240595656796359e-05,640,5496,1164,26,0.24624624624624625,0.10430247718383312,0.960960960960961,0.8252252252252252,0.17477477477477477
1190,YPL259C YNR017W,0.0,NA,1.0256487257720437e-05,640,5495,1165,26,0.24638274638274638,0.10431947840260798,0.960960960960961,0.825075075075075,0.17492492492492492
1191,YPR192W YDL220C,0.0,NA,1.0278205081704073e-05,640,5494,1166,26,0.24651924651924653,0.10433648516465602,0.960960960960961,0.824924924924925,0.17507507507507508
1192,YOR236W YDR279W,0.0,NA,1.030659223033581e-05,640,5493,1167,26,0.24665574665574666,0.10435349747268874,0.960960960960961,0.8247747747747748,0.1752252252252252
1193,YLR359W YGL004C,0.0,NA,1.036900812323438e-05,640,5492,1168,26,0.2467922467922468,0.10437051532941943,0.960960960960961,0.8246246246246246,0.17537537537537537
1194,YGL049C YPL232W,0.0,NA,1.0458667020429857e-05,640,5491,1169,26,0.24692874692874692,0.1043875387375632,0.960960960960961,0.8244744744744745,0.17552552552552553
1195,YGR229C YBL031W,0.0,NA,1.0488472071301658e-05,640,5490,1170,26,0.24706524706524707,0.10440456769983687,0.960960960960961,0.8243243243243243,0.17567567567567569
1196,YCL030C YJR082C,0.0,NA,1.0552301318966784e-05,640,5489,1171,26,0.2472017472017472,0.10442160221895905,0.960960960960961,0.8241741741741742,0.17582582582582582
1197,YDL113C YGL070C,0.0,NA,1.0556477718637325e-05,640,5488,1172,26,0.24733824733824733,0.10443864229765012,0.960960960960961,0.824024024024024,0.17597597597597597
1198,YHL007C YKL139W,0.0,NA,1.0564182957750745e-05,640,5487,1173,26,0.2474747474747475,0.10445568793863229,0.960960960960961,0.8238738738738739,0.17612612612612613
1199,YDR159W YMR101C,0.0,NA,1.0585360541881528e-05,640,5486,1174,26,0.24761124761124761,0.10447273914462944,0.960960960960961,0.8237237237237237,0.1762762762762763
1200,YGL090W YLR061W,0.0,NA,1.0607218428049237e-05,640,5485,1175,26,0.24774774774774774,0.10448979591836735,0.960960960960961,0.8235735735735735,0.17642642642642642
1201,YDR342C YKL120W,0.0,NA,1.0642794222803786e-05,640,5484,1176,26,0.24788424788424787,0.10450685826257348,0.960960960960961,0.8234234234234235,0.17657657657657658
1202,YBR196C YBR208C,0.0,NA,1.0714069503592327e-05,640,5483,1177,26,0.24802074802074803,0.10452392617997713,0.960960960960961,0.8232732732732733,0.17672672672672673
1203,YGL008C YGR142W,0.0,NA,1.0728261258918792e-05,640,5482,1178,26,0.24815724815724816,0.10454099967330938,0.960960960960961,0.8231231231231231,0.17687687687687687
1204,YCR066W YGL031C,0.0,NA,1.0808083061419893e-05,640,5481,1179,26,0.24829374829374828,0.10455807874530305,0.960960960960961,0.822972972972973,0.17702702702702702
1205,YIR027C YMR059W,0.0,NA,1.081202117347857e-05,640,5480,1180,26,0.24843024843024844,0.10457516339869281,0.960960960960961,0.8228228228228228,0.17717717717717718
1206,YDR429C YLR182W,0.0,NA,1.0882748028961942e-05,640,5479,1181,26,0.24856674856674857,0.10459225363621506,0.960960960960961,0.8226726726726726,0.17732732732732734
1207,YLR139C YPL111W,1.0,NA,1.0889631084864959e-05,639,5479,1181,27,0.24843024843024844,0.10444589735207584,0.9594594594594594,0.8226726726726726,0.17732732732732734
1208,YGR041W YBL021C,0.0,NA,1.0962642591039184e-05,639,5478,1182,27,0.24856674856674857,0.10446297204512016,0.9594594594594594,0.8225225225225226,0.17747747747747747
1209,YPL230W YPL006W,0.0,NA,1.0997228855558205e-05,639,5477,1183,27,0.2487032487032487,0.10448005232177894,0.9594594594594594,0.8223723723723724,0.17762762762762763
1210,YOR344C YKL208W,0.0,NA,1.099871860787971e-05,639,5476,1184,27,0.24883974883974885,0.10449713818479149,0.9594594594594594,0.8222222222222222,0.17777777777777778
1211,YGL095C YER147C,0.0,NA,1.1022397302440368e-05,639,5475,1185,27,0.24897624897624898,0.10451422963689892,0.9594594594594594,0.8220720720720721,0.17792792792792791
1212,YDR237W YCL055W,0.0,NA,1.1022428225260228e-05,639,5474,1186,27,0.2491127491127491,0.1045313266808441,0.9594594594594594,0.8219219219219219,0.17807807807807807
1213,YLR134W YER043C,0.0,NA,1.1063226338592358e-05,639,5473,1187,27,0.24924924924924924,0.10454842931937172,0.9594594594594594,0.8217717717717717,0.17822822822822823
1214,YMR260C YGR159C,0.0,NA,1.1212780918867793e-05,639,5472,1188,27,0.2493857493857494,0.10456553755522828,0.9594594594594594,0.8216216216216217,0.1783783783783784
1215,YIR032C YBL063W,0.0,NA,1.1236008504056372e-05,639,5471,1189,27,0.24952224952224952,0.10458265139116203,0.9594594594594594,0.8214714714714715,0.17852852852852852
1216,YGR095C YMR229C,0.0,NA,1.1259478014835622e-05,639,5470,1190,27,0.24965874965874965,0.10459977082992307,0.9594594594594594,0.8213213213213213,0.17867867867867868
1217,YDL065C YGR220C,0.0,NA,1.1297737728455104e-05,639,5469,1191,27,0.2497952497952498,0.10461689587426326,0.9594594594594594,0.8211711711711712,0.17882882882882883
1218,YLR367W YDR517W,0.0,NA,1.1369428648322355e-05,639,5468,1192,27,0.24993174993174994,0.1046340265269363,0.9594594594594594,0.821021021021021,0.178978978978979
1219,YOL109W YDR516C,0.0,NA,1.1398643437132705e-05,639,5467,1193,27,0.25006825006825006,0.10465116279069768,0.9594594594594594,0.8208708708708709,0.17912912912912912
1220,YDL092W YDR517W,0.0,NA,1.1418489521020092e-05,639,5466,1194,27,0.2502047502047502,0.10466830466830467,0.9594594594594594,0.8207207207207208,0.17927927927927928
1221,YPL243W YOR367W,0.0,NA,1.1487507435958833e-05,639,5465,1195,27,0.2503412503412503,0.10468545216251639,0.9594594594594594,0.8205705705705706,0.17942942942942944
1222,YGR034W YBR055C,0.0,NA,1.1587567314563785e-05,639,5464,1196,27,0.2504777504777505,0.10470260527609372,0.9594594594594594,0.8204204204204204,0.17957957957957957
1223,YBR008C YGR120C,0.0,NA,1.159538260253612e-05,639,5463,1197,27,0.25061425061425063,0.10471976401179942,0.9594594594594594,0.8202702702702702,0.17972972972972973
1224,YPR168W YLR093C,0.0,NA,1.1614041795837693e-05,639,5462,1198,27,0.25075075075075076,0.10473692837239797,0.9594594594594594,0.8201201201201201,0.17987987987987988
1225,YIR027C YIL051C,0.0,NA,1.1654783520498313e-05,639,5461,1199,27,0.2508872508872509,0.10475409836065573,0.9594594594594594,0.81996996996997,0.18003003003003004
1226,YOL142W YKL019W,0.0,NA,1.1676443136821035e-05,639,5460,1200,27,0.251023751023751,0.10477127397934087,0.9594594594594594,0.8198198198198198,0.18018018018018017
1227,YCL038C YAR015W,0.0,NA,1.1708334568538703e-05,639,5459,1201,27,0.25116025116025115,0.10478845523122335,0.9594594594594594,0.8196696696696697,0.18033033033033033
1228,YDL002C YPR093C,0.0,NA,1.1820830877695698e-05,639,5458,1202,27,0.2512967512967513,0.10480564211907495,0.9594594594594594,0.8195195195195195,0.1804804804804805
1229,YJR002W YDR525W-A,0.0,NA,1.1825081855931785e-05,639,5457,1203,27,0.25143325143325146,0.10482283464566929,0.9594594594594594,0.8193693693693693,0.18063063063063062
1230,YAL001C YDR405W,0.0,NA,1.1837651072710287e-05,639,5456,1204,27,0.2515697515697516,0.10484003281378179,0.9594594594594594,0.8192192192192193,0.18078078078078078
1231,YER112W YLR371W,0.0,NA,1.1890261703229044e-05,639,5455,1205,27,0.2517062517062517,0.10485723662618969,0.9594594594594594,0.8190690690690691,0.18093093093093093
1232,YOR161C YLR093C,0.0,NA,1.1932235793210566e-05,639,5454,1206,27,0.25184275184275184,0.10487444608567208,0.9594594594594594,0.8189189189189189,0.1810810810810811
1233,YLR293C YDR378C,0.0,NA,1.1944702237087768e-05,639,5453,1207,27,0.251979251979252,0.10489166119500985,0.9594594594594594,0.8187687687687688,0.18123123123123122
1234,YGL139W YDR085C,0.0,NA,1.208301091537578e-05,639,5452,1208,27,0.2521157521157521,0.10490888195698572,0.9594594594594594,0.8186186186186186,0.18138138138138138
1235,YOR161C YNL290W,0.0,NA,1.2086722563253716e-05,639,5451,1209,27,0.25225225225225223,0.10492610837438424,0.9594594594594594,0.8184684684684684,0.18153153153153154
1236,YBR017C YMR204C,0.0,NA,1.2228914783918299e-05,639,5450,1210,27,0.2523887523887524,0.10494334044999179,0.9594594594594594,0.8183183183183184,0.1816816816816817
1237,YOL091W YNL316C,0.0,NA,1.2310705642448738e-05,639,5449,1211,27,0.25252525252525254,0.10496057818659658,0.9594594594594594,0.8181681681681682,0.18183183183183182
1238,YDL243C YMR012W,0.0,NA,1.2317799701122567e-05,639,5448,1212,27,0.25266175266175267,0.10497782158698866,0.9594594594594594,0.818018018018018,0.18198198198198198
1239,YOR009W YLR371W,0.0,NA,1.231805799761787e-05,639,5447,1213,27,0.2527982527982528,0.10499507065395991,0.9594594594594594,0.8178678678678679,0.18213213213213214
1240,YGR081C YGL048C,0.0,NA,1.2355400940577965e-05,639,5446,1214,27,0.2529347529347529,0.10501232539030403,0.9594594594594594,0.8177177177177177,0.18228228228228227
1241,YJL061W YPL024W,0.0,NA,1.237051583302673e-05,639,5445,1215,27,0.25307125307125306,0.10502958579881656,0.9594594594594594,0.8175675675675675,0.18243243243243243
1242,YLR284C YJL052W,0.0,NA,1.2379485269775614e-05,639,5444,1216,27,0.2532077532077532,0.10504685188229491,0.9594594594594594,0.8174174174174175,0.1825825825825826
1243,YFL010W-A YNL183C,0.0,NA,1.2420530765666626e-05,639,5443,1217,27,0.25334425334425337,0.10506412364353832,0.9594594594594594,0.8172672672672673,0.18273273273273274
1244,YLR115W YKL155C,0.0,NA,1.242172766069416e-05,639,5442,1218,27,0.2534807534807535,0.1050814010853478,0.9594594594594594,0.8171171171171171,0.18288288288288287
1245,YLR362W YPR023C,0.0,NA,1.2430366041371599e-05,639,5441,1219,27,0.2536172536172536,0.10509868421052632,0.9594594594594594,0.8169669669669669,0.18303303303303303
1246,YKR026C YLL019C,0.0,NA,1.257459916814696e-05,639,5440,1220,27,0.25375375375375375,0.1051159730218786,0.9594594594594594,0.8168168168168168,0.1831831831831832
1247,YHR085W YKL010C,0.0,NA,1.2590869118866976e-05,639,5439,1221,27,0.2538902538902539,0.10513326752221125,0.9594594594594594,0.8166666666666667,0.18333333333333332
1248,YLR139C YLR201C,1.0,NA,1.2643041372939479e-05,638,5439,1221,28,0.25375375375375375,0.10498601283528057,0.9579579579579579,0.8166666666666667,0.18333333333333332
1249,YOR211C YKR026C,0.0,NA,1.2653861631406471e-05,638,5438,1222,28,0.2538902538902539,0.10500329163923634,0.9579579579579579,0.8165165165165165,0.18348348348348348
1250,YKR025W YGR258C,0.0,NA,1.2747160326398443e-05,638,5437,1223,28,0.254026754026754,0.10502057613168725,0.9579579579579579,0.8163663663663664,0.18363363363363364
1251,YOR381W YDR343C,0.0,NA,1.2747622349706944e-05,638,5436,1224,28,0.25416325416325414,0.10503786631544287,0.9579579579579579,0.8162162162162162,0.1837837837837838
1252,YIL134W YDR295C,0.0,NA,1.2760052413796075e-05,638,5435,1225,28,0.2542997542997543,0.10505516219331468,0.9579579579579579,0.816066066066066,0.18393393393393392
1253,YNR043W YGL091C,0.0,NA,1.2790510481863748e-05,638,5434,1226,28,0.25443625443625445,0.10507246376811594,0.9579579579579579,0.815915915915916,0.18408408408408408
1254,YPL240C YBR196C,0.0,NA,1.2796586815966293e-05,638,5433,1227,28,0.2545727545727546,0.10508977104266183,0.9579579579579579,0.8157657657657658,0.18423423423423424
1255,YKL159C YMR203W,0.0,NA,1.2804229299945291e-05,638,5432,1228,28,0.2547092547092547,0.10510708401976936,0.9579579579579579,0.8156156156156156,0.1843843843843844
1256,YOL001W YOL096C,0.0,NA,1.2908246389997657e-05,638,5431,1229,28,0.25484575484575483,0.10512440270225737,0.9579579579579579,0.8154654654654655,0.18453453453453453
1257,YMR197C YLR109W,0.0,NA,1.2929078366141766e-05,638,5430,1230,28,0.25498225498225496,0.1051417270929466,0.9579579579579579,0.8153153153153153,0.18468468468468469
1258,YDR076W YDR351W,0.0,NA,1.2946242350153625e-05,638,5429,1231,28,0.2551187551187551,0.10515905719465964,0.9579579579579579,0.8151651651651651,0.18483483483483484
1259,YDL045C YPL230W,0.0,NA,1.3105269317748025e-05,638,5428,1232,28,0.2552552552552553,0.1051763930102209,0.9579579579579579,0.815015015015015,0.18498498498498497
1260,YLL034C YBR078W,0.0,NA,1.310531843046192e-05,638,5427,1233,28,0.2553917553917554,0.10519373454245672,0.9579579579579579,0.8148648648648649,0.18513513513513513
1261,YPR138C YGR097W,0.0,NA,1.3116771697241347e-05,638,5426,1234,28,0.25552825552825553,0.10521108179419525,0.9579579579579579,0.8147147147147147,0.1852852852852853
1262,YGL090W YMR203W,0.0,NA,1.316370162385283e-05,638,5425,1235,28,0.25566475566475566,0.10522843476826653,0.9579579579579579,0.8145645645645646,0.18543543543543545
1263,YLR418C YIR004W,0.0,NA,1.3168535588192753e-05,638,5424,1236,28,0.2558012558012558,0.10524579346750247,0.9579579579579579,0.8144144144144144,0.18558558558558558
1264,YOR388C YDR085C,0.0,NA,1.326049277849961e-05,638,5423,1237,28,0.2559377559377559,0.10526315789473684,0.9579579579579579,0.8142642642642642,0.18573573573573574
1265,YLR086W YML095C,0.0,NA,1.3264451808936428e-05,638,5422,1238,28,0.2560742560742561,0.10528052805280529,0.9579579579579579,0.8141141141141142,0.1858858858858859
1266,YLR014C YPL224C,0.0,NA,1.3274272532726172e-05,638,5421,1239,28,0.25621075621075623,0.1052979039445453,0.9579579579579579,0.813963963963964,0.18603603603603602
1267,YHL040C YNL189W,0.0,NA,1.3294870768731926e-05,638,5420,1240,28,0.25634725634725636,0.1053152855727963,0.9579579579579579,0.8138138138138138,0.18618618618618618
1268,YKL073W YOR116C,0.0,NA,1.3296963516040705e-05,638,5419,1241,28,0.2564837564837565,0.10533267294039954,0.9579579579579579,0.8136636636636637,0.18633633633633634
1269,YHR092C YJL209W,1.0,NA,1.3330800356925465e-05,637,5419,1241,29,0.25634725634725636,0.10518494055482167,0.9564564564564565,0.8136636636636637,0.18633633633633634
1270,YOR348C YDL092W,0.0,NA,1.3380806194618344e-05,637,5418,1242,29,0.2564837564837565,0.10520231213872833,0.9564564564564565,0.8135135135135135,0.1864864864864865
1271,YHR031C YML026C,0.0,NA,1.3435648725135252e-05,637,5417,1243,29,0.2566202566202566,0.10521968946151306,0.9564564564564565,0.8133633633633633,0.18663663663663663
1272,YDR365C YDL192W,0.0,NA,1.3451354789140169e-05,637,5416,1244,29,0.25675675675675674,0.10523707252602016,0.9564564564564565,0.8132132132132132,0.18678678678678678
1273,YDL077C YJL008C,0.0,NA,1.3528543604479637e-05,637,5415,1245,29,0.25689325689325687,0.10525446133509583,0.9564564564564565,0.8130630630630631,0.18693693693693694
1274,YOR117W YGR033C,0.0,NA,1.3567509995482396e-05,637,5414,1246,29,0.25702975702975706,0.10527185589158816,0.9564564564564565,0.8129129129129129,0.1870870870870871
1275,YDR323C YIR028W,0.0,NA,1.3580831364379264e-05,637,5413,1247,29,0.2571662571662572,0.10528925619834711,0.9564564564564565,0.8127627627627627,0.18723723723723723
1276,YPL239W YDR128W,0.0,NA,1.3626718100567814e-05,637,5412,1248,29,0.2573027573027573,0.1053066622582245,0.9564564564564565,0.8126126126126126,0.1873873873873874
1277,YMR133W YBR088C,0.0,NA,1.3678302821062971e-05,637,5411,1249,29,0.25743925743925744,0.10532407407407407,0.9564564564564565,0.8124624624624625,0.18753753753753755
1278,YML111W YDR440W,0.0,NA,1.3776460036751814e-05,637,5410,1250,29,0.25757575757575757,0.10534149164875145,0.9564564564564565,0.8123123123123123,0.18768768768768768
1279,YHR152W YGL048C,0.0,NA,1.3816063983540516e-05,637,5409,1251,29,0.2577122577122577,0.10535891498511413,0.9564564564564565,0.8121621621621622,0.18783783783783783
1280,YOR117W YOR046C,0.0,NA,1.38422692543827e-05,637,5408,1252,29,0.2578487578487578,0.1053763440860215,0.9564564564564565,0.812012012012012,0.187987987987988
1281,YPR041W YJL108C,0.0,NA,1.3883450264984276e-05,637,5407,1253,29,0.257985257985258,0.10539377895433488,0.9564564564564565,0.8118618618618618,0.18813813813813815
1282,YNL053W YAL027W,0.0,NA,1.3968379789730534e-05,637,5406,1254,29,0.25812175812175814,0.10541121959291742,0.9564564564564565,0.8117117117117117,0.18828828828828828
1283,YOR033C YGR006W,0.0,NA,1.3977667549625039e-05,637,5405,1255,29,0.25825825825825827,0.10542866600463423,0.9564564564564565,0.8115615615615616,0.18843843843843844
1284,YKL144C YJR002W,0.0,NA,1.4067237316339742e-05,637,5404,1256,29,0.2583947583947584,0.10544611819235226,0.9564564564564565,0.8114114114114114,0.1885885885885886
1285,YGR044C YNL316C,0.0,NA,1.4096889572101645e-05,637,5403,1257,29,0.2585312585312585,0.10546357615894039,0.9564564564564565,0.8112612612612613,0.18873873873873873
1286,YMR139W YMR184W,0.0,NA,1.4147609363135416e-05,637,5402,1258,29,0.25866775866775865,0.10548103990726941,0.9564564564564565,0.8111111111111111,0.18888888888888888
1287,YPL154C YOR046C,0.0,NA,1.4183773600962013e-05,637,5401,1259,29,0.2588042588042588,0.105498509440212,0.9564564564564565,0.8109609609609609,0.18903903903903904
1288,YDL116W YGR220C,0.0,NA,1.4249094419938046e-05,637,5400,1260,29,0.25894075894075896,0.10551598476064271,0.9564564564564565,0.8108108108108109,0.1891891891891892
1289,YDR023W YOR069W,0.0,NA,1.4271301552071236e-05,637,5399,1261,29,0.2590772590772591,0.10553346587143804,0.9564564564564565,0.8106606606606607,0.18933933933933933
1290,YFL021W YBR048W,0.0,NA,1.4293747881310992e-05,637,5398,1262,29,0.2592137592137592,0.10555095277547638,0.9564564564564565,0.8105105105105105,0.1894894894894895
1291,YOL032W YOR273C,0.0,NA,1.4353826372826006e-05,637,5397,1263,29,0.25935025935025935,0.10556844547563805,0.9564564564564565,0.8103603603603604,0.18963963963963965
1292,YCL039W YCR105W,0.0,NA,1.4460388229053933e-05,637,5396,1264,29,0.2594867594867595,0.10558594397480524,0.9564564564564565,0.8102102102102102,0.1897897897897898
1293,YDL077C YBR058C,0.0,NA,1.4508846106764395e-05,637,5395,1265,29,0.2596232596232596,0.10560344827586207,0.9564564564564565,0.81006006006006,0.18993993993993993
1294,YBR018C YBL031W,0.0,NA,1.4524087418976706e-05,637,5394,1266,29,0.25975975975975973,0.10562095838169458,0.9564564564564565,0.80990990990991,0.1900900900900901
1295,YKL108W YNL020C,0.0,NA,1.4531694432662334e-05,637,5393,1267,29,0.2598962598962599,0.10563847429519072,0.9564564564564565,0.8097597597597598,0.19024024024024025
1296,YOR344C YDR517W,0.0,NA,1.4546531019732356e-05,637,5392,1268,29,0.26003276003276005,0.10565599601924033,0.9564564564564565,0.8096096096096096,0.19039039039039038
1297,YBR008C YJR025C,0.0,NA,1.4559686860593501e-05,637,5391,1269,29,0.2601692601692602,0.10567352355673523,0.9564564564564565,0.8094594594594594,0.19054054054054054
1298,YKL188C YMR318C,0.0,NA,1.4606583135901019e-05,637,5390,1270,29,0.2603057603057603,0.10569105691056911,0.9564564564564565,0.8093093093093093,0.1906906906906907
1299,YDR023W YBR127C,0.0,NA,1.4668338735646103e-05,637,5389,1271,29,0.26044226044226043,0.10570859608363757,0.9564564564564565,0.8091591591591591,0.19084084084084085
1300,YLR182W YHR082C,0.0,NA,1.480971241107909e-05,637,5388,1272,29,0.26057876057876056,0.10572614107883817,0.9564564564564565,0.809009009009009,0.19099099099099098
1301,YCL014W YIL135C,0.0,NA,1.4815757822361775e-05,637,5387,1273,29,0.2607152607152607,0.10574369189907039,0.9564564564564565,0.8088588588588589,0.19114114114114114
1302,YJL061W YGL203C,0.0,NA,1.4893715160724241e-05,637,5386,1274,29,0.26085176085176087,0.10576124854723559,0.9564564564564565,0.8087087087087087,0.1912912912912913
1303,YNL129W YER112W,0.0,NA,1.4920171452104114e-05,637,5385,1275,29,0.260988260988261,0.10577881102623712,0.9564564564564565,0.8085585585585585,0.19144144144144143
1304,YPL234C YDR120C,0.0,NA,1.4931630175851751e-05,637,5384,1276,29,0.26112476112476113,0.10579637933898024,0.9564564564564565,0.8084084084084084,0.1915915915915916
1305,YDR013W YLR425W,0.0,NA,1.5106267710507382e-05,637,5383,1277,29,0.26126126126126126,0.1058139534883721,0.9564564564564565,0.8082582582582583,0.19174174174174174
1306,YGR119C YBR044C,0.0,NA,1.512105609435821e-05,637,5382,1278,29,0.2613977613977614,0.10583153347732181,0.9564564564564565,0.8081081081081081,0.1918918918918919
1307,YKL059C YDR238C,0.0,NA,1.5129292478377465e-05,637,5381,1279,29,0.2615342615342615,0.10584911930874044,0.9564564564564565,0.807957957957958,0.19204204204204203
1308,YEL065W YMR285C,0.0,NA,1.5194488696579356e-05,637,5380,1280,29,0.2616707616707617,0.10586671098554097,0.9564564564564565,0.8078078078078078,0.1921921921921922
1309,YGL116W YPL129W,0.0,NA,1.5227374206006061e-05,637,5379,1281,29,0.2618072618072618,0.10588430851063829,0.9564564564564565,0.8076576576576576,0.19234234234234235
1310,YMR061W YNL160W,0.0,NA,1.541725760034751e-05,637,5378,1282,29,0.26194376194376195,0.1059019118869493,0.9564564564564565,0.8075075075075075,0.1924924924924925
1311,YOR130C YPR178W,0.0,NA,1.5482102753594518e-05,637,5377,1283,29,0.2620802620802621,0.10591952111739275,0.9564564564564565,0.8073573573573574,0.19264264264264264
1312,YHR046C YNR043W,0.0,NA,1.5534145859419368e-05,637,5376,1284,29,0.2622167622167622,0.10593713620488941,0.9564564564564565,0.8072072072072072,0.1927927927927928
1313,YOL091W YDR273W,0.0,NA,1.5592266208841465e-05,637,5375,1285,29,0.26235326235326234,0.10595475715236194,0.9564564564564565,0.8070570570570571,0.19294294294294295
1314,YOL032W YDR273W,0.0,NA,1.565495040267706e-05,637,5374,1286,29,0.26248976248976247,0.10597238396273499,0.9564564564564565,0.8069069069069069,0.19309309309309308
1315,YNR017W YHR069C,0.0,NA,1.5718034774181433e-05,637,5373,1287,29,0.26262626262626265,0.1059900166389351,0.9564564564564565,0.8067567567567567,0.19324324324324324
1316,YGR166W YOR249C,0.0,NA,1.5719773728051223e-05,637,5372,1288,29,0.2627627627627628,0.10600765518389083,0.9564564564564565,0.8066066066066067,0.1933933933933934
1317,YOR148C YOR270C,0.0,NA,1.5725170669611543e-05,637,5371,1289,29,0.2628992628992629,0.10602529960053263,0.9564564564564565,0.8064564564564565,0.19354354354354356
1318,YPR192W YOR126C,0.0,NA,1.5778347005834803e-05,637,5370,1290,29,0.26303576303576304,0.10604294989179291,0.9564564564564565,0.8063063063063063,0.19369369369369369
1319,YDL002C YGL004C,0.0,NA,1.5783645721967332e-05,637,5369,1291,29,0.26317226317226317,0.10606060606060606,0.9564564564564565,0.8061561561561561,0.19384384384384384
1320,YOR288C YDL022W,0.0,NA,1.5843092114664614e-05,637,5368,1292,29,0.2633087633087633,0.1060782681099084,0.9564564564564565,0.806006006006006,0.193993993993994
1321,YLL002W YOL104C,0.0,NA,1.6010364561225288e-05,637,5367,1293,29,0.2634452634452634,0.10609593604263824,0.9564564564564565,0.8058558558558558,0.19414414414414413
1322,YDL065C YOL124C,0.0,NA,1.6120015061460435e-05,637,5366,1294,29,0.2635817635817636,0.1061136098617358,0.9564564564564565,0.8057057057057057,0.1942942942942943
1323,YOL030W YPR185W,0.0,NA,1.6125857655424625e-05,637,5365,1295,29,0.26371826371826373,0.10613128957014328,0.9564564564564565,0.8055555555555556,0.19444444444444445
1324,YDR255C YLR443W,0.0,NA,1.6177735233213753e-05,637,5364,1296,29,0.26385476385476386,0.10614897517080486,0.9564564564564565,0.8054054054054054,0.1945945945945946
1325,YBL027W YKL170W,0.0,NA,1.6225014405790716e-05,637,5363,1297,29,0.263991263991264,0.10616666666666667,0.9564564564564565,0.8052552552552552,0.19474474474474474
1326,YEL040W YLR088W,0.0,NA,1.6333578969351947e-05,637,5362,1298,29,0.2641277641277641,0.10618436406067679,0.9564564564564565,0.8051051051051051,0.1948948948948949
1327,YDR400W YGR258C,0.0,NA,1.6366588170058094e-05,637,5361,1299,29,0.26426426426426425,0.10620206735578526,0.9564564564564565,0.804954954954955,0.19504504504504505
1328,YAL038W YML009C,0.0,NA,1.6425474314019084e-05,637,5360,1300,29,0.2644007644007644,0.10621977655494413,0.9564564564564565,0.8048048048048048,0.19519519519519518
1329,YML064C YDR295C,0.0,NA,1.6458730897284113e-05,637,5359,1301,29,0.26453726453726456,0.10623749166110741,0.9564564564564565,0.8046546546546547,0.19534534534534534
1330,YNL330C YOR007C,0.0,NA,1.646612690819893e-05,637,5358,1302,29,0.2646737646737647,0.10625521267723102,0.9564564564564565,0.8045045045045045,0.1954954954954955
1331,YNL288W YLR160C,0.0,NA,1.6484980733366683e-05,637,5357,1303,29,0.2648102648102648,0.10627293960627295,0.9564564564564565,0.8043543543543543,0.19564564564564565
1332,YOR099W YDR159W,0.0,NA,1.6542730008950457e-05,637,5356,1304,29,0.26494676494676495,0.10629067245119306,0.9564564564564565,0.8042042042042042,0.19579579579579579
1333,YJR155W YMR318C,0.0,NA,1.6620548194623552e-05,637,5355,1305,29,0.2650832650832651,0.10630841121495327,0.9564564564564565,0.8040540540540541,0.19594594594594594
1334,YDR013W YDR508C,0.0,NA,1.6682795831002295e-05,637,5354,1306,29,0.2652197652197652,0.10632615590051744,0.9564564564564565,0.8039039039039039,0.1960960960960961
1335,YOR372C YKR104W,0.0,NA,1.6854046407388523e-05,637,5353,1307,29,0.26535626535626533,0.10634390651085142,0.9564564564564565,0.8037537537537538,0.19624624624624626
1336,YGR119C YOR177C,0.0,NA,1.6904350559343584e-05,637,5352,1308,29,0.2654927654927655,0.10636166304892303,0.9564564564564565,0.8036036036036036,0.1963963963963964
1337,YDL154W YJL198W,0.0,NA,1.6908881661947817e-05,637,5351,1309,29,0.26562926562926564,0.10637942551770208,0.9564564564564565,0.8034534534534534,0.19654654654654655
1338,YNR039C YIL160C,0.0,NA,1.696452272881288e-05,637,5350,1310,29,0.26576576576576577,0.10639719392016035,0.9564564564564565,0.8033033033033034,0.1966966966966967
1339,YML012W YBR280C,0.0,NA,1.7009704606607556e-05,637,5349,1311,29,0.2659022659022659,0.10641496825927163,0.9564564564564565,0.8031531531531532,0.19684684684684683
1340,YBR031W YKL019W,0.0,NA,1.703111411188729e-05,637,5348,1312,29,0.26603876603876603,0.1064327485380117,0.9564564564564565,0.803003003003003,0.196996996996997
1341,YOL096C YLR071C,0.0,NA,1.7083004422602244e-05,637,5347,1313,29,0.26617526617526616,0.10645053475935828,0.9564564564564565,0.8028528528528529,0.19714714714714715
1342,YGL139W YHR096C,0.0,NA,1.7154150555143133e-05,637,5346,1314,29,0.2663117663117663,0.10646832692629116,0.9564564564564565,0.8027027027027027,0.1972972972972973
1343,YJL184W YHR079C-A,0.0,NA,1.7178082998725586e-05,637,5345,1315,29,0.26644826644826647,0.10648612504179204,0.9564564564564565,0.8025525525525525,0.19744744744744744
1344,YGL080W YLR013W,0.0,NA,1.724452704365831e-05,637,5344,1316,29,0.2665847665847666,0.10650392910884468,0.9564564564564565,0.8024024024024023,0.1975975975975976
1345,YDR482C YGR032W,0.0,NA,1.7368591215927154e-05,637,5343,1317,29,0.2667212667212667,0.10652173913043478,0.9564564564564565,0.8022522522522523,0.19774774774774775
1346,YPR001W YJL209W,1.0,NA,1.741745654726401e-05,636,5343,1317,30,0.2665847665847666,0.10637230306071249,0.954954954954955,0.8022522522522523,0.19774774774774775
1347,YNL116W YBL084C,0.0,NA,1.75068653334165e-05,636,5342,1318,30,0.2667212667212667,0.10639009702241552,0.954954954954955,0.8021021021021021,0.19789789789789788
1348,YLR432W YER053C,0.0,NA,1.7545726223033853e-05,636,5341,1319,30,0.26685776685776685,0.10640789693826334,0.954954954954955,0.8019519519519519,0.19804804804804804
1349,YPR111W YDR371W,0.0,NA,1.7598360500414856e-05,636,5340,1320,30,0.266994266994267,0.10642570281124498,0.954954954954955,0.8018018018018018,0.1981981981981982
1350,YPL097W YPR141C,0.0,NA,1.761204475769773e-05,636,5339,1321,30,0.2671307671307671,0.10644351464435146,0.954954954954955,0.8016516516516516,0.19834834834834836
1351,YPL001W YKR028W,0.0,NA,1.7704462152323686e-05,636,5338,1322,30,0.2672672672672673,0.10646133244057583,0.954954954954955,0.8015015015015015,0.1984984984984985
1352,YDL065C YGR279C,0.0,NA,1.7712787666823715e-05,636,5337,1323,30,0.2674037674037674,0.10647915620291311,0.954954954954955,0.8013513513513514,0.19864864864864865
1353,YPR069C YOR249C,0.0,NA,1.7764621588867158e-05,636,5336,1324,30,0.26754026754026755,0.10649698593436034,0.954954954954955,0.8012012012012012,0.1987987987987988
1354,YDR481C YDL231C,0.0,NA,1.7773771105566993e-05,636,5335,1325,30,0.2676767676767677,0.10651482163791659,0.954954954954955,0.801051051051051,0.19894894894894896
1355,YDL132W YOR349W,0.0,NA,1.7808179109124467e-05,636,5334,1326,30,0.2678132678132678,0.10653266331658291,0.954954954954955,0.8009009009009009,0.1990990990990991
1356,YDR092W YGR033C,0.0,NA,1.781789615051821e-05,636,5333,1327,30,0.26794976794976794,0.10655051097336238,0.954954954954955,0.8007507507507508,0.19924924924924925
1357,YDR437W YDR373W,0.0,NA,1.786543543857988e-05,636,5332,1328,30,0.26808626808626806,0.10656836461126006,0.954954954954955,0.8006006006006006,0.1993993993993994
1358,YGL035C YPR002W,0.0,NA,1.7956683223019354e-05,636,5331,1329,30,0.26822276822276825,0.10658622423328305,0.954954954954955,0.8004504504504505,0.19954954954954954
1359,YGL181W YGR166W,0.0,NA,1.803232589736581e-05,636,5330,1330,30,0.2683592683592684,0.10660408984244049,0.954954954954955,0.8003003003003003,0.1996996996996997
1360,YKL120W YPR107C,0.0,NA,1.804629573598504e-05,636,5329,1331,30,0.2684957684957685,0.1066219614417435,0.954954954954955,0.8001501501501501,0.19984984984984985
1361,YOR106W YJL010C,0.0,NA,1.8099828594131395e-05,636,5328,1332,30,0.26863226863226863,0.10663983903420524,0.954954954954955,0.8,0.2
1362,YPR128C YMR184W,0.0,NA,1.810103640309535e-05,636,5327,1333,30,0.26876876876876876,0.10665772262284086,0.954954954954955,0.7998498498498499,0.20015015015015014
1363,YMR139W YDL022W,0.0,NA,1.810117464629002e-05,636,5326,1334,30,0.2689052689052689,0.10667561221066756,0.954954954954955,0.7996996996996997,0.2003003003003003
1364,YGR095C YER112W,0.0,NA,1.82442890945822e-05,636,5325,1335,30,0.269041769041769,0.10669350780070458,0.954954954954955,0.7995495495495496,0.20045045045045046
1365,YCR005C YIL111W,1.0,NA,1.8259710486745462e-05,635,5325,1335,31,0.2689052689052689,0.10654362416107382,0.9534534534534534,0.7995495495495496,0.20045045045045046
1366,YGR274C YGL151W,0.0,NA,1.8305758203496225e-05,635,5324,1336,31,0.269041769041769,0.10656150360798791,0.9534534534534534,0.7993993993993994,0.2006006006006006
1367,YGL099W YMR112C,0.0,NA,1.8318507500225678e-05,635,5323,1337,31,0.2691782691782692,0.10657938905673045,0.9534534534534534,0.7992492492492492,0.20075075075075074
1368,YLR098C YKL060C,0.0,NA,1.8468606867827475e-05,635,5322,1338,31,0.26931476931476933,0.106597280510324,0.9534534534534534,0.7990990990990992,0.2009009009009009
1369,YLR025W YNL288W,0.0,NA,1.852491004683543e-05,635,5321,1339,31,0.26945126945126946,0.10661517797179315,0.9534534534534534,0.798948948948949,0.20105105105105106
1370,YOR067C YML016C,0.0,NA,1.8529397493693978e-05,635,5320,1340,31,0.2695877695877696,0.10663308144416457,0.9534534534534534,0.7987987987987988,0.2012012012012012
1371,YEL071W YBR058C,0.0,NA,1.8573149645817466e-05,635,5319,1341,31,0.2697242697242697,0.10665099093046691,0.9534534534534534,0.7986486486486486,0.20135135135135135
1372,YJR139C YLR085C,0.0,NA,1.8582486518425867e-05,635,5318,1342,31,0.26986076986076984,0.10666890643373089,0.9534534534534534,0.7984984984984985,0.2015015015015015
1373,YDR069C YFR003C,0.0,NA,1.8630804333952256e-05,635,5317,1343,31,0.26999726999727,0.10668682795698925,0.9534534534534534,0.7983483483483483,0.20165165165165166
1374,YNL189W YNL241C,0.0,NA,1.867219543782994e-05,635,5316,1344,31,0.27013377013377016,0.10670475550327677,0.9534534534534534,0.7981981981981981,0.2018018018018018
1375,YML012W YAL027W,0.0,NA,1.8685144823393784e-05,635,5315,1345,31,0.2702702702702703,0.10672268907563025,0.9534534534534534,0.7980480480480481,0.20195195195195195
1376,YKR030W YCR060W,0.0,NA,1.8906730474554934e-05,635,5314,1346,31,0.2704067704067704,0.10674062867708858,0.9534534534534534,0.7978978978978979,0.2021021021021021
1377,YDL154W YOR033C,0.0,NA,1.8908443962573074e-05,635,5313,1347,31,0.27054327054327054,0.10675857431069267,0.9534534534534534,0.7977477477477477,0.20225225225225224
1378,YOL049W YCL029C,0.0,NA,1.8943457689601928e-05,635,5312,1348,31,0.27067977067977067,0.10677652597948545,0.9534534534534534,0.7975975975975976,0.2024024024024024
1379,YMR197C YLR466W,0.0,NA,1.9017725207959302e-05,635,5311,1349,31,0.2708162708162708,0.10679448368651194,0.9534534534534534,0.7974474474474474,0.20255255255255256
1380,YKR057W YHR179W,0.0,NA,1.9028484530281276e-05,635,5310,1350,31,0.2709527709527709,0.10681244743481917,0.9534534534534534,0.7972972972972973,0.20270270270270271
1381,YOR033C YJR158W,0.0,NA,1.9096474716207013e-05,635,5309,1351,31,0.2710892710892711,0.10683041722745626,0.9534534534534534,0.7971471471471472,0.20285285285285284
1382,YHR074W YLR090W,0.0,NA,1.9111230358248577e-05,635,5308,1352,31,0.27122577122577124,0.10684839306747435,0.9534534534534534,0.796996996996997,0.203003003003003
1383,YOR382W YDR238C,0.0,NA,1.9120217984891497e-05,635,5307,1353,31,0.27136227136227137,0.10686637495792663,0.9534534534534534,0.7968468468468468,0.20315315315315316
1384,YOR079C YHR104W,0.0,NA,1.9134628018946387e-05,635,5306,1354,31,0.2714987714987715,0.10688436290186837,0.9534534534534534,0.7966966966966967,0.2033033033033033
1385,YAL038W YOR337W,0.0,NA,1.9226452423026785e-05,635,5305,1355,31,0.2716352716352716,0.1069023569023569,0.9534534534534534,0.7965465465465466,0.20345345345345345
1386,YLR216C YNL006W,0.0,NA,1.9233622879255563e-05,635,5304,1356,31,0.27177177177177175,0.10692035696245158,0.9534534534534534,0.7963963963963964,0.2036036036036036
1387,YLR090W YKR104W,0.0,NA,1.93363939615665e-05,635,5303,1357,31,0.2719082719082719,0.10693836308521387,0.9534534534534534,0.7962462462462463,0.20375375375375376
1388,YGR243W YJL138C,0.0,NA,1.9346482076798566e-05,635,5302,1358,31,0.27204477204477207,0.10695637527370726,0.9534534534534534,0.7960960960960961,0.2039039039039039
1389,YLR340W YCR077C,0.0,NA,1.962419082701672e-05,635,5301,1359,31,0.2721812721812722,0.1069743935309973,0.9534534534534534,0.7959459459459459,0.20405405405405405
1390,YCR057C YIL005W,0.0,NA,1.9706707462319173e-05,635,5300,1360,31,0.2723177723177723,0.10699241786015164,0.9534534534534534,0.7957957957957958,0.2042042042042042
1391,YBL061C YHR069C,0.0,NA,1.9724493540707044e-05,635,5299,1361,31,0.27245427245427245,0.10701044826423997,0.9534534534534534,0.7956456456456457,0.20435435435435437
1392,YDR297W YCR018C,0.0,NA,1.9849941963911988e-05,635,5298,1362,31,0.2725907725907726,0.10702848474633406,0.9534534534534534,0.7954954954954955,0.2045045045045045
1393,YOR040W YER113C,0.0,NA,2.0036899513797835e-05,635,5297,1363,31,0.2727272727272727,0.10704652730950776,0.9534534534534534,0.7953453453453454,0.20465465465465466
1394,YML006C YBR058C,0.0,NA,2.0066387151018716e-05,635,5296,1364,31,0.2728637728637729,0.10706457595683695,0.9534534534534534,0.7951951951951952,0.2048048048048048
1395,YBR031W YFL050C,0.0,NA,2.0109508113819174e-05,635,5295,1365,31,0.273000273000273,0.10708263069139966,0.9534534534534534,0.795045045045045,0.20495495495495494
1396,YOR026W YPR021C,0.0,NA,2.016972030105535e-05,635,5294,1366,31,0.27313677313677315,0.10710069151627594,0.9534534534534534,0.7948948948948948,0.2051051051051051
1397,YNL008C YBR004C,0.0,NA,2.0389261408126913e-05,635,5293,1367,31,0.2732732732732733,0.1071187584345479,0.9534534534534534,0.7947447447447448,0.20525525525525526
1398,YMR149W YAR027W,0.0,NA,2.040762410615571e-05,635,5292,1368,31,0.2734097734097734,0.10713683144929981,0.9534534534534534,0.7945945945945946,0.20540540540540542
1399,YBR283C YDR323C,0.0,NA,2.0457157006603666e-05,635,5291,1369,31,0.27354627354627353,0.10715491056361795,0.9534534534534534,0.7944444444444444,0.20555555555555555
1400,YBR121C YNR016C,0.0,NA,2.0511268303380348e-05,635,5290,1370,31,0.27368277368277366,0.10717299578059072,0.9534534534534534,0.7942942942942943,0.2057057057057057
1401,YGR055W YNL123W,0.0,NA,2.051211049547419e-05,635,5289,1371,31,0.27381927381927385,0.10719108710330857,0.9534534534534534,0.7941441441441441,0.20585585585585586
1402,YOR375C YML052W,0.0,NA,2.0563247744576074e-05,635,5288,1372,31,0.273955773955774,0.10720918453486408,0.9534534534534534,0.793993993993994,0.206006006006006
1403,YGL002W YDR525W-A,0.0,NA,2.0642941308324225e-05,635,5287,1373,31,0.2740922740922741,0.10722728807835191,0.9534534534534534,0.7938438438438439,0.20615615615615615
1404,YNL219C YPL030W,0.0,NA,2.0673536710091867e-05,635,5286,1374,31,0.27422877422877423,0.10724539773686877,0.9534534534534534,0.7936936936936937,0.2063063063063063
1405,YOR026W YJR094W-A,0.0,NA,2.072276583930943e-05,635,5285,1375,31,0.27436527436527436,0.10726351351351351,0.9534534534534534,0.7935435435435435,0.20645645645645647
1406,YLL025W YHR061C,0.0,NA,2.0740659238072112e-05,635,5284,1376,31,0.2745017745017745,0.10728163541138706,0.9534534534534534,0.7933933933933934,0.2066066066066066
1407,YMR119W YHR179W,0.0,NA,2.0787429093616083e-05,635,5283,1377,31,0.2746382746382746,0.10729976343359243,0.9534534534534534,0.7932432432432432,0.20675675675675675
1408,YOR311C YMR091C,0.0,NA,2.0912757463520393e-05,635,5282,1378,31,0.2747747747747748,0.10731789758323475,0.9534534534534534,0.7930930930930931,0.2069069069069069
1409,YIL071C YKL059C,0.0,NA,2.1054034732514992e-05,635,5281,1379,31,0.2749112749112749,0.10733603786342123,0.9534534534534534,0.792942942942943,0.20705705705705707
1410,YGR251W YGR108W,0.0,NA,2.1110166926519014e-05,635,5280,1380,31,0.27504777504777506,0.1073541842772612,0.9534534534534534,0.7927927927927928,0.2072072072072072
1411,YGL141W YPL190C,0.0,NA,2.1217096218606457e-05,635,5279,1381,31,0.2751842751842752,0.10737233682786608,0.9534534534534534,0.7926426426426426,0.20735735735735736
1412,YCL026C-B YHR036W,0.0,NA,2.122729529219214e-05,635,5278,1382,31,0.2753207753207753,0.1073904955183494,0.9534534534534534,0.7924924924924925,0.20750750750750752
1413,YLR254C YHR074W,0.0,NA,2.1322755856090225e-05,635,5277,1383,31,0.27545727545727544,0.10740866035182679,0.9534534534534534,0.7923423423423424,0.20765765765765765
1414,YOR177C YGL075C,0.0,NA,2.1358086087275296e-05,635,5276,1384,31,0.27559377559377557,0.107426831331416,0.9534534534534534,0.7921921921921922,0.2078078078078078
1415,YOR067C YPR033C,0.0,NA,2.1422178178909235e-05,635,5275,1385,31,0.27573027573027575,0.10744500846023688,0.9534534534534534,0.7920420420420421,0.20795795795795796
1416,YCL063W YGR229C,0.0,NA,2.155955371563323e-05,635,5274,1386,31,0.2758667758667759,0.1074631917414114,0.9534534534534534,0.7918918918918919,0.20810810810810812
1417,YJR094C YGR120C,0.0,NA,2.1597645172732882e-05,635,5273,1387,31,0.276003276003276,0.10748138117806365,0.9534534534534534,0.7917417417417417,0.20825825825825825
1418,YPR193C YOR038C,0.0,NA,2.176827911171131e-05,635,5272,1388,31,0.27613977613977614,0.1074995767733198,0.9534534534534534,0.7915915915915915,0.2084084084084084
1419,YNR067C YHR084W,0.0,NA,2.1861687855562195e-05,635,5271,1389,31,0.27627627627627627,0.10751777853030817,0.9534534534534534,0.7914414414414415,0.20855855855855857
1420,YJL066C YNL297C,0.0,NA,2.1876850951230153e-05,635,5270,1390,31,0.2764127764127764,0.10753598645215919,0.9534534534534534,0.7912912912912913,0.2087087087087087
1421,YKR028W YER110C,0.0,NA,2.191544081142638e-05,635,5269,1391,31,0.2765492765492765,0.10755420054200542,0.9534534534534534,0.7911411411411411,0.20885885885885885
1422,YPL266W YNL082W,0.0,NA,2.1987201762385666e-05,635,5268,1392,31,0.2766857766857767,0.10757242080298153,0.9534534534534534,0.790990990990991,0.209009009009009
1423,YDR224C YDR460W,0.0,NA,2.2019810785423033e-05,635,5267,1393,31,0.27682227682227684,0.10759064723822433,0.9534534534534534,0.7908408408408408,0.20915915915915917
1424,YPL234C YDR088C,0.0,NA,2.2045549485483207e-05,635,5266,1394,31,0.27695877695877696,0.10760887985087274,0.9534534534534534,0.7906906906906906,0.2093093093093093
1425,YML104C YGL139W,0.0,NA,2.2186923160916194e-05,635,5265,1395,31,0.2770952770952771,0.10762711864406779,0.9534534534534534,0.7905405405405406,0.20945945945945946
1426,YDL049C YPL232W,0.0,NA,2.2410589735955e-05,635,5264,1396,31,0.2772317772317772,0.1076453636209527,0.9534534534534534,0.7903903903903904,0.20960960960960962
1427,YPL237W YNL283C,0.0,NA,2.244269307993818e-05,635,5263,1397,31,0.27736827736827735,0.10766361478467278,0.9534534534534534,0.7902402402402402,0.20975975975975977
1428,YDR224C YKR049C,0.0,NA,2.2489290131488815e-05,635,5262,1398,31,0.2775047775047775,0.10768187213837545,0.9534534534534534,0.7900900900900901,0.2099099099099099
1429,YIL046W YOL112W,0.0,NA,2.2514805095852353e-05,635,5261,1399,31,0.27764127764127766,0.10770013568521031,0.9534534534534534,0.7899399399399399,0.21006006006006006
1430,YIL135C YOL030W,0.0,NA,2.25884432438761e-05,635,5260,1400,31,0.2777777777777778,0.1077184054283291,0.9534534534534534,0.7897897897897898,0.21021021021021022
1431,YAR018C YOR312C,0.0,NA,2.2706886738887988e-05,635,5259,1401,31,0.2779142779142779,0.10773668137088564,0.9534534534534534,0.7896396396396397,0.21036036036036035
1432,YHR075C YKL208W,0.0,NA,2.2721767891198397e-05,635,5258,1402,31,0.27805077805077805,0.10775496351603597,0.9534534534534534,0.7894894894894895,0.2105105105105105
1433,YMR285C YGL092W,0.0,NA,2.2749714844394475e-05,635,5257,1403,31,0.2781872781872782,0.10777325186693822,0.9534534534534534,0.7893393393393393,0.21066066066066066
1434,YOR117W YDR390C,0.0,NA,2.2769598217564635e-05,635,5256,1404,31,0.2783237783237783,0.10779154642675268,0.9534534534534534,0.7891891891891892,0.21081081081081082
1435,YKR057W YOR158W,0.0,NA,2.3134070943342522e-05,635,5255,1405,31,0.2784602784602785,0.10780984719864177,0.9534534534534534,0.789039039039039,0.21096096096096095
1436,YGL045W YMR106C,0.0,NA,2.313852746738121e-05,635,5254,1406,31,0.2785967785967786,0.10782815418577008,0.9534534534534534,0.7888888888888889,0.2111111111111111
1437,YPL097W YPL189W,0.0,NA,2.3220229195430875e-05,635,5253,1407,31,0.27873327873327874,0.10784646739130435,0.9534534534534534,0.7887387387387388,0.21126126126126127
1438,YKL159C YNR033W,0.0,NA,2.3335127480095252e-05,635,5252,1408,31,0.2788697788697789,0.10786478681841345,0.9534534534534534,0.7885885885885886,0.2114114114114114
1439,YER012W YDR508C,0.0,NA,2.3387259716400877e-05,635,5251,1409,31,0.279006279006279,0.10788311247026844,0.9534534534534534,0.7884384384384384,0.21156156156156156
1440,YDL135C YBR039W,0.0,NA,2.3441296434612013e-05,635,5250,1410,31,0.27914277914277913,0.10790144435004248,0.9534534534534534,0.7882882882882883,0.21171171171171171
1441,YDR093W YEL065W,0.0,NA,2.3500164388678968e-05,635,5249,1411,31,0.27927927927927926,0.10791978246091094,0.9534534534534534,0.7881381381381382,0.21186186186186187
1442,YBR185C YPL111W,1.0,NA,2.361039150855504e-05,634,5249,1411,32,0.27914277914277913,0.10776814550399456,0.9519519519519519,0.7881381381381382,0.21186186186186187
1443,YOR003W YDR228C,0.0,NA,2.365377440582961e-05,634,5248,1412,32,0.27927927927927926,0.10778646718803128,0.9519519519519519,0.787987987987988,0.212012012012012
1444,YDL045W-A YBR192W,0.0,NA,2.371941809542477e-05,634,5247,1413,32,0.27941577941577944,0.10780479510287366,0.9519519519519519,0.7878378378378378,0.21216216216216216
1445,YER043C YDR395W,0.0,NA,2.3935763238114305e-05,634,5246,1414,32,0.27955227955227957,0.10782312925170068,0.9519519519519519,0.7876876876876877,0.21231231231231232
1446,YMR106C YML102W,0.0,NA,2.4000381017685868e-05,634,5245,1415,32,0.2796887796887797,0.10784146963769349,0.9519519519519519,0.7875375375375375,0.21246246246246248
1447,YGL130W YPL110C,0.0,NA,2.4322707758983597e-05,634,5244,1416,32,0.2798252798252798,0.10785981626403539,0.9519519519519519,0.7873873873873873,0.2126126126126126
1448,YLR380W YGR258C,0.0,NA,2.433221925457474e-05,634,5243,1417,32,0.27996177996177996,0.10787816913391186,0.9519519519519519,0.7872372372372373,0.21276276276276276
1449,YJL066C YJL024C,0.0,NA,2.4335422494914383e-05,634,5242,1418,32,0.2800982800982801,0.10789652825051055,0.9519519519519519,0.7870870870870871,0.21291291291291292
1450,YPR128C YDR295C,0.0,NA,2.4442362700938247e-05,634,5241,1419,32,0.2802347802347802,0.10791489361702128,0.9519519519519519,0.7869369369369369,0.21306306306306305
1451,YGL141W YIR017C,0.0,NA,2.450512329232879e-05,634,5240,1420,32,0.2803712803712804,0.10793326523663602,0.9519519519519519,0.7867867867867868,0.2132132132132132
1452,YDL092W YOL124C,0.0,NA,2.4699809728190303e-05,634,5239,1421,32,0.2805077805077805,0.10795164311254896,0.9519519519519519,0.7866366366366366,0.21336336336336337
1453,YHR089C YJR075W,0.0,NA,2.4764010959188454e-05,634,5238,1422,32,0.28064428064428065,0.1079700272479564,0.9519519519519519,0.7864864864864864,0.21351351351351353
1454,YCR005C YHR092C,1.0,NA,2.4786504582152702e-05,633,5238,1422,33,0.2805077805077805,0.10781808891159939,0.9504504504504504,0.7864864864864864,0.21351351351351353
1455,YKL211C YKL119C,0.0,NA,2.4903954908950254e-05,633,5237,1423,33,0.28064428064428065,0.10783645655877343,0.9504504504504504,0.7863363363363364,0.21366366366366366
1456,YOR245C YPR181C,0.0,NA,2.4908704290282913e-05,633,5236,1424,33,0.2807807807807808,0.1078548304651559,0.9504504504504504,0.7861861861861862,0.2138138138138138
1457,YAR002W YBR280C,0.0,NA,2.505221164028626e-05,633,5235,1425,33,0.2809172809172809,0.10787321063394684,0.9504504504504504,0.786036036036036,0.21396396396396397
1458,YOR373W YDR414C,0.0,NA,2.5053046556422487e-05,633,5234,1426,33,0.28105378105378104,0.10789159706834839,0.9504504504504504,0.7858858858858859,0.2141141141141141
1459,YEL053C YDR494W,0.0,NA,2.5112367438850924e-05,633,5233,1427,33,0.28119028119028117,0.10790998977156495,0.9504504504504504,0.7857357357357357,0.21426426426426426
1460,YPL155C YKL003C,0.0,NA,2.5310191631433554e-05,633,5232,1428,33,0.28132678132678135,0.10792838874680306,0.9504504504504504,0.7855855855855856,0.21441441441441442
1461,YNL185C YJL209W,1.0,NA,2.549179407651536e-05,632,5232,1428,34,0.28119028119028117,0.1077762619372442,0.948948948948949,0.7855855855855856,0.21441441441441442
1462,YNL297C YGL035C,0.0,NA,2.5707924578455277e-05,632,5231,1429,34,0.28132678132678135,0.10779464438001024,0.948948948948949,0.7854354354354355,0.21456456456456457
1463,YCR063W YBR088C,0.0,NA,2.5750692657311447e-05,632,5230,1430,34,0.2814632814632815,0.10781303309450699,0.948948948948949,0.7852852852852853,0.2147147147147147
1464,YGL070C YDR462W,0.0,NA,2.57781139225699e-05,632,5229,1431,34,0.2815997815997816,0.10783142808394472,0.948948948948949,0.7851351351351351,0.21486486486486486
1465,YDR255C YHR010W,0.0,NA,2.5879127861117013e-05,632,5228,1432,34,0.28173628173628174,0.10784982935153584,0.948948948948949,0.784984984984985,0.21501501501501502
1466,YNL199C YKR031C,0.0,NA,2.6036268536699936e-05,632,5227,1433,34,0.28187278187278186,0.10786823690049496,0.948948948948949,0.7848348348348348,0.21516516516516518
1467,YCL040W YMR316W,0.0,NA,2.6047169740195386e-05,632,5226,1434,34,0.282009282009282,0.10788665073403893,0.948948948948949,0.7846846846846847,0.2153153153153153
1468,YMR276W YOR312C,0.0,NA,2.6247924324707128e-05,632,5225,1435,34,0.2821457821457821,0.10790507085538671,0.948948948948949,0.7845345345345346,0.21546546546546547
1469,YPL214C YER183C,0.0,NA,2.6745015929918736e-05,632,5224,1436,34,0.2822822822822823,0.10792349726775956,0.948948948948949,0.7843843843843844,0.21561561561561562
1470,YLR034C YDR324C,0.0,NA,2.6845873435377143e-05,632,5223,1437,34,0.28241878241878243,0.10794192997438087,0.948948948948949,0.7842342342342342,0.21576576576576575
1471,YDR013W YPL086C,0.0,NA,2.6913086912827566e-05,632,5222,1438,34,0.28255528255528256,0.10796036897847626,0.948948948948949,0.784084084084084,0.2159159159159159
1472,YJL198W YDR525W-A,0.0,NA,2.691785994102247e-05,632,5221,1439,34,0.2826917826917827,0.10797881428327354,0.948948948948949,0.783933933933934,0.21606606606606607
1473,YJL177W YOR224C,0.0,NA,2.703385689528659e-05,632,5220,1440,34,0.2828282828282828,0.10799726589200273,0.948948948948949,0.7837837837837838,0.21621621621621623
1474,YMR055C YOR124C,0.0,NA,2.7073923774878494e-05,632,5219,1441,34,0.28296478296478295,0.10801572380789609,0.948948948948949,0.7836336336336336,0.21636636636636636
1475,YHL011C YOR090C,0.0,NA,2.7169231543666683e-05,632,5218,1442,34,0.2831012831012831,0.10803418803418803,0.948948948948949,0.7834834834834835,0.21651651651651652
1476,YDR180W YKR088C,0.0,NA,2.7226164093008265e-05,632,5217,1443,34,0.28323778323778326,0.10805265857411524,0.948948948948949,0.7833333333333333,0.21666666666666667
1477,YHR085W YHR164C,0.0,NA,2.7226737074670382e-05,632,5216,1444,34,0.2833742833742834,0.10807113543091655,0.948948948948949,0.7831831831831831,0.2168168168168168
1478,YGL017W YHR085W,0.0,NA,2.7252090148977004e-05,632,5215,1445,34,0.2835107835107835,0.10808961860783307,0.948948948948949,0.7830330330330331,0.21696696696696696
1479,YML026C YDR351W,0.0,NA,2.7328813303029165e-05,632,5214,1446,34,0.28364728364728364,0.10810810810810811,0.948948948948949,0.7828828828828829,0.21711711711711712
1480,YHR074W YGR204W,0.0,NA,2.7452941139927134e-05,632,5213,1447,34,0.28378378378378377,0.10812660393498717,0.948948948948949,0.7827327327327327,0.21726726726726728
1481,YIL062C YNL230C,0.0,NA,2.746957034105435e-05,632,5212,1448,34,0.2839202839202839,0.108145106091718,0.948948948948949,0.7825825825825826,0.2174174174174174
1482,YLR205C YLR160C,0.0,NA,2.7671891075442545e-05,632,5211,1449,34,0.2840567840567841,0.10816361458155058,0.948948948948949,0.7824324324324324,0.21756756756756757
1483,YGL141W YDR434W,0.0,NA,2.773733649519272e-05,632,5210,1450,34,0.2841932841932842,0.10818212940773708,0.948948948948949,0.7822822822822822,0.21771771771771772
1484,YGR080W YER159C,0.0,NA,2.7805161153082736e-05,632,5209,1451,34,0.28432978432978434,0.10820065057353193,0.948948948948949,0.7821321321321322,0.21786786786786788
1485,YIR031C YPR100W,1.0,NA,2.783163836284075e-05,631,5209,1451,35,0.2841932841932842,0.10804794520547945,0.9474474474474475,0.7821321321321322,0.21786786786786788
1486,YGR204W YOL104C,0.0,NA,2.7834637876367196e-05,631,5208,1452,35,0.28432978432978434,0.10806644973454359,0.9474474474474475,0.781981981981982,0.218018018018018
1487,YGL116W YBR004C,0.0,NA,2.8011370886815712e-05,631,5207,1453,35,0.28446628446628447,0.10808496060294621,0.9474474474474475,0.7818318318318318,0.21816816816816817
1488,YKR025W YOR393W,0.0,NA,2.802580092975404e-05,631,5206,1454,35,0.2846027846027846,0.10810347781394553,0.9474474474474475,0.7816816816816817,0.21831831831831833
1489,YEL038W YOR182C,0.0,NA,2.8147724151494913e-05,631,5205,1455,35,0.2847392847392847,0.10812200137080191,0.9474474474474475,0.7815315315315315,0.21846846846846846
1490,YEL069C YKR104W,0.0,NA,2.8269263566471636e-05,631,5204,1456,35,0.28487578487578485,0.10814053127677806,0.9474474474474475,0.7813813813813814,0.21861861861861862
1491,YAL038W YGR034W,0.0,NA,2.828757351380773e-05,631,5203,1457,35,0.28501228501228504,0.10815906753513885,0.9474474474474475,0.7812312312312313,0.21876876876876877
1492,YOL108C YBL074C,0.0,NA,2.8322474463493563e-05,631,5202,1458,35,0.28514878514878517,0.10817761014915138,0.9474474474474475,0.7810810810810811,0.21891891891891893
1493,YDR436W YGR120C,0.0,NA,2.847587165888399e-05,631,5201,1459,35,0.2852852852852853,0.10819615912208505,0.9474474474474475,0.7809309309309309,0.21906906906906906
1494,YOR388C YMR202W,0.0,NA,2.8536003810586408e-05,631,5200,1460,35,0.2854217854217854,0.10821471445721145,0.9474474474474475,0.7807807807807807,0.21921921921921922
1495,YEL069C YLR425W,0.0,NA,2.8645283236983232e-05,631,5199,1461,35,0.28555828555828555,0.10823327615780445,0.9474474474474475,0.7806306306306307,0.21936936936936938
1496,YDR295C YLR071C,0.0,NA,2.8676717192865908e-05,631,5198,1462,35,0.2856947856947857,0.10825184422714017,0.9474474474474475,0.7804804804804805,0.2195195195195195
1497,YIR027C YKR081C,0.0,NA,2.8699805625365116e-05,631,5197,1463,35,0.2858312858312858,0.10827041866849692,0.9474474474474475,0.7803303303303303,0.21966966966966966
1498,YJR094C YPL030W,0.0,NA,2.880581268982496e-05,631,5196,1464,35,0.285967785967786,0.10828899948515532,0.9474474474474475,0.7801801801801802,0.21981981981981982
1499,YLR234W YHR082C,0.0,NA,2.8808231945731677e-05,631,5195,1465,35,0.2861042861042861,0.10830758668039822,0.9474474474474475,0.78003003003003,0.21996996996996998
1500,YDR023W YGL004C,0.0,NA,2.8881235266453587e-05,631,5194,1466,35,0.28624078624078625,0.10832618025751073,0.9474474474474475,0.7798798798798798,0.2201201201201201
1501,YOR007C YGR033C,0.0,NA,2.8986196412006393e-05,631,5193,1467,35,0.2863772863772864,0.10834478021978022,0.9474474474474475,0.7797297297297298,0.22027027027027027
1502,YOR367W YJL138C,0.0,NA,2.9113381970091723e-05,631,5192,1468,35,0.2865137865137865,0.10836338657049631,0.9474474474474475,0.7795795795795796,0.22042042042042043
1503,YDR218C YLR061W,0.0,NA,2.9230672225821763e-05,631,5191,1469,35,0.28665028665028663,0.10838199931295088,0.9474474474474475,0.7794294294294294,0.22057057057057058
1504,YMR061W YCL043C,0.0,NA,2.9423843443510123e-05,631,5190,1470,35,0.28678678678678676,0.10840061845043807,0.9474474474474475,0.7792792792792793,0.22072072072072071
1505,YGR281W YDR447C,0.0,NA,2.942479659395758e-05,631,5189,1471,35,0.28692328692328695,0.1084192439862543,0.9474474474474475,0.7791291291291291,0.22087087087087087
1506,YBR185C YKL141W,1.0,NA,2.9432656447170302e-05,630,5189,1471,36,0.28678678678678676,0.1082660250902217,0.9459459459459459,0.7791291291291291,0.22087087087087087
1507,YMR276W YDL061C,0.0,NA,2.9600365451187827e-05,630,5188,1472,36,0.28692328692328695,0.10828463389480922,0.9459459459459459,0.7789789789789789,0.22102102102102103
1508,YDL232W YML123C,0.0,NA,2.9620863642776385e-05,630,5187,1473,36,0.2870597870597871,0.10830324909747292,0.9459459459459459,0.7788288288288289,0.22117117117117116
1509,YJL008C YML005W,0.0,NA,2.9637309125973843e-05,630,5186,1474,36,0.2871962871962872,0.10832187070151307,0.9459459459459459,0.7786786786786787,0.22132132132132132
1510,YDR151C YPL092W,0.0,NA,2.971082903968636e-05,630,5185,1475,36,0.28733278733278733,0.10834049871023216,0.9459459459459459,0.7785285285285285,0.22147147147147148
1511,YBR196C YFR052W,0.0,NA,2.9851411454728805e-05,630,5184,1476,36,0.28746928746928746,0.10835913312693499,0.9459459459459459,0.7783783783783784,0.22162162162162163
1512,YDR224C YOR161C,0.0,NA,2.9932596589787863e-05,630,5183,1477,36,0.2876057876057876,0.1083777739549286,0.9459459459459459,0.7782282282282282,0.22177177177177176
1513,YDR100W YCL030C,0.0,NA,2.9942477340227924e-05,630,5182,1478,36,0.2877422877422877,0.10839642119752237,0.9459459459459459,0.778078078078078,0.22192192192192192
1514,YGL080W YGL008C,0.0,NA,3.01636155199958e-05,630,5181,1479,36,0.2878787878787879,0.10841507485802789,0.9459459459459459,0.777927927927928,0.22207207207207208
1515,YMR316W YBR302C,0.0,NA,3.0317787604872137e-05,630,5180,1480,36,0.28801528801528803,0.10843373493975904,0.9459459459459459,0.7777777777777778,0.2222222222222222
1516,YDR342C YMR112C,0.0,NA,3.0341563615365885e-05,630,5179,1481,36,0.28815178815178816,0.10845240144603202,0.9459459459459459,0.7776276276276276,0.22237237237237237
1517,YLR205C YML012W,0.0,NA,3.0396735382964835e-05,630,5178,1482,36,0.2882882882882883,0.10847107438016529,0.9459459459459459,0.7774774774774775,0.22252252252252253
1518,YMR048W YER012W,0.0,NA,3.051322710234672e-05,630,5177,1483,36,0.2884247884247884,0.10848975374547959,0.9459459459459459,0.7773273273273273,0.22267267267267268
1519,YGR043C YFL048C,0.0,NA,3.0547143978765234e-05,630,5176,1484,36,0.28856128856128854,0.10850843954529797,0.9459459459459459,0.7771771771771772,0.2228228228228228
1520,YOR394W YHR152W,0.0,NA,3.059609662159346e-05,630,5175,1485,36,0.28869778869778867,0.10852713178294573,0.9459459459459459,0.777027027027027,0.22297297297297297
1521,YDL061C YGR032W,0.0,NA,3.082515104324557e-05,630,5174,1486,36,0.28883428883428885,0.10854583046175052,0.9459459459459459,0.7768768768768769,0.22312312312312313
1522,YDR091C YOR337W,0.0,NA,3.0827293812762946e-05,630,5173,1487,36,0.288970788970789,0.10856453558504221,0.9459459459459459,0.7767267267267267,0.22327327327327326
1523,YJR019C YGR032W,0.0,NA,3.0945553589845076e-05,630,5172,1488,36,0.2891072891072891,0.10858324715615306,0.9459459459459459,0.7765765765765765,0.22342342342342342
1524,YML024W YEL069C,0.0,NA,3.096530417678878e-05,630,5171,1489,36,0.28924378924378924,0.10860196517841751,0.9459459459459459,0.7764264264264265,0.22357357357357358
1525,YML015C YML024W,0.0,NA,3.1001971365185454e-05,630,5170,1490,36,0.28938028938028937,0.10862068965517241,0.9459459459459459,0.7762762762762763,0.22372372372372373
1526,YDL236W YLR234W,0.0,NA,3.122387715848163e-05,630,5169,1491,36,0.2895167895167895,0.10863942058975685,0.9459459459459459,0.7761261261261261,0.22387387387387386
1527,YBR008C YDR225W,0.0,NA,3.1239454983733594e-05,630,5168,1492,36,0.2896532896532897,0.10865815798551225,0.9459459459459459,0.775975975975976,0.22402402402402402
1528,YDL154W YMR197C,0.0,NA,3.151140481350012e-05,630,5167,1493,36,0.2897897897897898,0.1086769018457823,0.9459459459459459,0.7758258258258258,0.22417417417417418
1529,YOR367W YLR310C,0.0,NA,3.163817382301204e-05,630,5166,1494,36,0.28992628992628994,0.10869565217391304,0.9459459459459459,0.7756756756756756,0.22432432432432434
1530,YHR089C YLR266C,0.0,NA,3.1683674023952335e-05,630,5165,1495,36,0.29006279006279007,0.10871440897325281,0.9459459459459459,0.7755255255255256,0.22447447447447447
1531,YER044C YNL183C,0.0,NA,3.173650475218892e-05,630,5164,1496,36,0.2901992901992902,0.10873317224715223,0.9459459459459459,0.7753753753753754,0.22462462462462462
1532,YOL072W YDR152W,0.0,NA,3.185551759088412e-05,630,5163,1497,36,0.2903357903357903,0.10875194199896426,0.9459459459459459,0.7752252252252252,0.22477477477477478
1533,YER107C YPR033C,0.0,NA,3.1933839636622e-05,630,5162,1498,36,0.29047229047229045,0.1087707182320442,0.9459459459459459,0.7750750750750751,0.2249249249249249
1534,YAL038W YLR157C,0.0,NA,3.198235935997218e-05,630,5161,1499,36,0.29060879060879063,0.10878950094974961,0.9459459459459459,0.7749249249249249,0.22507507507507507
1535,YDR434W YKL146W,0.0,NA,3.205337998224422e-05,630,5160,1500,36,0.29074529074529076,0.10880829015544041,0.9459459459459459,0.7747747747747747,0.22522522522522523
1536,YNR054C YMR204C,0.0,NA,3.2252009987132624e-05,630,5159,1501,36,0.2908817908817909,0.10882708585247884,0.9459459459459459,0.7746246246246247,0.2253753753753754
1537,YPR138C YCR092C,0.0,NA,3.242118327762e-05,630,5158,1502,36,0.291018291018291,0.10884588804422944,0.9459459459459459,0.7744744744744745,0.22552552552552552
1538,YLR139C YCR071C,1.0,NA,3.254285911680199e-05,629,5158,1502,37,0.2908817908817909,0.10869189562813202,0.9444444444444444,0.7744744744744745,0.22552552552552552
1539,YHR129C YGL095C,0.0,NA,3.2772510166978464e-05,629,5157,1503,37,0.291018291018291,0.10871068095402696,0.9444444444444444,0.7743243243243243,0.22567567567567567
1540,YKL148C YIR031C,1.0,NA,3.29527429130394e-05,628,5157,1503,38,0.2908817908817909,0.10855661192739845,0.9429429429429429,0.7743243243243243,0.22567567567567567
1541,YDL227C YBR121C,0.0,NA,3.297811053926125e-05,628,5156,1504,38,0.291018291018291,0.10857538035961273,0.9429429429429429,0.7741741741741742,0.22582582582582583
1542,YDR120C YDL002C,0.0,NA,3.310800457256846e-05,628,5155,1505,38,0.29115479115479115,0.10859415528272523,0.9429429429429429,0.774024024024024,0.22597597597597596
1543,YLR380W YDL191W,0.0,NA,3.3431333577027544e-05,628,5154,1506,38,0.2912912912912913,0.10861293670010377,0.9429429429429429,0.7738738738738739,0.22612612612612612
1544,YOR173W YPL231W,0.0,NA,3.3507363696116954e-05,628,5153,1507,38,0.2914277914277914,0.1086317246151185,0.9429429429429429,0.7737237237237238,0.22627627627627628
1545,YBR269C YHR084W,0.0,NA,3.360438859090209e-05,628,5152,1508,38,0.2915642915642916,0.10865051903114187,0.9429429429429429,0.7735735735735736,0.22642642642642644
1546,YGL092W YPL006W,0.0,NA,3.3871525374706835e-05,628,5151,1509,38,0.2917007917007917,0.10866931995154872,0.9429429429429429,0.7734234234234234,0.22657657657657657
1547,YMR101C YCR063W,0.0,NA,3.4095624869223684e-05,628,5150,1510,38,0.29183729183729185,0.10868812737971617,0.9429429429429429,0.7732732732732732,0.22672672672672672
1548,YLR008C YOR273C,0.0,NA,3.410317003726959e-05,628,5149,1511,38,0.291973791973792,0.10870694131902371,0.9429429429429429,0.7731231231231231,0.22687687687687688
1549,YLR008C YDL022W,0.0,NA,3.420068242121488e-05,628,5148,1512,38,0.2921102921102921,0.10872576177285319,0.9429429429429429,0.772972972972973,0.22702702702702704
1550,YMR115W YMR055C,0.0,NA,3.4324089938309044e-05,628,5147,1513,38,0.29224679224679223,0.10874458874458874,0.9429429429429429,0.7728228228228228,0.22717717717717717
1551,YBR101C YKL191W,0.0,NA,3.443050809437409e-05,628,5146,1514,38,0.29238329238329236,0.1087634222376169,0.9429429429429429,0.7726726726726727,0.22732732732732733
1552,YIL079C YDR414C,0.0,NA,3.477235804894008e-05,628,5145,1515,38,0.29251979251979254,0.10878226225532651,0.9429429429429429,0.7725225225225225,0.22747747747747749
1553,YBR101C YBR278W,0.0,NA,3.4962486097356305e-05,628,5144,1516,38,0.29265629265629267,0.1088011088011088,0.9429429429429429,0.7723723723723723,0.22762762762762762
1554,YJL053W YOR056C,0.0,NA,3.511344766593538e-05,628,5143,1517,38,0.2927927927927928,0.10881996187835731,0.9429429429429429,0.7722222222222223,0.22777777777777777
1555,YGR133W YCR008W,0.0,NA,3.5122789995511994e-05,628,5142,1518,38,0.29292929292929293,0.10883882149046793,0.9429429429429429,0.7720720720720721,0.22792792792792793
1556,YLR262C-A YPL069C,0.0,NA,3.531170295900665e-05,628,5141,1519,38,0.29306579306579306,0.10885768764083897,0.9429429429429429,0.7719219219219219,0.2280780780780781
1557,YJL019W YIL046W,0.0,NA,3.538961391313933e-05,628,5140,1520,38,0.2932022932022932,0.108876560332871,0.9429429429429429,0.7717717717717718,0.22822822822822822
1558,YGL097W YBR278W,0.0,NA,3.553052374627441e-05,628,5139,1521,38,0.2933387933387933,0.10889543956996706,0.9429429429429429,0.7716216216216216,0.22837837837837838
1559,YKL039W YHR084W,0.0,NA,3.554929935489781e-05,628,5138,1522,38,0.2934752934752935,0.10891432535553243,0.9429429429429429,0.7714714714714714,0.22852852852852854
1560,YGR078C YGR243W,0.0,NA,3.5636057873489335e-05,628,5137,1523,38,0.2936117936117936,0.10893321769297484,0.9429429429429429,0.7713213213213214,0.22867867867867867
1561,YMR069W YBR132C,0.0,NA,3.56991877197288e-05,628,5136,1524,38,0.29374829374829375,0.10895211658570438,0.9429429429429429,0.7711711711711712,0.22882882882882882
1562,YPL220W YPL086C,0.0,NA,3.570984335965477e-05,628,5135,1525,38,0.2938847938847939,0.10897102203713344,0.9429429429429429,0.771021021021021,0.22897897897897898
1563,YIL129C YMR112C,0.0,NA,3.5715191188501194e-05,628,5134,1526,38,0.294021294021294,0.10898993405067685,0.9429429429429429,0.7708708708708709,0.22912912912912914
1564,YHR109W YMR059W,0.0,NA,3.5718290746444836e-05,628,5133,1527,38,0.29415779415779414,0.10900885262975178,0.9429429429429429,0.7707207207207207,0.22927927927927927
1565,YFR026C YGL250W,0.0,NA,3.6030603951076046e-05,628,5132,1528,38,0.29429429429429427,0.10902777777777778,0.9429429429429429,0.7705705705705705,0.22942942942942943
1566,YGR044C YEL051W,0.0,NA,3.603094955906272e-05,628,5131,1529,38,0.29443079443079445,0.10904670949817677,0.9429429429429429,0.7704204204204205,0.22957957957957958
1567,YIR031C YML081C-A,1.0,NA,3.628812191891484e-05,627,5131,1529,39,0.29429429429429427,0.10889197638068773,0.9414414414414415,0.7704204204204205,0.22957957957957958
1568,YGR055W YPL069C,0.0,NA,3.6288678529672325e-05,627,5130,1530,39,0.29443079443079445,0.10891089108910891,0.9414414414414415,0.7702702702702703,0.22972972972972974
1569,YMR069W YDR390C,0.0,NA,3.641590228653513e-05,627,5129,1531,39,0.2945672945672946,0.10892981236970119,0.9414414414414415,0.7701201201201201,0.22987987987987987
1570,YCL026C-B YMR230W,0.0,NA,3.672857201308943e-05,627,5128,1532,39,0.2947037947037947,0.10894874022589053,0.9414414414414415,0.76996996996997,0.23003003003003003
1571,YAL038W YPL057C,0.0,NA,3.6886282032355666e-05,627,5127,1533,39,0.29484029484029484,0.10896767466110532,0.9414414414414415,0.7698198198198198,0.2301801801801802
1572,YDL083C YFR015C,0.0,NA,3.692640530061908e-05,627,5126,1534,39,0.29497679497679496,0.1089866156787763,0.9414414414414415,0.7696696696696697,0.23033033033033032
1573,YDR405W YJR152W,0.0,NA,3.7018427974544466e-05,627,5125,1535,39,0.2951132951132951,0.10900556328233658,0.9414414414414415,0.7695195195195195,0.23048048048048048
1574,YDL132W YEL065W,0.0,NA,3.716005085152574e-05,627,5124,1536,39,0.2952497952497953,0.1090245174752217,0.9414414414414415,0.7693693693693694,0.23063063063063063
1575,YIR017C YDR091C,0.0,NA,3.716167702805251e-05,627,5123,1537,39,0.2953862953862954,0.10904347826086956,0.9414414414414415,0.7692192192192192,0.2307807807807808
1576,YGL254W YGL150C,0.0,NA,3.7278026866260916e-05,627,5122,1538,39,0.29552279552279553,0.10906244564272047,0.9414414414414415,0.769069069069069,0.23093093093093092
1577,YJL164C YHL047C,0.0,NA,3.733943958650343e-05,627,5121,1539,39,0.29565929565929566,0.10908141962421712,0.9414414414414415,0.768918918918919,0.23108108108108108
1578,YHR017W YJL051W,0.0,NA,3.742235276149586e-05,627,5120,1540,39,0.2957957957957958,0.1091004002088046,0.9414414414414415,0.7687687687687688,0.23123123123123124
1579,YJL059W YMR012W,0.0,NA,3.747385198948905e-05,627,5119,1541,39,0.2959322959322959,0.10911938739993039,0.9414414414414415,0.7686186186186186,0.23138138138138137
1580,YOR373W YKR082W,0.0,NA,3.749952156795189e-05,627,5118,1542,39,0.29606879606879605,0.10913838120104438,0.9414414414414415,0.7684684684684685,0.23153153153153153
1581,YDL225W YMR040W,0.0,NA,3.7650770536856726e-05,627,5117,1543,39,0.29620529620529623,0.10915738161559889,0.9414414414414415,0.7683183183183183,0.23168168168168168
1582,YJL198W YLR246W,0.0,NA,3.77819815184921e-05,627,5116,1544,39,0.29634179634179636,0.10917638864704858,0.9414414414414415,0.7681681681681681,0.23183183183183184
1583,YFL017C YLR266C,0.0,NA,3.782628846238367e-05,627,5115,1545,39,0.2964782964782965,0.10919540229885058,0.9414414414414415,0.7680180180180181,0.23198198198198197
1584,YBR247C YGL099W,0.0,NA,3.788986578001641e-05,627,5114,1546,39,0.2966147966147966,0.10921442257446438,0.9414414414414415,0.7678678678678679,0.23213213213213213
1585,YGR044C YGR133W,0.0,NA,3.801973434747197e-05,627,5113,1547,39,0.29675129675129674,0.10923344947735192,0.9414414414414415,0.7677177177177177,0.2322822822822823
1586,YER056C YKL108W,0.0,NA,3.8106198189780116e-05,627,5112,1548,39,0.2968877968877969,0.10925248301097752,0.9414414414414415,0.7675675675675676,0.23243243243243245
1587,YLR096W YNL233W,0.0,NA,3.811321221292019e-05,627,5111,1549,39,0.297024297024297,0.10927152317880795,0.9414414414414415,0.7674174174174174,0.23258258258258258
1588,YER148W YGR221C,0.0,NA,3.811898932326585e-05,627,5110,1550,39,0.2971607971607972,0.10929056998431236,0.9414414414414415,0.7672672672672672,0.23273273273273273
1589,YPL156C YIL056W,0.0,NA,3.85191997338552e-05,627,5109,1551,39,0.2972972972972973,0.10930962343096234,0.9414414414414415,0.7671171171171172,0.2328828828828829
1590,YPL214C YNR033W,0.0,NA,3.8613463402725756e-05,627,5108,1552,39,0.29743379743379744,0.1093286835222319,0.9414414414414415,0.766966966966967,0.23303303303303302
1591,YDL126C YNL183C,0.0,NA,3.8829184632049873e-05,627,5107,1553,39,0.29757029757029757,0.10934775026159749,0.9414414414414415,0.7668168168168168,0.23318318318318318
1592,YDR460W YGL130W,0.0,NA,3.886319245793857e-05,627,5106,1554,39,0.2977067977067977,0.10936682365253794,0.9414414414414415,0.7666666666666667,0.23333333333333334
1593,YHR005C-A YNR049C,0.0,NA,3.887772254529409e-05,627,5105,1555,39,0.2978432978432978,0.10938590369853454,0.9414414414414415,0.7665165165165165,0.2334834834834835
1594,YJR119C YNR065C,0.0,NA,3.893014581990428e-05,627,5104,1556,39,0.29797979797979796,0.10940499040307101,0.9414414414414415,0.7663663663663663,0.23363363363363363
1595,YDR146C YFR032C-A,0.0,NA,3.922981704818085e-05,627,5103,1557,39,0.29811629811629814,0.1094240837696335,0.9414414414414415,0.7662162162162162,0.23378378378378378
1596,YNL328C YPL224C,0.0,NA,3.9245605876203626e-05,627,5102,1558,39,0.29825279825279827,0.1094431838017106,0.9414414414414415,0.7660660660660661,0.23393393393393394
1597,YKL054C YFL002C,0.0,NA,3.9417656807927415e-05,627,5101,1559,39,0.2983892983892984,0.1094622905027933,0.9414414414414415,0.7659159159159159,0.23408408408408407
1598,YER003C YAR050W,0.0,NA,3.953202030970715e-05,627,5100,1560,39,0.2985257985257985,0.10948140387637506,0.9414414414414415,0.7657657657657657,0.23423423423423423
1599,YPR119W YDR120C,0.0,NA,3.976845619035885e-05,627,5099,1561,39,0.29866229866229865,0.1095005239259518,0.9414414414414415,0.7656156156156156,0.2343843843843844
1600,YBL013W YDR517W,0.0,NA,3.9770049625076354e-05,627,5098,1562,39,0.2987987987987988,0.10951965065502184,0.9414414414414415,0.7654654654654655,0.23453453453453454
1601,YPL154C YOR337W,0.0,NA,3.993971404270269e-05,627,5097,1563,39,0.2989352989352989,0.10953878406708595,0.9414414414414415,0.7653153153153153,0.23468468468468467
1602,YKL216W YJL165C,0.0,NA,4.037050894112326e-05,627,5096,1564,39,0.2990717990717991,0.10955792416564739,0.9414414414414415,0.7651651651651652,0.23483483483483483
1603,YMR053C YOL158C,0.0,NA,4.0454564441461116e-05,627,5095,1565,39,0.2992082992082992,0.10957707095421182,0.9414414414414415,0.765015015015015,0.234984984984985
1604,YDR255C YNL053W,0.0,NA,4.045865352964029e-05,627,5094,1566,39,0.29934479934479935,0.10959622443628736,0.9414414414414415,0.7648648648648648,0.23513513513513515
1605,YFR026C YPL224C,0.0,NA,4.049269773531705e-05,627,5093,1567,39,0.2994812994812995,0.10961538461538461,0.9414414414414415,0.7647147147147147,0.23528528528528528
1606,YHR196W YPL237W,0.0,NA,4.084457395947538e-05,627,5092,1568,39,0.2996177996177996,0.10963455149501661,0.9414414414414415,0.7645645645645646,0.23543543543543544
1607,YPL024W YKL145W,0.0,NA,4.097878627362661e-05,627,5091,1569,39,0.29975429975429974,0.10965372507869885,0.9414414414414415,0.7644144144144144,0.2355855855855856
1608,YBR088C YFL002C,0.0,NA,4.106038613826968e-05,627,5090,1570,39,0.29989079989079986,0.10967290536994928,0.9414414414414415,0.7642642642642643,0.23573573573573572
1609,YPR145W YOR052C,0.0,NA,4.1134731873171404e-05,627,5089,1571,39,0.30002730002730005,0.10969209237228832,0.9414414414414415,0.7641141141141141,0.23588588588588588
1610,YML078W YCR042C,0.0,NA,4.1186543967342004e-05,627,5088,1572,39,0.3001638001638002,0.10971128608923884,0.9414414414414415,0.7639639639639639,0.23603603603603604
1611,YOR148C YGL130W,0.0,NA,4.1217077523469925e-05,627,5087,1573,39,0.3003003003003003,0.10973048652432621,0.9414414414414415,0.7638138138138139,0.2361861861861862
1612,YKL139W YBR003W,0.0,NA,4.133618494961411e-05,627,5086,1574,39,0.30043680043680043,0.10974969368107824,0.9414414414414415,0.7636636636636637,0.23633633633633633
1613,YGR142W YKR031C,0.0,NA,4.140704550081864e-05,627,5085,1575,39,0.30057330057330056,0.10976890756302521,0.9414414414414415,0.7635135135135135,0.23648648648648649
1614,YLR234W YPL237W,0.0,NA,4.147450454183854e-05,627,5084,1576,39,0.3007098007098007,0.10978812817369987,0.9414414414414415,0.7633633633633634,0.23663663663663664
1615,YMR048W YGR004W,0.0,NA,4.194316716166213e-05,627,5083,1577,39,0.3008463008463009,0.10980735551663748,0.9414414414414415,0.7632132132132132,0.23678678678678677
1616,YDL061C YDR069C,0.0,NA,4.194560824544169e-05,627,5082,1578,39,0.300982800982801,0.10982658959537572,0.9414414414414415,0.763063063063063,0.23693693693693693
1617,YKR057W YPL164C,0.0,NA,4.1995761421276256e-05,627,5081,1579,39,0.30111930111930113,0.1098458304134548,0.9414414414414415,0.762912912912913,0.2370870870870871
1618,YBR145W YNL251C,0.0,NA,4.2032901546917856e-05,627,5080,1580,39,0.30125580125580126,0.10986507797441739,0.9414414414414415,0.7627627627627628,0.23723723723723725
1619,YOR339C YPR176C,0.0,NA,4.209286635159515e-05,627,5079,1581,39,0.3013923013923014,0.10988433228180862,0.9414414414414415,0.7626126126126126,0.23738738738738738
1620,YNL169C YAL036C,0.0,NA,4.2165185732301325e-05,627,5078,1582,39,0.3015288015288015,0.10990359333917617,0.9414414414414415,0.7624624624624624,0.23753753753753754
1621,YKR030W YDR351W,0.0,NA,4.2239636968588457e-05,627,5077,1583,39,0.30166530166530164,0.10992286115007012,0.9414414414414415,0.7623123123123123,0.2376876876876877
1622,YHR092C YDL120W,1.0,NA,4.2333718738518655e-05,626,5077,1583,40,0.3015288015288015,0.10976678940908294,0.93993993993994,0.7623123123123123,0.2376876876876877
1623,YGL107C YPL111W,1.0,NA,4.236214954289608e-05,625,5077,1583,41,0.3013923013923014,0.10961066292528937,0.9384384384384384,0.7623123123123123,0.2376876876876877
1624,YGR080W YNL199C,0.0,NA,4.2438568925717846e-05,625,5076,1584,41,0.3015288015288015,0.1096298894930714,0.9384384384384384,0.7621621621621621,0.23783783783783785
1625,YGR092W YNL081C,0.0,NA,4.2487004975555465e-05,625,5075,1585,41,0.30166530166530164,0.10964912280701754,0.9384384384384384,0.762012012012012,0.23798798798798798
1626,YOR020C YBL050W,0.0,NA,4.2545183532638475e-05,625,5074,1586,41,0.30180180180180183,0.10966836287067906,0.9384384384384384,0.7618618618618619,0.23813813813813814
1627,YGR047C YGR132C,0.0,NA,4.259178604115732e-05,625,5073,1587,41,0.30193830193830196,0.10968760968760968,0.9384384384384384,0.7617117117117117,0.2382882882882883
1628,YDR516C YIR005W,0.0,NA,4.278005508240312e-05,625,5072,1588,41,0.3020748020748021,0.10970686326136563,0.9384384384384384,0.7615615615615615,0.23843843843843843
1629,YGL062W YPR141C,0.0,NA,4.302541128708981e-05,625,5071,1589,41,0.3022113022113022,0.10972612359550561,0.9384384384384384,0.7614114114114114,0.23858858858858858
1630,YKL120W YPL050C,0.0,NA,4.3239757360424846e-05,625,5070,1590,41,0.30234780234780234,0.10974539069359086,0.9384384384384384,0.7612612612612613,0.23873873873873874
1631,YOL030W YDR522C,0.0,NA,4.3273459596093744e-05,625,5069,1591,41,0.30248430248430247,0.10976466455918511,0.9384384384384384,0.7611111111111111,0.2388888888888889
1632,YOL142W YHR061C,0.0,NA,4.3315940274624154e-05,625,5068,1592,41,0.3026208026208026,0.10978394519585456,0.9384384384384384,0.760960960960961,0.23903903903903903
1633,YCR055C YLR371W,0.0,NA,4.332308890298009e-05,625,5067,1593,41,0.3027573027573028,0.10980323260716796,0.9384384384384384,0.7608108108108108,0.2391891891891892
1634,YGR274C YDL227C,0.0,NA,4.371815157355741e-05,625,5066,1594,41,0.3028938028938029,0.10982252679669653,0.9384384384384384,0.7606606606606606,0.23933933933933935
1635,YIL144W YDR041W,0.0,NA,4.38646056863945e-05,625,5065,1595,41,0.30303030303030304,0.10984182776801406,0.9384384384384384,0.7605105105105106,0.23948948948948948
1636,YHR089C YNL088W,0.0,NA,4.4056145270587876e-05,625,5064,1596,41,0.30316680316680317,0.10986113552469678,0.9384384384384384,0.7603603603603604,0.23963963963963963
1637,YER123W YNL230C,0.0,NA,4.506581899477169e-05,625,5063,1597,41,0.3033033033033033,0.10988045007032349,0.9384384384384384,0.7602102102102102,0.2397897897897898
1638,YOR158W YIR002C,0.0,NA,4.5083274017088115e-05,625,5062,1598,41,0.3034398034398034,0.10989977140847547,0.9384384384384384,0.7600600600600601,0.23993993993993995
1639,YLR254C YDR400W,0.0,NA,4.523252937360667e-05,625,5061,1599,41,0.30357630357630355,0.10991909954273654,0.9384384384384384,0.7599099099099099,0.24009009009009008
1640,YKL073W YMR119W,0.0,NA,4.574422928271815e-05,625,5060,1600,41,0.30371280371280374,0.10993843447669305,0.9384384384384384,0.7597597597597597,0.24024024024024024
1641,YLR409C YJR094W-A,0.0,NA,4.5908716856501997e-05,625,5059,1601,41,0.30384930384930386,0.10995777621393385,0.9384384384384384,0.7596096096096097,0.2403903903903904
1642,YJL066C YMR012W,0.0,NA,4.609269672073424e-05,625,5058,1602,41,0.303985803985804,0.10997712475805033,0.9384384384384384,0.7594594594594595,0.24054054054054055
1643,YHR037W YNL290W,0.0,NA,4.639946928364225e-05,625,5057,1603,41,0.3041223041223041,0.1099964801126364,0.9384384384384384,0.7593093093093093,0.24069069069069068
1644,YGL263W YML056C,0.0,NA,4.662653009290807e-05,625,5056,1604,41,0.30425880425880425,0.11001584228128851,0.9384384384384384,0.7591591591591592,0.24084084084084084
1645,YNL166C YOR247W,0.0,NA,4.6638670028187335e-05,625,5055,1605,41,0.3043953043953044,0.11003521126760564,0.9384384384384384,0.759009009009009,0.240990990990991
1646,YBR101C YLR093C,0.0,NA,4.683048609877005e-05,625,5054,1606,41,0.3045318045318045,0.1100545870751893,0.9384384384384384,0.7588588588588588,0.24114114114114113
1647,YDR091C YFR052W,0.0,NA,4.6856352128088474e-05,625,5053,1607,41,0.3046683046683047,0.11007396970764353,0.9384384384384384,0.7587087087087087,0.2412912912912913
1648,YMR149W YHR061C,0.0,NA,4.71655948786065e-05,625,5052,1608,41,0.3048048048048048,0.11009335916857495,0.9384384384384384,0.7585585585585586,0.24144144144144145
1649,YDR437W YLR272C,0.0,NA,4.737791823572479e-05,625,5051,1609,41,0.30494130494130495,0.11011275546159267,0.9384384384384384,0.7584084084084084,0.2415915915915916
1650,YCL014W YGR108W,0.0,NA,4.748236096929759e-05,625,5050,1610,41,0.3050778050778051,0.11013215859030837,0.9384384384384384,0.7582582582582582,0.24174174174174173
1651,YLR005W YBL079W,0.0,NA,4.74962180305738e-05,625,5049,1611,41,0.3052143052143052,0.11015156855833627,0.9384384384384384,0.7581081081081081,0.2418918918918919
1652,YDL048C YEL018W,0.0,NA,4.769347287947312e-05,625,5048,1612,41,0.30535080535080533,0.11017098536929314,0.9384384384384384,0.757957957957958,0.24204204204204205
1653,YGR119C YNL283C,0.0,NA,4.7705299948574975e-05,625,5047,1613,41,0.30548730548730546,0.1101904090267983,0.9384384384384384,0.7578078078078078,0.24219219219219218
1654,YDR167W YML102W,0.0,NA,4.7823086788412184e-05,625,5046,1614,41,0.30562380562380564,0.11020983953447364,0.9384384384384384,0.7576576576576577,0.24234234234234234
1655,YIL097W YCL029C,0.0,NA,4.783394615515135e-05,625,5045,1615,41,0.3057603057603058,0.11022927689594356,0.9384384384384384,0.7575075075075075,0.2424924924924925
1656,YGR095C YKL108W,0.0,NA,4.798480586032383e-05,625,5044,1616,41,0.3058968058968059,0.11024872111483507,0.9384384384384384,0.7573573573573573,0.24264264264264265
1657,YLR037C YLR466W,0.0,NA,4.863451613346115e-05,625,5043,1617,41,0.30603330603330603,0.1102681721947777,0.9384384384384384,0.7572072072072072,0.24279279279279278
1658,YIR027C YOR349W,0.0,NA,4.8647965741110966e-05,625,5042,1618,41,0.30616980616980616,0.11028763013940357,0.9384384384384384,0.7570570570570571,0.24294294294294294
1659,YDR300C YJL019W,0.0,NA,4.871063356404193e-05,625,5041,1619,41,0.3063063063063063,0.11030709495234733,0.9384384384384384,0.7569069069069069,0.2430930930930931
1660,YDR194C YMR285C,0.0,NA,4.894942321698181e-05,625,5040,1620,41,0.30644280644280647,0.11032656663724624,0.9384384384384384,0.7567567567567568,0.24324324324324326
1661,YOL072W YOR045W,0.0,NA,4.9103568017017096e-05,625,5039,1621,41,0.3065793065793066,0.11034604519774012,0.9384384384384384,0.7566066066066066,0.2433933933933934
1662,YIL111W YPL215W,1.0,NA,4.920036008115858e-05,624,5039,1621,42,0.30644280644280647,0.11018894578845136,0.9369369369369369,0.7566066066066066,0.2433933933933934
1663,YNL087W YJR139C,0.0,NA,4.928902126266621e-05,624,5038,1622,42,0.3065793065793066,0.11020840692334864,0.9369369369369369,0.7564564564564564,0.24354354354354354
1664,YIL155C YNL008C,0.0,NA,4.929047645418905e-05,624,5037,1623,42,0.3067158067158067,0.11022787493375728,0.9369369369369369,0.7563063063063064,0.2436936936936937
1665,YBR247C YLR061W,0.0,NA,4.9720365495886654e-05,624,5036,1624,42,0.30685230685230686,0.11024734982332156,0.9369369369369369,0.7561561561561562,0.24384384384384383
1666,YGR062C YEL038W,0.0,NA,5.006928040529601e-05,624,5035,1625,42,0.306988806988807,0.11026683159568829,0.9369369369369369,0.756006006006006,0.243993993993994
1667,YJL024C YLR238W,0.0,NA,5.0085087423212826e-05,624,5034,1626,42,0.3071253071253071,0.1102863202545069,0.9369369369369369,0.7558558558558559,0.24414414414414415
1668,YGR078C YNL318C,0.0,NA,5.033714114688337e-05,624,5033,1627,42,0.30726180726180724,0.11030581580342938,0.9369369369369369,0.7557057057057057,0.2442942942942943
1669,YNL302C YML015C,0.0,NA,5.06565957039129e-05,624,5032,1628,42,0.3073983073983074,0.11032531824611033,0.9369369369369369,0.7555555555555555,0.24444444444444444
1670,YBR008C YDR236C,0.0,NA,5.098348265164532e-05,624,5031,1629,42,0.30753480753480755,0.1103448275862069,0.9369369369369369,0.7554054054054054,0.2445945945945946
1671,YPL266W YKL072W,0.0,NA,5.132157457410358e-05,624,5030,1630,42,0.3076713076713077,0.11036434382737885,0.9369369369369369,0.7552552552552553,0.24474474474474475
1672,YOL072W YNL087W,0.0,NA,5.144123497302644e-05,624,5029,1631,42,0.3078078078078078,0.11038386697328852,0.9369369369369369,0.7551051051051051,0.24489489489489488
1673,YAL034C YBR192W,0.0,NA,5.1731723942793906e-05,624,5028,1632,42,0.30794430794430794,0.11040339702760085,0.9369369369369369,0.7549549549549549,0.24504504504504504
1674,YGL197W YDR180W,0.0,NA,5.2041072194697335e-05,624,5027,1633,42,0.30808080808080807,0.11042293399398337,0.9369369369369369,0.7548048048048048,0.2451951951951952
1675,YDR093W YIR004W,0.0,NA,5.2098075684625655e-05,624,5026,1634,42,0.3082173082173082,0.1104424778761062,0.9369369369369369,0.7546546546546546,0.24534534534534536
1676,YNL129W YDR508C,0.0,NA,5.211860116105527e-05,624,5025,1635,42,0.3083538083538084,0.11046202867764206,0.9369369369369369,0.7545045045045045,0.24549549549549549
1677,YGL139W YMR203W,0.0,NA,5.227085785008967e-05,624,5024,1636,42,0.3084903084903085,0.11048158640226628,0.9369369369369369,0.7543543543543544,0.24564564564564564
1678,YGL252C YIR004W,0.0,NA,5.2641178626799956e-05,624,5023,1637,42,0.30862680862680864,0.11050115105365681,0.9369369369369369,0.7542042042042042,0.2457957957957958
1679,YLR190W YKL073W,0.0,NA,5.2713417971972376e-05,624,5022,1638,42,0.30876330876330876,0.11052072263549416,0.9369369369369369,0.754054054054054,0.24594594594594596
1680,YIR031C YPL183W-A,1.0,NA,5.272598355077207e-05,623,5022,1638,43,0.30862680862680864,0.11036315323294951,0.9354354354354354,0.754054054054054,0.24594594594594596
1681,YPL164C YDR522C,0.0,NA,5.27485171915032e-05,623,5021,1639,43,0.30876330876330876,0.11038270729978739,0.9354354354354354,0.7539039039039039,0.2460960960960961
1682,YMR133W YGR258C,0.0,NA,5.304137812345289e-05,623,5020,1640,43,0.3088998088998089,0.11040226829700514,0.9354354354354354,0.7537537537537538,0.24624624624624625
1683,YBL021C YHR073W,0.0,NA,5.3111129091121256e-05,623,5019,1641,43,0.309036309036309,0.11042183622828784,0.9354354354354354,0.7536036036036036,0.2463963963963964
1684,YJL053W YOR311C,0.0,NA,5.337876791600138e-05,623,5018,1642,43,0.30917280917280915,0.11044141109732317,0.9354354354354354,0.7534534534534535,0.24654654654654654
1685,YNL082W YBR119W,0.0,NA,5.35193903488107e-05,623,5017,1643,43,0.30930930930930933,0.11046099290780143,0.9354354354354354,0.7533033033033033,0.2466966966966967
1686,YDR365C YNL219C,0.0,NA,5.352832522476092e-05,623,5016,1644,43,0.30944580944580946,0.1104805816634155,0.9354354354354354,0.7531531531531531,0.24684684684684685
1687,YOR086C YGL099W,0.0,NA,5.3599684179062024e-05,623,5015,1645,43,0.3095823095823096,0.11050017736786094,0.9354354354354354,0.753003003003003,0.246996996996997
1688,YPR143W YBR003W,0.0,NA,5.382105155149475e-05,623,5014,1646,43,0.3097188097188097,0.11051978002483591,0.9354354354354354,0.7528528528528529,0.24714714714714714
1689,YJL092W YHL040C,0.0,NA,5.405132469604723e-05,623,5013,1647,43,0.30985530985530985,0.11053938963804116,0.9354354354354354,0.7527027027027027,0.2472972972972973
1690,YDL126C YGR260W,0.0,NA,5.411063102656044e-05,623,5012,1648,43,0.30999180999181,0.11055900621118013,0.9354354354354354,0.7525525525525526,0.24744744744744746
1691,YOR129C YDR273W,0.0,NA,5.416489511844702e-05,623,5011,1649,43,0.3101283101283101,0.11057862974795882,0.9354354354354354,0.7524024024024024,0.24759759759759759
1692,YJR064W YNL027W,0.0,NA,5.420090747065842e-05,623,5010,1650,43,0.3102648102648103,0.11059826025208593,0.9354354354354354,0.7522522522522522,0.24774774774774774
1693,YPL243W YPL074W,0.0,NA,5.441495522973128e-05,623,5009,1651,43,0.3104013104013104,0.11061789772727272,0.9354354354354354,0.7521021021021022,0.2478978978978979
1694,YLR020C YHR036W,0.0,NA,5.4517480748472735e-05,623,5008,1652,43,0.31053781053781054,0.11063754217723318,0.9354354354354354,0.751951951951952,0.24804804804804806
1695,YOR158W YKL103C,0.0,NA,5.4824402468511835e-05,623,5007,1653,43,0.31067431067431067,0.11065719360568384,0.9354354354354354,0.7518018018018018,0.2481981981981982
1696,YDR039C YMR025W,0.0,NA,5.517281169886701e-05,623,5006,1654,43,0.3108108108108108,0.11067685201634393,0.9354354354354354,0.7516516516516516,0.24834834834834835
1697,YDR534C YHR152W,0.0,NA,5.5214182793861255e-05,623,5005,1655,43,0.31094731094731093,0.11069651741293532,0.9354354354354354,0.7515015015015015,0.2484984984984985
1698,YOR046C YDR283C,0.0,NA,5.524989319383167e-05,623,5004,1656,43,0.31108381108381106,0.11071618979918252,0.9354354354354354,0.7513513513513513,0.24864864864864866
1699,YDL171C YML123C,0.0,NA,5.525316373677924e-05,623,5003,1657,43,0.31122031122031124,0.11073586917881266,0.9354354354354354,0.7512012012012012,0.2487987987987988
1700,YER113C YPL089C,0.0,NA,5.529596455744468e-05,623,5002,1658,43,0.31135681135681137,0.11075555555555555,0.9354354354354354,0.7510510510510511,0.24894894894894895
1701,YBR078W YHL024W,0.0,NA,5.5302607506746426e-05,623,5001,1659,43,0.3114933114933115,0.11077524893314367,0.9354354354354354,0.7509009009009009,0.2490990990990991
1702,YNL238W YFL048C,0.0,NA,5.540046913665719e-05,623,5000,1660,43,0.3116298116298116,0.11079494931531211,0.9354354354354354,0.7507507507507507,0.24924924924924924
1703,YNL038W YDR524C,0.0,NA,5.54252001165878e-05,623,4999,1661,43,0.31176631176631175,0.11081465670579865,0.9354354354354354,0.7506006006006006,0.2493993993993994
1704,YBR173C YGL008C,0.0,NA,5.549231354962103e-05,623,4998,1662,43,0.3119028119028119,0.11083437110834371,0.9354354354354354,0.7504504504504504,0.24954954954954955
1705,YIL051C YER075C,0.0,NA,5.6165041314670816e-05,623,4997,1663,43,0.31203931203931207,0.11085409252669039,0.9354354354354354,0.7503003003003003,0.2496996996996997
1706,YER151C YDR297W,0.0,NA,5.6288794439751655e-05,623,4996,1664,43,0.3121758121758122,0.11087382096458445,0.9354354354354354,0.7501501501501502,0.24984984984984984
1707,YER003C YIR002C,0.0,NA,5.6352600950049236e-05,623,4995,1665,43,0.3123123123123123,0.1108935564257743,0.9354354354354354,0.75,0.25
1708,YDL113C YGR078C,0.0,NA,5.676612272509374e-05,623,4994,1666,43,0.31244881244881245,0.11091329891401104,0.9354354354354354,0.7498498498498498,0.25015015015015013
1709,YOR394W YML052W,0.0,NA,5.6934346503112465e-05,623,4993,1667,43,0.3125853125853126,0.11093304843304844,0.9354354354354354,0.7496996996996997,0.2503003003003003
1710,YPL230W YCL029C,0.0,NA,5.69540643482469e-05,623,4992,1668,43,0.3127218127218127,0.11095280498664292,0.9354354354354354,0.7495495495495496,0.25045045045045045
1711,YGR034W YGR046W,0.0,NA,5.7459601521259174e-05,623,4991,1669,43,0.31285831285831284,0.11097256857855362,0.9354354354354354,0.7493993993993994,0.2506006006006006
1712,YOL049W YMR059W,0.0,NA,5.759697160101496e-05,623,4990,1670,43,0.312994812994813,0.11099233921254231,0.9354354354354354,0.7492492492492493,0.25075075075075076
1713,YIR031C YNL185C,1.0,NA,5.7867957366397604e-05,622,4990,1670,44,0.31285831285831284,0.11083392729864576,0.933933933933934,0.7492492492492493,0.25075075075075076
1714,YNL082W YGR142W,0.0,NA,5.790289651486091e-05,622,4989,1671,44,0.312994812994813,0.11085368027089645,0.933933933933934,0.7490990990990991,0.2509009009009009
1715,YNL038W YGL001C,0.0,NA,5.836468699271791e-05,622,4988,1672,44,0.31313131313131315,0.11087344028520499,0.933933933933934,0.7489489489489489,0.2510510510510511
1716,YHR109W YLR157C,0.0,NA,5.839051664224826e-05,622,4987,1673,44,0.3132678132678133,0.11089320734533785,0.933933933933934,0.7487987987987988,0.2512012012012012
1717,YML058W-A YPR119W,0.0,NA,5.847661304869689e-05,622,4986,1674,44,0.3134043134043134,0.11091298145506419,0.933933933933934,0.7486486486486487,0.25135135135135134
1718,YIL144W YBR031W,0.0,NA,5.8671834267443046e-05,622,4985,1675,44,0.31354081354081353,0.11093276261815588,0.933933933933934,0.7484984984984985,0.2515015015015015
1719,YDR437W YGR080W,0.0,NA,5.87414760957472e-05,622,4984,1676,44,0.31367731367731366,0.11095255083838744,0.933933933933934,0.7483483483483484,0.25165165165165165
1720,YER043C YLL035W,0.0,NA,5.8774308854481205e-05,622,4983,1677,44,0.3138138138138138,0.11097234611953613,0.933933933933934,0.7481981981981982,0.2518018018018018
1721,YKL073W YKR061W,0.0,NA,5.891718319617212e-05,622,4982,1678,44,0.313950313950314,0.11099214846538187,0.933933933933934,0.748048048048048,0.25195195195195197
1722,YDR146C YLR234W,0.0,NA,5.8931120292982087e-05,622,4981,1679,44,0.3140868140868141,0.1110119578797073,0.933933933933934,0.7478978978978978,0.2521021021021021
1723,YKL183W YFL050C,0.0,NA,5.948976831859909e-05,622,4980,1680,44,0.31422331422331423,0.11103177436629776,0.933933933933934,0.7477477477477478,0.25225225225225223
1724,YDR516C YOR224C,0.0,NA,5.949328624410555e-05,622,4979,1681,44,0.31435981435981436,0.11105159792894126,0.933933933933934,0.7475975975975976,0.2524024024024024
1725,YCR005C YBR085W,1.0,NA,5.9666977904271334e-05,621,4979,1681,45,0.31422331422331423,0.11089285714285714,0.9324324324324325,0.7475975975975976,0.2524024024024024
1726,YPR139C YGL031C,0.0,NA,5.978361878078431e-05,621,4978,1682,45,0.31435981435981436,0.11091266297553135,0.9324324324324325,0.7474474474474474,0.25255255255255254
1727,YMR091C YML095C,0.0,NA,5.983831943012774e-05,621,4977,1683,45,0.3144963144963145,0.11093247588424437,0.9324324324324325,0.7472972972972973,0.2527027027027027
1728,YLL025W YER012W,0.0,NA,5.985418465570547e-05,621,4976,1684,45,0.3146328146328146,0.110952295872789,0.9324324324324325,0.7471471471471471,0.25285285285285286
1729,YLL025W YPL166W,0.0,NA,6.032221426721662e-05,621,4975,1685,45,0.31476931476931475,0.11097212294496069,0.9324324324324325,0.746996996996997,0.253003003003003
1730,YDR530C YDR236C,0.0,NA,6.0349604609655216e-05,621,4974,1686,45,0.31490581490581493,0.11099195710455764,0.9324324324324325,0.7468468468468469,0.2531531531531532
1731,YDR273W YML123C,0.0,NA,6.04031520197168e-05,621,4973,1687,45,0.31504231504231506,0.11101179835538076,0.9324324324324325,0.7466966966966967,0.2533033033033033
1732,YGR009C YMR113W,0.0,NA,6.043271059752442e-05,621,4972,1688,45,0.3151788151788152,0.11103164670123368,0.9324324324324325,0.7465465465465465,0.25345345345345344
1733,YGR119C YGL095C,0.0,NA,6.045340342097916e-05,621,4971,1689,45,0.3153153153153153,0.11105150214592274,0.9324324324324325,0.7463963963963964,0.2536036036036036
1734,YOL030W YHR073W,0.0,NA,6.065129127819091e-05,621,4970,1690,45,0.31545181545181544,0.11107136469325703,0.9324324324324325,0.7462462462462462,0.25375375375375375
1735,YGR243W YLR262C-A,0.0,NA,6.0783069784520194e-05,621,4969,1691,45,0.31558831558831557,0.1110912343470483,0.9324324324324325,0.7460960960960961,0.2539039039039039
1736,YNL053W YLR363C,0.0,NA,6.079234663047828e-05,621,4968,1692,45,0.3157248157248157,0.1111111111111111,0.9324324324324325,0.745945945945946,0.25405405405405407
1737,YMR047C YBR208C,0.0,NA,6.106263026595116e-05,621,4967,1693,45,0.3158613158613159,0.11113099498926271,0.9324324324324325,0.7457957957957958,0.2542042042042042
1738,YIL160C YPL266W,0.0,NA,6.110719550633803e-05,621,4966,1694,45,0.315997815997816,0.11115088598532308,0.9324324324324325,0.7456456456456456,0.25435435435435433
1739,YPR128C YFL027C,0.0,NA,6.117255543358624e-05,621,4965,1695,45,0.31613431613431614,0.11117078410311493,0.9324324324324325,0.7454954954954955,0.2545045045045045
1740,YPL030W YDR141C,0.0,NA,6.147483509266749e-05,621,4964,1696,45,0.31627081627081627,0.11119068934646374,0.9324324324324325,0.7453453453453454,0.25465465465465464
1741,YDR236C YHR196W,0.0,NA,6.195518653839827e-05,621,4963,1697,45,0.3164073164073164,0.11121060171919771,0.9324324324324325,0.7451951951951952,0.25480480480480483
1742,YMR005W YNL239W,0.0,NA,6.218377529876307e-05,621,4962,1698,45,0.3165438165438165,0.11123052122514777,0.9324324324324325,0.7450450450450451,0.25495495495495496
1743,YIL144W YOL049W,0.0,NA,6.227290577953681e-05,621,4961,1699,45,0.31668031668031665,0.11125044786814761,0.9324324324324325,0.7448948948948949,0.2551051051051051
1744,YLR054C YDL126C,0.0,NA,6.246924749575555e-05,621,4960,1700,45,0.31681681681681684,0.11127038165203369,0.9324324324324325,0.7447447447447447,0.2552552552552553
1745,YLR262C-A YBL051C,0.0,NA,6.286174175329506e-05,621,4959,1701,45,0.31695331695331697,0.11129032258064517,0.9324324324324325,0.7445945945945946,0.2554054054054054
1746,YIR010W YCL038C,0.0,NA,6.297664367593825e-05,621,4958,1702,45,0.3170898170898171,0.11131027065782398,0.9324324324324325,0.7444444444444445,0.25555555555555554
1747,YKL216W YHR037W,0.0,NA,6.306173600023612e-05,621,4957,1703,45,0.3172263172263172,0.11133022588741484,0.9324324324324325,0.7442942942942943,0.2557057057057057
1748,YLR139C YHR092C,1.0,NA,6.345504516502842e-05,620,4957,1703,46,0.3170898170898171,0.11117088040164963,0.9309309309309309,0.7442942942942943,0.2557057057057057
1749,YKL159C YGR262C,0.0,NA,6.352794298436493e-05,620,4956,1704,46,0.3172263172263172,0.11119081779053085,0.9309309309309309,0.7441441441441441,0.25585585585585585
1750,YJR160C YER110C,0.0,NA,6.37476914562285e-05,620,4955,1705,46,0.31736281736281735,0.11121076233183856,0.9309309309309309,0.743993993993994,0.256006006006006
1751,YHR070W YDL192W,0.0,NA,6.385202868841588e-05,620,4954,1706,46,0.3174993174993175,0.11123071402942232,0.9309309309309309,0.7438438438438438,0.25615615615615617
1752,YDR216W YHL022C,0.0,NA,6.38751735095866e-05,620,4953,1707,46,0.31763581763581766,0.1112506728871344,0.9309309309309309,0.7436936936936936,0.2563063063063063
1753,YGR204W YPL166W,0.0,NA,6.472501991083845e-05,620,4952,1708,46,0.3177723177723178,0.11127063890882986,0.9309309309309309,0.7435435435435436,0.2564564564564565
1754,YDL083C YJR075W,0.0,NA,6.473551184171811e-05,620,4951,1709,46,0.3179088179088179,0.11129061209836653,0.9309309309309309,0.7433933933933934,0.2566066066066066
1755,YBL064C YPR181C,0.0,NA,6.474353722296655e-05,620,4950,1710,46,0.31804531804531805,0.11131059245960502,0.9309309309309309,0.7432432432432432,0.25675675675675674
1756,YNL133C YOR040W,0.0,NA,6.47454580757767e-05,620,4949,1711,46,0.3181818181818182,0.11133057999640869,0.9309309309309309,0.7430930930930931,0.25690690690690693
1757,YDL171C YGL001C,0.0,NA,6.498000584542751e-05,620,4948,1712,46,0.3183183183183183,0.11135057471264367,0.9309309309309309,0.7429429429429429,0.25705705705705706
1758,YBR283C YPL164C,0.0,NA,6.498309812741354e-05,620,4947,1713,46,0.31845481845481843,0.11137057661217892,0.9309309309309309,0.7427927927927928,0.2572072072072072
1759,YDR201W YDR534C,0.0,NA,6.499270966742188e-05,620,4946,1714,46,0.3185913185913186,0.11139058569888609,0.9309309309309309,0.7426426426426427,0.2573573573573574
1760,YMR091C YGR260W,0.0,NA,6.50756192044355e-05,620,4945,1715,46,0.31872781872781875,0.11141060197663971,0.9309309309309309,0.7424924924924925,0.2575075075075075
1761,YCR098C YMR040W,0.0,NA,6.508412479888648e-05,620,4944,1716,46,0.3188643188643189,0.11143062544931703,0.9309309309309309,0.7423423423423423,0.25765765765765763
1762,YPL096C-A YNL027W,0.0,NA,6.51201989967376e-05,620,4943,1717,46,0.319000819000819,0.11145065612079813,0.9309309309309309,0.7421921921921922,0.2578078078078078
1763,YGR023W YCR073C,0.0,NA,6.522902549477294e-05,620,4942,1718,46,0.31913731913731913,0.11147069399496584,0.9309309309309309,0.742042042042042,0.25795795795795795
1764,YMR318C YKL009W,0.0,NA,6.564435898326337e-05,620,4941,1719,46,0.31927381927381926,0.11149073907570581,0.9309309309309309,0.7418918918918919,0.2581081081081081
1765,YEL040W YJL025W,0.0,NA,6.602210487471893e-05,620,4940,1720,46,0.3194103194103194,0.11151079136690648,0.9309309309309309,0.7417417417417418,0.25825825825825827
1766,YHR188C YBR278W,0.0,NA,6.604086956940591e-05,620,4939,1721,46,0.31954681954681957,0.11153085087245908,0.9309309309309309,0.7415915915915916,0.2584084084084084
1767,YHL040C YKL135C,0.0,NA,6.615691381739452e-05,620,4938,1722,46,0.3196833196833197,0.11155091759625764,0.9309309309309309,0.7414414414414414,0.2585585585585586
1768,YAL001C YNL297C,0.0,NA,6.625755486311391e-05,620,4937,1723,46,0.31981981981981983,0.11157099154219903,0.9309309309309309,0.7412912912912913,0.2587087087087087
1769,YPR134W YGR002C,0.0,NA,6.635954923694953e-05,620,4936,1724,46,0.31995631995631996,0.11159107271418287,0.9309309309309309,0.7411411411411412,0.25885885885885884
1770,YOR312C YNL183C,0.0,NA,6.655049219261855e-05,620,4935,1725,46,0.3200928200928201,0.1116111611161116,0.9309309309309309,0.740990990990991,0.25900900900900903
1771,YPR134W YKL114C,0.0,NA,6.658419442828745e-05,620,4934,1726,46,0.3202293202293202,0.11163125675189053,0.9309309309309309,0.7408408408408408,0.25915915915915916
1772,YNL129W YDR013W,0.0,NA,6.661836232524365e-05,620,4933,1727,46,0.32036582036582034,0.1116513596254277,0.9309309309309309,0.7406906906906907,0.2593093093093093
1773,YGL053W YCL038C,0.0,NA,6.706557178404182e-05,620,4932,1728,46,0.3205023205023205,0.11167146974063401,0.9309309309309309,0.7405405405405405,0.2594594594594595
1774,YLR258W YKL183W,0.0,NA,6.722109537804499e-05,620,4931,1729,46,0.32063882063882065,0.11169158710142317,0.9309309309309309,0.7403903903903903,0.2596096096096096
1775,YOL155C YBR145W,0.0,NA,6.733478221576661e-05,620,4930,1730,46,0.3207753207753208,0.11171171171171171,0.9309309309309309,0.7402402402402403,0.25975975975975973
1776,YFR051C YBR058C,0.0,NA,6.767170270904899e-05,620,4929,1731,46,0.3209118209118209,0.11173184357541899,0.9309309309309309,0.7400900900900901,0.2599099099099099
1777,YBL020W YGL080W,0.0,NA,6.782649870729074e-05,620,4928,1732,46,0.32104832104832104,0.11175198269646719,0.9309309309309309,0.7399399399399399,0.26006006006006005
1778,YKL165C YDR180W,0.0,NA,6.798216782044619e-05,620,4927,1733,46,0.32118482118482117,0.11177212907878133,0.9309309309309309,0.7397897897897898,0.26021021021021024
1779,YIL009W YKL146W,0.0,NA,6.80305456626229e-05,620,4926,1734,46,0.3213213213213213,0.11179228272628922,0.9309309309309309,0.7396396396396396,0.26036036036036037
1780,YNR035C YML069W,0.0,NA,6.804962322348729e-05,620,4925,1735,46,0.3214578214578215,0.11181244364292155,0.9309309309309309,0.7394894894894894,0.2605105105105105
1781,YOR367W YLR020C,0.0,NA,6.823130388511345e-05,620,4924,1736,46,0.3215943215943216,0.11183261183261184,0.9309309309309309,0.7393393393393394,0.2606606606606607
1782,YGL017W YEL060C,0.0,NA,6.838438275735825e-05,620,4923,1737,46,0.32173082173082174,0.11185278729929642,0.9309309309309309,0.7391891891891892,0.2608108108108108
1783,YOR039W YDR412W,0.0,NA,6.84008191456087e-05,620,4922,1738,46,0.32186732186732187,0.11187297004691447,0.9309309309309309,0.739039039039039,0.26096096096096094
1784,YJL053W YDR428C,0.0,NA,6.876182305859402e-05,620,4921,1739,46,0.322003822003822,0.11189316007940805,0.9309309309309309,0.7388888888888889,0.2611111111111111
1785,YPR178W YLR425W,0.0,NA,6.922117609065026e-05,620,4920,1740,46,0.3221403221403221,0.11191335740072202,0.9309309309309309,0.7387387387387387,0.26126126126126126
1786,YCR008W YDR353W,0.0,NA,6.924408080521971e-05,620,4919,1741,46,0.32227682227682225,0.11193356201480412,0.9309309309309309,0.7385885885885886,0.2614114114114114
1787,YDR400W YPL018W,0.0,NA,6.971463153604418e-05,620,4918,1742,46,0.32241332241332243,0.1119537739256049,0.9309309309309309,0.7384384384384385,0.2615615615615616
1788,YIL047C YDR482C,0.0,NA,6.975646101636812e-05,620,4917,1743,46,0.32254982254982256,0.11197399313707784,0.9309309309309309,0.7382882882882883,0.2617117117117117
1789,YOR129C YIL134W,0.0,NA,6.979951285757124e-05,620,4916,1744,46,0.3226863226863227,0.1119942196531792,0.9309309309309309,0.7381381381381381,0.2618618618618619
1790,YMR115W YOL112W,0.0,NA,6.985751679167151e-05,620,4915,1745,46,0.3228228228228228,0.1120144534778681,0.9309309309309309,0.737987987987988,0.262012012012012
1791,YER136W YGR129W,0.0,NA,6.988909444771707e-05,620,4914,1746,46,0.32295932295932295,0.11203469461510661,0.9309309309309309,0.7378378378378379,0.26216216216216215
1792,YDR218C YGR034W,0.0,NA,6.992029375396669e-05,620,4913,1747,46,0.3230958230958231,0.11205494306885957,0.9309309309309309,0.7376876876876877,0.26231231231231233
1793,YHR129C YNL290W,0.0,NA,6.992369162617251e-05,620,4912,1748,46,0.32323232323232326,0.11207519884309472,0.9309309309309309,0.7375375375375376,0.26246246246246246
1794,YLR248W YDR216W,0.0,NA,6.999521428951994e-05,620,4911,1749,46,0.3233688233688234,0.11209546194178267,0.9309309309309309,0.7373873873873874,0.2626126126126126
1795,YNR070W YBR029C,0.0,NA,7.007515523582697e-05,620,4910,1750,46,0.3235053235053235,0.11211573236889692,0.9309309309309309,0.7372372372372372,0.2627627627627628
1796,YNL081C YGL181W,0.0,NA,7.016830204520375e-05,620,4909,1751,46,0.32364182364182364,0.11213601012841382,0.9309309309309309,0.737087087087087,0.2629129129129129
1797,YER113C YDL045C,0.0,NA,7.039342017378658e-05,620,4908,1752,46,0.3237783237783238,0.11215629522431259,0.9309309309309309,0.736936936936937,0.26306306306306304
1798,YPL164C YPR141C,0.0,NA,7.043370715109631e-05,620,4907,1753,46,0.3239148239148239,0.11217658766057535,0.9309309309309309,0.7367867867867868,0.2632132132132132
1799,YDR040C YNL318C,0.0,NA,7.054940215311944e-05,620,4906,1754,46,0.32405132405132403,0.11219688744118711,0.9309309309309309,0.7366366366366366,0.26336336336336336
1800,YCR005C YDL120W,1.0,NA,7.057860057102516e-05,619,4906,1754,47,0.3239148239148239,0.11203619909502262,0.9294294294294294,0.7366366366366366,0.26336336336336336
1801,YLR220W YJR063W,0.0,NA,7.058439223328605e-05,619,4905,1755,47,0.32405132405132403,0.11205648081100651,0.9294294294294294,0.7364864864864865,0.2635135135135135
1802,YCR066W YKL108W,0.0,NA,7.08867228240706e-05,619,4904,1756,47,0.3241878241878242,0.11207676987144667,0.9294294294294294,0.7363363363363363,0.26366366366366367
1803,YCR073C YFL002C,0.0,NA,7.096016634022817e-05,619,4903,1757,47,0.32432432432432434,0.11209706628033321,0.9294294294294294,0.7361861861861861,0.2638138138138138
1804,YDL065C YMR069W,0.0,NA,7.130054291337729e-05,619,4902,1758,47,0.32446082446082447,0.11211737004165911,0.9294294294294294,0.7360360360360361,0.263963963963964
1805,YML104C YFR048W,0.0,NA,7.15786954970099e-05,619,4901,1759,47,0.3245973245973246,0.11213768115942029,0.9294294294294294,0.7358858858858859,0.2641141141141141
1806,YCL043C YDL126C,0.0,NA,7.179321255534887e-05,619,4900,1760,47,0.3247338247338247,0.11215799963761551,0.9294294294294294,0.7357357357357357,0.26426426426426425
1807,YDR412W YJR019C,0.0,NA,7.197095692390576e-05,619,4899,1761,47,0.32487032487032486,0.11217832548024646,0.9294294294294294,0.7355855855855856,0.26441441441441443
1808,YLR037C YGR252W,0.0,NA,7.20341267879121e-05,619,4898,1762,47,0.325006825006825,0.11219865869131775,0.9294294294294294,0.7354354354354354,0.26456456456456456
1809,YGR132C YKL183W,0.0,NA,7.218437531264499e-05,619,4897,1763,47,0.32514332514332517,0.11221899927483683,0.9294294294294294,0.7352852852852853,0.2647147147147147
1810,YNL008C YDL045W-A,0.0,NA,7.253296644194052e-05,619,4896,1764,47,0.3252798252798253,0.11223934723481414,0.9294294294294294,0.7351351351351352,0.2648648648648649
1811,YPL153C YLR425W,0.0,NA,7.266201282618567e-05,619,4895,1765,47,0.3254163254163254,0.11225970257526297,0.9294294294294294,0.734984984984985,0.265015015015015
1812,YHR109W YOR198C,0.0,NA,7.44551289244555e-05,619,4894,1766,47,0.32555282555282555,0.11228006530019953,0.9294294294294294,0.7348348348348348,0.26516516516516514
1813,YLR054C YKL139W,0.0,NA,7.502909284085035e-05,619,4893,1767,47,0.3256893256893257,0.11230043541364296,0.9294294294294294,0.7346846846846847,0.2653153153153153
1814,YHR070W YDR283C,0.0,NA,7.503989763790742e-05,619,4892,1768,47,0.3258258258258258,0.11232081291961532,0.9294294294294294,0.7345345345345345,0.26546546546546546
1815,YPR106W YMR047C,0.0,NA,7.568208093289286e-05,619,4891,1769,47,0.32596232596232594,0.11234119782214157,0.9294294294294294,0.7343843843843844,0.26561561561561564
1816,YCR093W YNL158W,0.0,NA,7.597232615808025e-05,619,4890,1770,47,0.3260988260988261,0.11236159012524959,0.9294294294294294,0.7342342342342343,0.26576576576576577
1817,YJR108W YMR106C,0.0,NA,7.597739750053734e-05,619,4889,1771,47,0.32623532623532625,0.11238198983297022,0.9294294294294294,0.7340840840840841,0.2659159159159159
1818,YML123C YKL208W,0.0,NA,7.626078149769455e-05,619,4888,1772,47,0.3263718263718264,0.11240239694933721,0.9294294294294294,0.7339339339339339,0.2660660660660661
1819,YGL061C YER037W,0.0,NA,7.650624320376664e-05,619,4887,1773,47,0.3265083265083265,0.11242281147838722,0.9294294294294294,0.7337837837837838,0.2662162162162162
1820,YBR196C YGL211W,0.0,NA,7.652893691556528e-05,619,4886,1774,47,0.32664482664482664,0.11244323342415985,0.9294294294294294,0.7336336336336337,0.26636636636636635
1821,YJL008C YEL060C,0.0,NA,7.67137244110927e-05,619,4885,1775,47,0.32678132678132676,0.11246366279069768,0.9294294294294294,0.7334834834834835,0.26651651651651653
1822,YDL049C YJR075W,0.0,NA,7.694208034081385e-05,619,4884,1776,47,0.3269178269178269,0.11248409958204615,0.9294294294294294,0.7333333333333333,0.26666666666666666
1823,YDL236W YKL086W,0.0,NA,7.70143888075836e-05,619,4883,1777,47,0.3270543270543271,0.11250454380225372,0.9294294294294294,0.7331831831831832,0.2668168168168168
1824,YNL147W YDR234W,0.0,NA,7.737796840956435e-05,619,4882,1778,47,0.3271908271908272,0.11252499545537176,0.9294294294294294,0.733033033033033,0.266966966966967
1825,YNL069C YDR228C,0.0,NA,7.842906779842451e-05,619,4881,1779,47,0.32732732732732733,0.11254545454545455,0.9294294294294294,0.7328828828828828,0.2671171171171171
1826,YPR138C YML026C,0.0,NA,7.852230919525027e-05,619,4880,1780,47,0.32746382746382746,0.11256592107655937,0.9294294294294294,0.7327327327327328,0.2672672672672673
1827,YML088W YEL006W,0.0,NA,7.86620075814426e-05,619,4879,1781,47,0.3276003276003276,0.11258639505274645,0.9294294294294294,0.7325825825825826,0.2674174174174174
1828,YER044C YJL162C,0.0,NA,7.87184399086982e-05,619,4878,1782,47,0.3277368277368277,0.11260687647807895,0.9294294294294294,0.7324324324324324,0.26756756756756755
1829,YKR061W YHL033C,0.0,NA,7.880045450292528e-05,619,4877,1783,47,0.32787332787332785,0.112627365356623,0.9294294294294294,0.7322822822822823,0.26771771771771774
1830,YLR034C YDL045C,0.0,NA,7.904655649326742e-05,619,4876,1784,47,0.32800982800982803,0.11264786169244768,0.9294294294294294,0.7321321321321321,0.26786786786786787
1831,YJR082C YFL050C,0.0,NA,7.915215974207968e-05,619,4875,1785,47,0.32814632814632816,0.11266836548962504,0.9294294294294294,0.7319819819819819,0.268018018018018
1832,YER122C YBR186W,0.0,NA,7.937021291581914e-05,619,4874,1786,47,0.3282828282828283,0.1126888767522301,0.9294294294294294,0.7318318318318319,0.2681681681681682
1833,YHL007C YHR058C,0.0,NA,7.939466740936041e-05,619,4873,1787,47,0.3284193284193284,0.11270939548434086,0.9294294294294294,0.7316816816816817,0.2683183183183183
1834,YDL171C YBL063W,0.0,NA,7.945858669700101e-05,619,4872,1788,47,0.32855582855582854,0.11272992169003825,0.9294294294294294,0.7315315315315315,0.26846846846846845
1835,YOR307C YOL112W,0.0,NA,7.96085296315141e-05,619,4871,1789,47,0.3286923286923287,0.1127504553734062,0.9294294294294294,0.7313813813813814,0.26861861861861863
1836,YEL040W YFL017C,0.0,NA,7.977564382599667e-05,619,4870,1790,47,0.32882882882882886,0.1127709965385316,0.9294294294294294,0.7312312312312312,0.26876876876876876
1837,YKL216W YJL223C,0.0,NA,7.993631879799068e-05,619,4869,1791,47,0.328965328965329,0.11279154518950438,0.9294294294294294,0.731081081081081,0.2689189189189189
1838,YNL053W YBR145W,0.0,NA,8.010251622181386e-05,619,4868,1792,47,0.3291018291018291,0.11281210133041734,0.9294294294294294,0.730930930930931,0.2690690690690691
1839,YDR525W-A YDL058W,0.0,NA,8.011611498659477e-05,619,4867,1793,47,0.32923832923832924,0.11283266496536638,0.9294294294294294,0.7307807807807808,0.2692192192192192
1840,YLR028C YIL111W,1.0,NA,8.071801858022809e-05,618,4867,1793,48,0.3291018291018291,0.11267092069279853,0.9279279279279279,0.7307807807807808,0.2692192192192192
1841,YHR074W YHR046C,0.0,NA,8.089871698757634e-05,618,4866,1794,48,0.32923832923832924,0.11269146608315099,0.9279279279279279,0.7306306306306306,0.2693693693693694
1842,YOR130C YKL116C,0.0,NA,8.113806688925251e-05,618,4865,1795,48,0.32937482937482937,0.1127120189677184,0.9279279279279279,0.7304804804804805,0.2695195195195195
1843,YGL080W YGR033C,0.0,NA,8.144783350871876e-05,618,4864,1796,48,0.3295113295113295,0.11273257935060196,0.9279279279279279,0.7303303303303303,0.26966966966966965
1844,YPL240C YMR119W,0.0,NA,8.16452011349611e-05,618,4863,1797,48,0.3296478296478296,0.11275314723590586,0.9279279279279279,0.7301801801801802,0.26981981981981984
1845,YMR005W YGL001C,0.0,NA,8.235033601522446e-05,618,4862,1798,48,0.3297843297843298,0.11277372262773723,0.9279279279279279,0.73003003003003,0.26996996996996997
1846,YJR006W YMR055C,0.0,NA,8.244022319559008e-05,618,4861,1799,48,0.32992082992082994,0.11279430553020624,0.9279279279279279,0.7298798798798799,0.2701201201201201
1847,YHR085W YPL250C,0.0,NA,8.260752656497061e-05,618,4860,1800,48,0.33005733005733007,0.11281489594742607,0.9279279279279279,0.7297297297297297,0.2702702702702703
1848,YBL074C YNL233W,0.0,NA,8.265607175417244e-05,618,4859,1801,48,0.3301938301938302,0.11283549388351287,0.9279279279279279,0.7295795795795795,0.2704204204204204
1849,YPL074W YLR466W,0.0,NA,8.296831219922751e-05,618,4858,1802,48,0.3303303303303303,0.11285609934258582,0.9279279279279279,0.7294294294294295,0.27057057057057055
1850,YBL075C YGR095C,0.0,NA,8.352478471351787e-05,618,4857,1803,48,0.33046683046683045,0.11287671232876713,0.9279279279279279,0.7292792792792793,0.27072072072072073
1851,YKR028W YMR183C,0.0,NA,8.375952165806666e-05,618,4856,1804,48,0.3306033306033306,0.11289733284618195,0.9279279279279279,0.7291291291291291,0.27087087087087086
1852,YDR295C YMR029C,0.0,NA,8.38382329675369e-05,618,4855,1805,48,0.33073983073983076,0.11291796089895853,0.9279279279279279,0.728978978978979,0.27102102102102105
1853,YJL061W YPL030W,0.0,NA,8.388341666432098e-05,618,4854,1806,48,0.3308763308763309,0.11293859649122807,0.9279279279279279,0.7288288288288288,0.2711711711711712
1854,YOL158C YMR059W,0.0,NA,8.394943142775446e-05,618,4853,1807,48,0.331012831012831,0.11295923962712484,0.9279279279279279,0.7286786786786786,0.2713213213213213
1855,YGR078C YGR080W,0.0,NA,8.42705849208869e-05,618,4852,1808,48,0.33114933114933115,0.1129798903107861,0.9279279279279279,0.7285285285285286,0.2714714714714715
1856,YKL069W YKL099C,0.0,NA,8.427846478298306e-05,618,4851,1809,48,0.3312858312858313,0.11300054854635216,0.9279279279279279,0.7283783783783784,0.2716216216216216
1857,YMR040W YHL022C,0.0,NA,8.431374590145424e-05,618,4850,1810,48,0.3314223314223314,0.11302121433796634,0.9279279279279279,0.7282282282282282,0.27177177177177175
1858,YKL120W YJR094W-A,0.0,NA,8.467333827866241e-05,618,4849,1811,48,0.33155883155883153,0.11304188768977501,0.9279279279279279,0.7280780780780781,0.27192192192192194
1859,YPR193C YKL156W,0.0,NA,8.488523599226028e-05,618,4848,1812,48,0.3316953316953317,0.11306256860592755,0.9279279279279279,0.7279279279279279,0.27207207207207207
1860,YPL111W YHL004W,1.0,NA,8.500552212353796e-05,617,4848,1812,49,0.33155883155883153,0.11290027447392498,0.9264264264264265,0.7279279279279279,0.27207207207207207
1861,YPR178W YOR077W,0.0,NA,8.57151608215645e-05,617,4847,1813,49,0.3316953316953317,0.11292093704245974,0.9264264264264265,0.7277777777777777,0.2722222222222222
1862,YDR343C YFL010W-A,0.0,NA,8.576650725444779e-05,617,4846,1814,49,0.33183183183183185,0.11294160717554458,0.9264264264264265,0.7276276276276277,0.2723723723723724
1863,YDR365C YLR016C,0.0,NA,8.582623559050262e-05,617,4845,1815,49,0.331968331968332,0.11296228487733431,0.9264264264264265,0.7274774774774775,0.2725225225225225
1864,YDR093W YIL105C,0.0,NA,8.585373871028423e-05,617,4844,1816,49,0.3321048321048321,0.11298297015198681,0.9264264264264265,0.7273273273273273,0.2726726726726727
1865,YGL070C YGR132C,0.0,NA,8.606899064034224e-05,617,4843,1817,49,0.33224133224133223,0.113003663003663,0.9264264264264265,0.7271771771771772,0.27282282282282283
1866,YGL211W YNL158W,0.0,NA,8.618931315140799e-05,617,4842,1818,49,0.33237783237783236,0.11302436343652683,0.9264264264264265,0.727027027027027,0.27297297297297296
1867,YER148W YKL210W,0.0,NA,8.627064380561933e-05,617,4841,1819,49,0.3325143325143325,0.11304507145474532,0.9264264264264265,0.7268768768768769,0.27312312312312315
1868,YPR119W YML016C,0.0,NA,8.649964729556814e-05,617,4840,1820,49,0.3326508326508327,0.11306578706248854,0.9264264264264265,0.7267267267267268,0.2732732732732733
1869,YLR201C YDL120W,1.0,NA,8.664237975608557e-05,616,4840,1820,50,0.3325143325143325,0.11290322580645161,0.924924924924925,0.7267267267267268,0.2732732732732733
1870,YER143W YOR052C,0.0,NA,8.688364323461428e-05,616,4839,1821,50,0.3326508326508327,0.11292392300641613,0.924924924924925,0.7265765765765766,0.2734234234234234
1871,YHR058C YBL068W,0.0,NA,8.722182974452153e-05,616,4838,1822,50,0.3327873327873328,0.11294462779611295,0.924924924924925,0.7264264264264264,0.2735735735735736
1872,YOR197W YKR004C,0.0,NA,8.728631655685604e-05,616,4837,1823,50,0.33292383292383293,0.11296534017971759,0.924924924924925,0.7262762762762762,0.2737237237237237
1873,YHR005C-A YOR033C,0.0,NA,8.738350152270868e-05,616,4836,1824,50,0.33306033306033306,0.11298606016140866,0.924924924924925,0.7261261261261261,0.27387387387387385
1874,YPR133W-A YJL177W,0.0,NA,8.756385068409145e-05,616,4835,1825,50,0.3331968331968332,0.11300678774536782,0.924924924924925,0.725975975975976,0.27402402402402404
1875,YDR077W YJR024C,0.0,NA,8.76787380548194e-05,616,4834,1826,50,0.3333333333333333,0.11302752293577982,0.924924924924925,0.7258258258258258,0.27417417417417417
1876,YDL089W YFL020C,0.0,NA,8.789412822807208e-05,616,4833,1827,50,0.33346983346983344,0.11304826573683245,0.924924924924925,0.7256756756756757,0.2743243243243243
1877,YOL013C YBL084C,0.0,NA,8.797772898105904e-05,616,4832,1828,50,0.3336063336063336,0.1130690161527166,0.924924924924925,0.7255255255255255,0.2744744744744745
1878,YPR070W YBR211C,0.0,NA,8.813055319478735e-05,616,4831,1829,50,0.33374283374283376,0.11308977418762621,0.924924924924925,0.7253753753753753,0.2746246246246246
1879,YOR045W YCL055W,0.0,NA,8.835000335238874e-05,616,4830,1830,50,0.3338793338793339,0.11311053984575835,0.924924924924925,0.7252252252252253,0.2747747747747748
1880,YGL053W YDR516C,0.0,NA,8.849292498780414e-05,616,4829,1831,50,0.334015834015834,0.11313131313131314,0.924924924924925,0.7250750750750751,0.27492492492492493
1881,YBL027W YMR262W,0.0,NA,8.855049236444756e-05,616,4828,1832,50,0.33415233415233414,0.11315209404849376,0.924924924924925,0.7249249249249249,0.27507507507507506
1882,YLR459W YOR007C,0.0,NA,8.863336552167311e-05,616,4827,1833,50,0.33428883428883427,0.11317288260150653,0.924924924924925,0.7247747747747748,0.27522522522522525
1883,YDR277C YOR026W,0.0,NA,8.890644676284865e-05,616,4826,1834,50,0.33442533442533445,0.11319367879456083,0.924924924924925,0.7246246246246246,0.2753753753753754
1884,YLR205C YKL178C,0.0,NA,8.908262680051848e-05,616,4825,1835,50,0.3345618345618346,0.11321448263186915,0.924924924924925,0.7244744744744744,0.2755255255255255
1885,YJL063C YJL209W,1.0,NA,8.919040556065738e-05,615,4825,1835,51,0.33442533442533445,0.1130514705882353,0.9234234234234234,0.7244744744744744,0.2755255255255255
1886,YER090W YGR243W,0.0,NA,8.921753760660067e-05,615,4824,1836,51,0.3345618345618346,0.11307225592939879,0.9234234234234234,0.7243243243243244,0.2756756756756757
1887,YNL297C YKL021C,0.0,NA,8.922698179958388e-05,615,4823,1837,51,0.3346983346983347,0.1130930489150423,0.9234234234234234,0.7241741741741742,0.2758258258258258
1888,YMR311C YGL053W,0.0,NA,8.933340723160654e-05,615,4822,1838,51,0.33483483483483484,0.11311384954938385,0.9234234234234234,0.724024024024024,0.27597597597597595
1889,YER190W YLR093C,0.0,NA,8.938836981542408e-05,615,4821,1839,51,0.33497133497133497,0.11313465783664459,0.9234234234234234,0.7238738738738739,0.27612612612612614
1890,YLR254C YLR388W,0.0,NA,8.945001900428906e-05,615,4820,1840,51,0.3351078351078351,0.11315547378104876,0.9234234234234234,0.7237237237237237,0.27627627627627627
1891,YMR113W YKL009W,0.0,NA,8.957293175626546e-05,615,4819,1841,51,0.3352443352443352,0.11317629738682371,0.9234234234234234,0.7235735735735735,0.27642642642642645
1892,YDR088C YGL032C,0.0,NA,8.97632708074525e-05,615,4818,1842,51,0.3353808353808354,0.11319712865819989,0.9234234234234234,0.7234234234234235,0.2765765765765766
1893,YLR268W YCR077C,0.0,NA,8.982183499028906e-05,615,4817,1843,51,0.33551733551733554,0.1132179675994109,0.9234234234234234,0.7232732732732733,0.2767267267267267
1894,YBL084C YGR032W,0.0,NA,8.998386329039931e-05,615,4816,1844,51,0.33565383565383566,0.11323881421469342,0.9234234234234234,0.7231231231231231,0.2768768768768769
1895,YGR097W YDL231C,0.0,NA,8.998412522487342e-05,615,4815,1845,51,0.3357903357903358,0.1132596685082873,0.9234234234234234,0.722972972972973,0.27702702702702703
1896,YMR055C YER075C,0.0,NA,9.042582678375766e-05,615,4814,1846,51,0.3359268359268359,0.11328053048443544,0.9234234234234234,0.7228228228228228,0.27717717717717716
1897,YNL129W YGL195W,0.0,NA,9.064537152880803e-05,615,4813,1847,51,0.33606333606333605,0.11330140014738393,0.9234234234234234,0.7226726726726727,0.27732732732732734
1898,YLR028C YDL120W,1.0,NA,9.065937774721533e-05,614,4813,1847,52,0.3359268359268359,0.11313801363552607,0.9219219219219219,0.7226726726726727,0.27732732732732734
1899,YBL040C YLR157C,0.0,NA,9.07304638531059e-05,614,4812,1848,52,0.33606333606333605,0.11315886472539624,0.9219219219219219,0.7225225225225225,0.2774774774774775
1900,YIR031C YNL177C,1.0,NA,9.093558037420735e-05,613,4812,1848,53,0.3359268359268359,0.11299539170506913,0.9204204204204204,0.7225225225225225,0.2774774774774775
1901,YHR079C-A YBR200W,0.0,NA,9.15764831006527e-05,613,4811,1849,53,0.33606333606333605,0.11301622418879056,0.9204204204204204,0.7223723723723724,0.2776276276276276
1902,YHR018C YHR096C,0.0,NA,9.181966015603393e-05,613,4810,1850,53,0.3361998361998362,0.11303706435552277,0.9204204204204204,0.7222222222222222,0.2777777777777778
1903,YNR017W YLR277C,0.0,NA,9.233268792741e-05,613,4809,1851,53,0.33633633633633636,0.11305791220951679,0.9204204204204204,0.722072072072072,0.2779279279279279
1904,YDR039C YNR054C,0.0,NA,9.235963079845533e-05,613,4808,1852,53,0.3364728364728365,0.11307876775502675,0.9204204204204204,0.721921921921922,0.27807807807807805
1905,YMR257C YER003C,0.0,NA,9.247473644791171e-05,613,4807,1853,53,0.3366093366093366,0.11309963099630996,0.9204204204204204,0.7217717717717718,0.27822822822822824
1906,YPL193W YCL029C,0.0,NA,9.40454046940431e-05,613,4806,1854,53,0.33674583674583675,0.11312050193762686,0.9204204204204204,0.7216216216216216,0.27837837837837837
1907,YDR459C YOR167C,0.0,NA,9.405373566551134e-05,613,4805,1855,53,0.3368823368823369,0.11314138058324105,0.9204204204204204,0.7214714714714715,0.27852852852852855
1908,YDR351W YDR479C,0.0,NA,9.422159928362817e-05,613,4804,1856,53,0.337018837018837,0.11316226693741924,0.9204204204204204,0.7213213213213213,0.2786786786786787
1909,YJL209W YHL004W,1.0,NA,9.446153853787109e-05,612,4804,1856,54,0.3368823368823369,0.11299852289512555,0.918918918918919,0.7213213213213213,0.2786786786786787
1910,YNL298W YHR073W,0.0,NA,9.454308747081086e-05,612,4803,1857,54,0.337018837018837,0.11301939058171745,0.918918918918919,0.7211711711711711,0.2788288288288288
1911,YHR147C YMR112C,0.0,NA,9.474859689362347e-05,612,4802,1858,54,0.33715533715533713,0.11304026597709642,0.918918918918919,0.7210210210210211,0.278978978978979
1912,YNL185C YBR085W,1.0,NA,9.48335655266419e-05,611,4802,1858,55,0.337018837018837,0.11287640864585258,0.9174174174174174,0.7210210210210211,0.278978978978979
1913,YDL113C YPL234C,0.0,NA,9.500925807515159e-05,611,4801,1859,55,0.33715533715533713,0.11289726533628973,0.9174174174174174,0.7208708708708709,0.2791291291291291
1914,YIL009W YCR011C,0.0,NA,9.508601942798123e-05,611,4800,1860,55,0.3372918372918373,0.11291812973572353,0.9174174174174174,0.7207207207207207,0.27927927927927926
1915,YLR170C YGL080W,0.0,NA,9.513218537904322e-05,611,4799,1861,55,0.33742833742833744,0.11293900184842884,0.9174174174174174,0.7205705705705706,0.27942942942942944
1916,YJR064W YDR180W,0.0,NA,9.533124830340967e-05,611,4798,1862,55,0.33756483756483757,0.11295988167868368,0.9174174174174174,0.7204204204204204,0.2795795795795796
1917,YKL099C YML024W,0.0,NA,9.536188008496538e-05,611,4797,1863,55,0.3377013377013377,0.11298076923076923,0.9174174174174174,0.7202702702702702,0.2797297297297297
1918,YFR051C YML051W,0.0,NA,9.547088848194107e-05,611,4796,1864,55,0.33783783783783783,0.11300166450896985,0.9174174174174174,0.7201201201201202,0.2798798798798799
1919,YJR119C YJR043C,0.0,NA,9.562450577504933e-05,611,4795,1865,55,0.33797433797433796,0.11302256751757307,0.9174174174174174,0.71996996996997,0.28003003003003
1920,YJR072C YKL191W,0.0,NA,9.581957419868559e-05,611,4794,1866,55,0.3381108381108381,0.11304347826086956,0.9174174174174174,0.7198198198198198,0.2801801801801802
1921,YLR443W YNL302C,0.0,NA,9.582605707691982e-05,611,4793,1867,55,0.33824733824733827,0.11306439674315322,0.9174174174174174,0.7196696696696697,0.28033033033033034
1922,YFR015C YJL108C,0.0,NA,9.595754818292335e-05,611,4792,1868,55,0.3383838383838384,0.11308532296872108,0.9174174174174174,0.7195195195195195,0.28048048048048047
1923,YDR406W YMR029C,0.0,NA,9.619280899642035e-05,611,4791,1869,55,0.3385203385203385,0.11310625694187339,0.9174174174174174,0.7193693693693693,0.28063063063063065
1924,YOR211C YGR188C,0.0,NA,9.652470180299133e-05,611,4790,1870,55,0.33865683865683865,0.11312719866691354,0.9174174174174174,0.7192192192192193,0.2807807807807808
1925,YIR018W YIR002C,0.0,NA,9.715153282741085e-05,611,4789,1871,55,0.3387933387933388,0.11314814814814815,0.9174174174174174,0.7190690690690691,0.2809309309309309
1926,YDR182W YGL250W,0.0,NA,9.71603294601664e-05,611,4788,1872,55,0.3389298389298389,0.11316910538988702,0.9174174174174174,0.7189189189189189,0.2810810810810811
1927,YPL239W YOR224C,0.0,NA,9.755154314916581e-05,611,4787,1873,55,0.33906633906633904,0.11319007039644313,0.9174174174174174,0.7187687687687687,0.2812312312312312
1928,YDR255C YMR069W,0.0,NA,9.811399650061503e-05,611,4786,1874,55,0.3392028392028392,0.11321104317213267,0.9174174174174174,0.7186186186186186,0.28138138138138136
1929,YLR363C YPL006W,0.0,NA,9.817876707529649e-05,611,4785,1875,55,0.33933933933933935,0.11323202372127501,0.9174174174174174,0.7184684684684685,0.28153153153153154
1930,YLR201C YBR085W,1.0,NA,9.82409474090673e-05,610,4785,1875,56,0.3392028392028392,0.11306765523632993,0.9159159159159159,0.7184684684684685,0.28153153153153154
1931,YBR055C YDR389W,0.0,NA,9.824206790653989e-05,610,4784,1876,56,0.33933933933933935,0.11308861698183166,0.9159159159159159,0.7183183183183183,0.2816816816816817
1932,YJL053W YGR097W,0.0,NA,9.831554780248553e-05,610,4783,1877,56,0.3394758394758395,0.11310958650101983,0.9159159159159159,0.7181681681681682,0.28183183183183186
1933,YER148W YDR524C,0.0,NA,9.851121285464615e-05,610,4782,1878,56,0.3396123396123396,0.11313056379821959,0.9159159159159159,0.718018018018018,0.281981981981982
1934,YGL238W YKL019W,0.0,NA,9.86585218925029e-05,610,4781,1879,56,0.33974883974883974,0.11315154887775923,0.9159159159159159,0.7178678678678678,0.2821321321321321
1935,YPR192W YER129W,0.0,NA,9.908288484439254e-05,610,4780,1880,56,0.33988533988533987,0.11317254174397032,0.9159159159159159,0.7177177177177178,0.2822822822822823
1936,YOL142W YMR036C,0.0,NA,9.924193000188097e-05,610,4779,1881,56,0.34002184002184005,0.1131935424011876,0.9159159159159159,0.7175675675675676,0.28243243243243243
1937,YKL099C YFL047W,0.0,NA,9.931567910825834e-05,610,4778,1882,56,0.3401583401583402,0.11321455085374907,0.9159159159159159,0.7174174174174174,0.28258258258258256
1938,YNL298W YNR065C,0.0,NA,9.971195686375722e-05,610,4777,1883,56,0.3402948402948403,0.11323556710599592,0.9159159159159159,0.7172672672672673,0.28273273273273275
1939,YGL141W YOR077W,0.0,NA,9.984392818296328e-05,610,4776,1884,56,0.34043134043134043,0.11325659116227256,0.9159159159159159,0.7171171171171171,0.2828828828828829
1940,YOR375C YBR121C,0.0,NA,9.996901644626632e-05,610,4775,1885,56,0.34056784056784056,0.11327762302692665,0.9159159159159159,0.7169669669669669,0.283033033033033
1941,YPR118W YKL183W,0.0,NA,9.997806773753837e-05,610,4774,1886,56,0.3407043407043407,0.11329866270430906,0.9159159159159159,0.7168168168168169,0.2831831831831832
1942,YGL197W YNL059C,0.0,NA,0.00010018879402196035,610,4773,1887,56,0.3408408408408408,0.11331971019877392,0.9159159159159159,0.7166666666666667,0.2833333333333333
1943,YLR005W YBR211C,0.0,NA,0.00010063115769298747,610,4772,1888,56,0.340977340977341,0.11334076551467856,0.9159159159159159,0.7165165165165165,0.28348348348348346
1944,YCL063W YNL020C,0.0,NA,0.00010064545494969934,610,4771,1889,56,0.34111384111384113,0.11336182865638357,0.9159159159159159,0.7163663663663664,0.28363363363363364
1945,YDR129C YGR023W,0.0,NA,0.0001015254165395163,610,4770,1890,56,0.34125034125034126,0.11338289962825279,0.9159159159159159,0.7162162162162162,0.28378378378378377
1946,YHR074W YLR098C,0.0,NA,0.00010162140824832022,610,4769,1891,56,0.3413868413868414,0.11340397843465329,0.9159159159159159,0.716066066066066,0.28393393393393396
1947,YFR015C YPL232W,0.0,NA,0.00010202395787928253,610,4768,1892,56,0.3415233415233415,0.11342506507995537,0.9159159159159159,0.715915915915916,0.2840840840840841
1948,YML012W YJL172W,0.0,NA,0.00010233849752694368,610,4767,1893,56,0.34165984165984165,0.11344615956853264,0.9159159159159159,0.7157657657657658,0.2842342342342342
1949,YGL053W YLR142W,0.0,NA,0.00010242529242532328,610,4766,1894,56,0.3417963417963418,0.1134672619047619,0.9159159159159159,0.7156156156156156,0.2843843843843844
1950,YLR061W YER155C,0.0,NA,0.00010244559962302446,610,4765,1895,56,0.34193284193284196,0.11348837209302326,0.9159159159159159,0.7154654654654654,0.28453453453453453
1951,YML097C YBL087C,0.0,NA,0.00010247862519463524,610,4764,1896,56,0.3420693420693421,0.11350949013770004,0.9159159159159159,0.7153153153153153,0.28468468468468466
1952,YLR139C YDL120W,1.0,NA,0.00010265976743539795,609,4764,1896,57,0.34193284193284196,0.11334450027917364,0.9144144144144144,0.7153153153153153,0.28468468468468466
1953,YNL082W YGL252C,0.0,NA,0.00010287967597832903,609,4763,1897,57,0.3420693420693421,0.11336559940431869,0.9144144144144144,0.7151651651651652,0.28483483483483485
1954,YKL141W YJL209W,1.0,NA,0.00010289988858858123,608,4763,1897,58,0.34193284193284196,0.11320052131819028,0.9129129129129129,0.7151651651651652,0.28483483483483485
1955,YNL283C YHL033C,0.0,NA,0.0001029534760164097,608,4762,1898,58,0.3420693420693421,0.11322160148975792,0.9129129129129129,0.715015015015015,0.284984984984985
1956,YER072W YNR043W,0.0,NA,0.00010333322279620916,608,4761,1899,58,0.3422058422058422,0.11324268951387595,0.9129129129129129,0.7148648648648649,0.2851351351351351
1957,YGR078C YDR143C,0.0,NA,0.00010361760359955952,608,4760,1900,58,0.34234234234234234,0.11326378539493294,0.9129129129129129,0.7147147147147147,0.2852852852852853
1958,YLR027C YGL092W,0.0,NA,0.00010363063483964652,608,4759,1901,58,0.34247884247884247,0.11328488913732067,0.9129129129129129,0.7145645645645645,0.2854354354354354
1959,YLL025W YDR371W,0.0,NA,0.00010403827764093876,608,4758,1902,58,0.3426153426153426,0.11330600074543422,0.9129129129129129,0.7144144144144144,0.2855855855855856
1960,YHL024W YCL055W,0.0,NA,0.00010426889639347792,608,4757,1903,58,0.34275184275184273,0.11332712022367195,0.9129129129129129,0.7142642642642643,0.28573573573573574
1961,YKL099C YER072W,0.0,NA,0.0001047983969328925,608,4756,1904,58,0.3428883428883429,0.1133482475764355,0.9129129129129129,0.7141141141141141,0.28588588588588587
1962,YNL067W YGL197W,0.0,NA,0.0001051969884429127,608,4755,1905,58,0.34302484302484304,0.11336938280812978,0.9129129129129129,0.713963963963964,0.28603603603603606
1963,YJL162C YKL072W,0.0,NA,0.00010524173558223993,608,4754,1906,58,0.34316134316134317,0.113390525923163,0.9129129129129129,0.7138138138138138,0.2861861861861862
1964,YOL032W YGR068C,0.0,NA,0.00010530367580940947,608,4753,1907,58,0.3432978432978433,0.11341167692594666,0.9129129129129129,0.7136636636636636,0.2863363363363363
1965,YPL117C YMR113W,0.0,NA,0.000105376893770881,608,4752,1908,58,0.3434343434343434,0.11343283582089553,0.9129129129129129,0.7135135135135136,0.2864864864864865
1966,YJR075W YHR010W,0.0,NA,0.00010549181752139702,608,4751,1909,58,0.34357084357084355,0.11345400261242769,0.9129129129129129,0.7133633633633634,0.28663663663663663
1967,YLR373C YMR036C,0.0,NA,0.00010558007488725707,608,4750,1910,58,0.3437073437073437,0.11347517730496454,0.9129129129129129,0.7132132132132132,0.28678678678678676
1968,YLR088W YDR237W,0.0,NA,0.00010565147385932505,608,4749,1911,58,0.34384384384384387,0.11349635990293075,0.9129129129129129,0.7130630630630631,0.28693693693693695
1969,YER123W YNL069C,0.0,NA,0.00010580886737443507,608,4748,1912,58,0.343980343980344,0.1135175504107543,0.9129129129129129,0.7129129129129129,0.2870870870870871
1970,YMR016C YBR188C,0.0,NA,0.00010635450598783791,608,4747,1913,58,0.3441168441168441,0.11353874883286648,0.9129129129129129,0.7127627627627627,0.28723723723723726
1971,YDR466W YMR285C,0.0,NA,0.00010640045366017148,608,4746,1914,58,0.34425334425334425,0.1135599551737019,0.9129129129129129,0.7126126126126127,0.2873873873873874
1972,YGL252C YOR337W,0.0,NA,0.00010646225564414635,608,4745,1915,58,0.3443898443898444,0.11358116943769848,0.9129129129129129,0.7124624624624625,0.2875375375375375
1973,YPR069C YHR057C,0.0,NA,0.00010689398186514154,608,4744,1916,58,0.3445263445263445,0.11360239162929746,0.9129129129129129,0.7123123123123123,0.2876876876876877
1974,YBL079W YNL020C,0.0,NA,0.00010691141505958512,608,4743,1917,58,0.34466284466284464,0.11362362175294337,0.9129129129129129,0.7121621621621622,0.28783783783783784
1975,YFL048C YOR116C,0.0,NA,0.00010697270045056939,608,4742,1918,58,0.3447993447993448,0.11364485981308411,0.9129129129129129,0.712012012012012,0.28798798798798797
1976,YOL091W YER072W,0.0,NA,0.00010732540977187455,608,4741,1919,58,0.34493584493584495,0.11366610581417087,0.9129129129129129,0.7118618618618618,0.28813813813813816
1977,YDR365C YKL108W,0.0,NA,0.00010734424722613767,608,4740,1920,58,0.3450723450723451,0.11368735976065819,0.9129129129129129,0.7117117117117117,0.2882882882882883
1978,YNL339C YER155C,0.0,NA,0.0001076153275789693,608,4739,1921,58,0.3452088452088452,0.11370862165700393,0.9129129129129129,0.7115615615615616,0.2884384384384384
1979,YJR045C YJL165C,0.0,NA,0.00010821928299264982,608,4738,1922,58,0.34534534534534533,0.11372989150766928,0.9129129129129129,0.7114114114114114,0.2885885885885886
1980,YCR011C YER083C,0.0,NA,0.00010844718053704128,608,4737,1923,58,0.34548184548184546,0.1137511693171188,0.9129129129129129,0.7112612612612612,0.28873873873873873
1981,YCR020C-A YHR057C,0.0,NA,0.0001098079519579187,608,4736,1924,58,0.34561834561834565,0.11377245508982035,0.9129129129129129,0.7111111111111111,0.28888888888888886
1982,YER043C YFL007W,0.0,NA,0.0001098973152693361,608,4735,1925,58,0.3457548457548458,0.11379374883024518,0.9129129129129129,0.710960960960961,0.28903903903903905
1983,YCR084C YJR158W,0.0,NA,0.00010992728493874893,608,4734,1926,58,0.3458913458913459,0.11381505054286783,0.9129129129129129,0.7108108108108108,0.2891891891891892
1984,YDR234W YHR103W,0.0,NA,0.00011008064757334068,608,4733,1927,58,0.34602784602784603,0.11383636023216626,0.9129129129129129,0.7106606606606607,0.28933933933933936
1985,YPL117C YML124C,0.0,NA,0.00011025965795852244,608,4732,1928,58,0.34616434616434616,0.11385767790262172,0.9129129129129129,0.7105105105105105,0.2894894894894895
1986,YLR248W YOL109W,0.0,NA,0.00011176695261383429,608,4731,1929,58,0.3463008463008463,0.11387900355871886,0.9129129129129129,0.7103603603603603,0.2896396396396396
1987,YMR205C YCL039W,0.0,NA,0.00011230850941501558,608,4730,1930,58,0.3464373464373464,0.11390033720494568,0.9129129129129129,0.7102102102102102,0.2897897897897898
1988,YGR062C YNL328C,0.0,NA,0.00011348873522365466,608,4729,1931,58,0.3465738465738466,0.11392167884579352,0.9129129129129129,0.7100600600600601,0.28993993993993994
1989,YOL032W YNL053W,0.0,NA,0.00011394297325750813,608,4728,1932,58,0.34671034671034673,0.11394302848575712,0.9129129129129129,0.7099099099099099,0.29009009009009007
1990,YGR006W YPL069C,0.0,NA,0.00011433359031798318,608,4727,1933,58,0.34684684684684686,0.11396438612933459,0.9129129129129129,0.7097597597597598,0.29024024024024025
1991,YCR005C YPL111W,1.0,NA,0.0001145337155321613,607,4727,1933,59,0.34671034671034673,0.11379827521559804,0.9114114114114115,0.7097597597597598,0.29024024024024025
1992,YPR181C YJL177W,0.0,NA,0.00011467829608591273,607,4726,1934,59,0.34684684684684686,0.11381961372585786,0.9114114114114115,0.7096096096096096,0.2903903903903904
1993,YPL051W YBR275C,0.0,NA,0.00011502503184601665,607,4725,1935,59,0.346983346983347,0.11384096024006002,0.9114114114114115,0.7094594594594594,0.2905405405405405
1994,YKL009W YLR238W,0.0,NA,0.000115149152406957,607,4724,1936,59,0.3471198471198471,0.11386231476270868,0.9114114114114115,0.7093093093093094,0.2906906906906907
1995,YMR260C YOR224C,0.0,NA,0.00011540142440935597,607,4723,1937,59,0.34725634725634724,0.11388367729831145,0.9114114114114115,0.7091591591591592,0.29084084084084083
1996,YGL044C YOR107W,0.0,NA,0.00011606357293203473,607,4722,1938,59,0.34739284739284737,0.11390504785137924,0.9114114114114115,0.709009009009009,0.290990990990991
1997,YJL092W YJL108C,0.0,NA,0.00011657724098768085,607,4721,1939,59,0.34752934752934755,0.11392642642642643,0.9114114114114115,0.7088588588588589,0.29114114114114115
1998,YDR179C YGR095C,0.0,NA,0.00011674020061036572,607,4720,1940,59,0.3476658476658477,0.11394781302797072,0.9114114114114115,0.7087087087087087,0.2912912912912913
1999,YPR138C YBR106W,0.0,NA,0.00011742145579773933,607,4719,1941,59,0.3478023478023478,0.11396920766053323,0.9114114114114115,0.7085585585585585,0.29144144144144146
2000,YDR208W YEL018W,0.0,NA,0.00011797093611676246,607,4718,1942,59,0.34793884793884794,0.1139906103286385,0.9114114114114115,0.7084084084084085,0.2915915915915916
2001,YNL244C YLR272C,0.0,NA,0.0001180357503471896,607,4717,1943,59,0.34807534807534807,0.11401202103681443,0.9114114114114115,0.7082582582582583,0.2917417417417417
2002,YDR341C YLR093C,0.0,NA,0.0001181350598926656,607,4716,1944,59,0.3482118482118482,0.11403343978959234,0.9114114114114115,0.7081081081081081,0.2918918918918919
2003,YOR039W YBR072W,0.0,NA,0.00011833427561214194,607,4715,1945,59,0.3483483483483483,0.11405486659150695,0.9114114114114115,0.7079579579579579,0.29204204204204204
2004,YML015C YNL113W,0.0,NA,0.00011836881458293647,607,4714,1946,59,0.3484848484848485,0.1140763014470964,0.9114114114114115,0.7078078078078078,0.29219219219219217
2005,YPL051W YLR090W,0.0,NA,0.00011841984814964235,607,4713,1947,59,0.34862134862134864,0.11409774436090225,0.9114114114114115,0.7076576576576576,0.29234234234234235
2006,YLR380W YNL318C,0.0,NA,0.00011852592433569953,607,4712,1948,59,0.34875784875784877,0.11411919533746945,0.9114114114114115,0.7075075075075075,0.2924924924924925
2007,YCR098C YGR043C,0.0,NA,0.00011881039972649887,607,4711,1949,59,0.3488943488943489,0.11414065438134637,0.9114114114114115,0.7073573573573574,0.29264264264264267
2008,YDR234W YNL006W,0.0,NA,0.00011892874317709357,607,4710,1950,59,0.349030849030849,0.11416212149708482,0.9114114114114115,0.7072072072072072,0.2927927927927928
2009,YJL008C YHR147C,0.0,NA,0.00011921486293431371,607,4709,1951,59,0.34916734916734915,0.11418359668924002,0.9114114114114115,0.707057057057057,0.29294294294294293
2010,YDR429C YGR057C,0.0,NA,0.0001192761556012556,607,4708,1952,59,0.3493038493038493,0.11420507996237064,0.9114114114114115,0.7069069069069069,0.2930930930930931
2011,YJL019W YLR259C,0.0,NA,0.00011970068590017036,607,4707,1953,59,0.34944034944034946,0.11422657132103876,0.9114114114114115,0.7067567567567568,0.29324324324324325
2012,YNL219C YMR230W,0.0,NA,0.00011990861094091088,607,4706,1954,59,0.3495768495768496,0.1142480707698099,0.9114114114114115,0.7066066066066066,0.2933933933933934
2013,YDR522C YML102W,0.0,NA,0.0001200152255478315,607,4705,1955,59,0.3497133497133497,0.11426957831325302,0.9114114114114115,0.7064564564564565,0.29354354354354356
2014,YKL009W YPL224C,0.0,NA,0.0001201144841616042,607,4704,1956,59,0.34984984984984985,0.1142910939559405,0.9114114114114115,0.7063063063063063,0.2936936936936937
2015,YNL302C YJR127C,0.0,NA,0.00012025980686303228,607,4703,1957,59,0.34998634998635,0.11431261770244822,0.9114114114114115,0.7061561561561561,0.2938438438438438
2016,YLR028C YMR188C,1.0,NA,0.00012033849634462968,606,4703,1957,60,0.34984984984984985,0.11414579016763986,0.9099099099099099,0.7061561561561561,0.2938438438438438
2017,YHR017W YBR192W,0.0,NA,0.00012038578279316425,606,4702,1958,60,0.34998634998635,0.11416729464958553,0.9099099099099099,0.706006006006006,0.293993993993994
2018,YNL244C YKL116C,0.0,NA,0.00012052465172018856,606,4701,1959,60,0.3501228501228501,0.1141888072357264,0.9099099099099099,0.7058558558558559,0.29414414414414414
2019,YHL047C YOR087W,0.0,NA,0.00012122497719246894,606,4700,1960,60,0.35025935025935023,0.11421032793064455,0.9099099099099099,0.7057057057057057,0.29429429429429427
2020,YGR055W YPR002W,0.0,NA,0.000121390497952234,606,4699,1961,60,0.3503958503958504,0.11423185673892554,0.9099099099099099,0.7055555555555556,0.29444444444444445
2021,YPL250C YPL258C,0.0,NA,0.00012147631059633568,606,4698,1962,60,0.35053235053235055,0.11425339366515837,0.9099099099099099,0.7054054054054054,0.2945945945945946
2022,YNL145W YMR055C,0.0,NA,0.00012151164264651015,606,4697,1963,60,0.3506688506688507,0.11427493871393551,0.9099099099099099,0.7052552552552552,0.29474474474474477
2023,YMR149W YGR032W,0.0,NA,0.00012204022641526535,606,4696,1964,60,0.3508053508053508,0.11429649188985289,0.9099099099099099,0.7051051051051052,0.2948948948948949
2024,YDR224C YGL044C,0.0,NA,0.00012210378190502524,606,4695,1965,60,0.35094185094185093,0.1143180531975099,0.9099099099099099,0.704954954954955,0.29504504504504503
2025,YGL040C YGL068W,1.0,NA,0.0001221156562678516,605,4695,1965,61,0.3508053508053508,0.11415094339622642,0.9084084084084084,0.704954954954955,0.29504504504504503
2026,YLR025W YLR142W,0.0,NA,0.000122545039630495,605,4694,1966,61,0.35094185094185093,0.11417248537459898,0.9084084084084084,0.7048048048048048,0.2951951951951952
2027,YBL084C YGR188C,0.0,NA,0.00012255017645657063,605,4693,1967,61,0.35107835107835106,0.11419403548508872,0.9084084084084084,0.7046546546546546,0.29534534534534534
2028,YOR158W YPR141C,0.0,NA,0.0001231385685969144,605,4692,1968,61,0.35121485121485124,0.11421559373230131,0.9084084084084084,0.7045045045045045,0.2954954954954955
2029,YPL189W YNL245C,0.0,NA,0.00012318366498220712,605,4691,1969,61,0.35135135135135137,0.11423716012084592,0.9084084084084084,0.7043543543543543,0.29564564564564566
2030,YIL053W YBR119W,0.0,NA,0.00012319235247559845,605,4690,1970,61,0.3514878514878515,0.11425873465533522,0.9084084084084084,0.7042042042042042,0.2957957957957958
2031,YHR021C YIL062C,0.0,NA,0.00012403290020301938,605,4689,1971,61,0.3516243516243516,0.11428031734038534,0.9084084084084084,0.7040540540540541,0.2959459459459459
2032,YIL126W YER072W,0.0,NA,0.0001240735873579979,605,4688,1972,61,0.35176085176085176,0.1143019081806159,0.9084084084084084,0.7039039039039039,0.2960960960960961
2033,YER155C YOL058W,0.0,NA,0.00012411997886374593,605,4687,1973,61,0.3518973518973519,0.11432350718065004,0.9084084084084084,0.7037537537537537,0.29624624624624624
2034,YDR351W YDL058W,0.0,NA,0.00012431517825461924,605,4686,1974,61,0.352033852033852,0.11434511434511435,0.9084084084084084,0.7036036036036036,0.2963963963963964
2035,YHR017W YPL028W,0.0,NA,0.00012445216998457909,605,4685,1975,61,0.3521703521703522,0.11436672967863894,0.9084084084084084,0.7034534534534534,0.29654654654654655
2036,YJR073C YOL080C,0.0,NA,0.00012463956954889,605,4684,1976,61,0.3523068523068523,0.11438835318585744,0.9084084084084084,0.7033033033033033,0.2966966966966967
2037,YIL144W YDR390C,0.0,NA,0.00012475825496949255,605,4683,1977,61,0.35244335244335245,0.11440998487140695,0.9084084084084084,0.7031531531531532,0.29684684684684687
2038,YFL003C YIL047C,0.0,NA,0.000125011894851923,605,4682,1978,61,0.3525798525798526,0.11443162473992813,0.9084084084084084,0.703003003003003,0.296996996996997
2039,YCR020C-A YDL168W,0.0,NA,0.00012502644676715136,605,4681,1979,61,0.3527163527163527,0.11445327279606508,0.9084084084084084,0.7028528528528528,0.29714714714714713
2040,YDL130W-A YBR029C,0.0,NA,0.00012505183985922486,605,4680,1980,61,0.35285285285285284,0.11447492904446546,0.9084084084084084,0.7027027027027027,0.2972972972972973
2041,YNR035C YBR004C,0.0,NA,0.00012507091742008924,605,4679,1981,61,0.35298935298935297,0.11449659348978047,0.9084084084084084,0.7025525525525526,0.29744744744744744
2042,YML015C YKL010C,0.0,NA,0.00012512053945101798,605,4678,1982,61,0.35312585312585315,0.11451826613666477,0.9084084084084084,0.7024024024024024,0.2975975975975976
2043,YIL111W YDL120W,1.0,NA,0.00012517531285993755,604,4678,1982,62,0.35298935298935297,0.11435062476334722,0.9069069069069069,0.7024024024024024,0.2975975975975976
2044,YBR017C YNL006W,0.0,NA,0.00012527180660981685,604,4677,1983,62,0.35312585312585315,0.11437227797765574,0.9069069069069069,0.7022522522522523,0.29774774774774776
2045,YBL075C YBR017C,0.0,NA,0.00012539477029349655,604,4676,1984,62,0.3532623532623533,0.1143939393939394,0.9069069069069069,0.7021021021021021,0.2978978978978979
2046,YCL038C YLR262C-A,0.0,NA,0.00012578889436554164,604,4675,1985,62,0.3533988533988534,0.11441560901685925,0.9069069069069069,0.7019519519519519,0.2980480480480481
2047,YGR281W YPL030W,0.0,NA,0.00012582620547618717,604,4674,1986,62,0.35353535353535354,0.11443728685107996,0.9069069069069069,0.7018018018018019,0.2981981981981982
2048,YER037W YKL183W,0.0,NA,0.0001260222925338894,604,4673,1987,62,0.35367185367185366,0.11445897290126966,0.9069069069069069,0.7016516516516517,0.29834834834834834
2049,YLR443W YHR082C,0.0,NA,0.00012612507271114737,604,4672,1988,62,0.3538083538083538,0.11448066717210008,0.9069069069069069,0.7015015015015015,0.2984984984984985
2050,YBL040C YBL084C,0.0,NA,0.00012638499902095646,604,4671,1989,62,0.3539448539448539,0.11450236966824645,0.9069069069069069,0.7013513513513514,0.29864864864864865
2051,YDL048C YJR127C,0.0,NA,0.00012646312825381756,604,4670,1990,62,0.3540813540813541,0.11452408039438756,0.9069069069069069,0.7012012012012012,0.2987987987987988
2052,YLR005W YMR008C,0.0,NA,0.0001267169718630612,604,4669,1991,62,0.35421785421785423,0.11454579935520577,0.9069069069069069,0.701051051051051,0.29894894894894897
2053,YDR255C YGL049C,0.0,NA,0.0001284363679587841,604,4668,1992,62,0.35435435435435436,0.11456752655538695,0.9069069069069069,0.7009009009009008,0.2990990990990991
2054,YMR101C YLR205C,0.0,NA,0.00012845963647123426,604,4667,1993,62,0.3544908544908545,0.11458926199962056,0.9069069069069069,0.7007507507507508,0.2992492492492492
2055,YPL194W YLL019C,0.0,NA,0.0001294648100156337,604,4666,1994,62,0.3546273546273546,0.11461100569259962,0.9069069069069069,0.7006006006006006,0.2993993993993994
2056,YLR139C YMR188C,1.0,NA,0.00012984671047888696,603,4666,1994,63,0.3544908544908545,0.11444296830518125,0.9054054054054054,0.7006006006006006,0.2993993993993994
2057,YPL243W YPL097W,0.0,NA,0.00013049998960923404,603,4665,1995,63,0.3546273546273546,0.11446469248291571,0.9054054054054054,0.7004504504504504,0.29954954954954954
2058,YJL209W YBR085W,1.0,NA,0.00013108378334436566,602,4665,1995,64,0.3544908544908545,0.11429656350863869,0.9039039039039038,0.7004504504504504,0.29954954954954954
2059,YJR082C YKL004W,0.0,NA,0.00013126865087542683,602,4664,1996,64,0.3546273546273546,0.11431826813520699,0.9039039039039038,0.7003003003003003,0.2996996996996997
2060,YBR055C YKL005C,0.0,NA,0.00013174842752050608,602,4663,1997,64,0.35476385476385475,0.11433998100664768,0.9039039039039038,0.7001501501501501,0.29984984984984986
2061,YOR375C YBR186W,0.0,NA,0.00013205733557697386,602,4662,1998,64,0.3549003549003549,0.11436170212765957,0.9039039039039038,0.7,0.3
2062,YHR079C-A YPL011C,0.0,NA,0.00013213278725743294,602,4661,1999,64,0.35503685503685506,0.11438343150294508,0.9039039039039038,0.6998498498498499,0.3001501501501502
2063,YNL169C YNL088W,0.0,NA,0.00013215660874266177,602,4660,2000,64,0.3551733551733552,0.11440516913721019,0.9039039039039038,0.6996996996996997,0.3003003003003003
2064,YIL105C YJL020C,0.0,NA,0.0001324394397670403,602,4659,2001,64,0.3553098553098553,0.11442691503516442,0.9039039039039038,0.6995495495495495,0.30045045045045043
2065,YMR133W YOL032W,0.0,NA,0.00013260649575386196,602,4658,2002,64,0.35544635544635544,0.11444866920152091,0.9039039039039038,0.6993993993993994,0.3006006006006006
2066,YOR180C YKL054C,0.0,NA,0.00013331534864846617,602,4657,2003,64,0.3555828555828556,0.11447043164099639,0.9039039039039038,0.6992492492492492,0.30075075075075075
2067,YPL240C YNL116W,0.0,NA,0.00013335031690075994,602,4656,2004,64,0.3557193557193557,0.11449220235831115,0.9039039039039038,0.6990990990990991,0.3009009009009009
2068,YNL244C YGL062W,0.0,NA,0.000133959372760728,602,4655,2005,64,0.35585585585585583,0.11451398135818908,0.9039039039039038,0.698948948948949,0.30105105105105107
2069,YGL111W YOR038C,0.0,NA,0.00013396448048297316,602,4654,2006,64,0.355992355992356,0.11453576864535768,0.9039039039039038,0.6987987987987988,0.3012012012012012
2070,YLR309C YOR393W,0.0,NA,0.00013400331954471767,602,4653,2007,64,0.35612885612885614,0.11455756422454805,0.9039039039039038,0.6986486486486486,0.3013513513513513
2071,YGL151W YPR176C,0.0,NA,0.0001344362972304225,602,4652,2008,64,0.35626535626535627,0.11457936810049486,0.9039039039039038,0.6984984984984985,0.3015015015015015
2072,YAL038W YGL195W,0.0,NA,0.00013455876614898443,602,4651,2009,64,0.3564018564018564,0.11460118027793642,0.9039039039039038,0.6983483483483484,0.30165165165165164
2073,YJL198W YOL080C,0.0,NA,0.0001345758355455473,602,4650,2010,64,0.3565383565383565,0.11462300076161462,0.9039039039039038,0.6981981981981982,0.30180180180180183
2074,YBL079W YCR073C,0.0,NA,0.00013467481767293066,602,4649,2011,64,0.35667485667485666,0.114644829556275,0.9039039039039038,0.6980480480480481,0.30195195195195196
2075,YJR094C YNL328C,0.0,NA,0.00013469421537593007,602,4648,2012,64,0.35681135681135684,0.11466666666666667,0.9039039039039038,0.6978978978978979,0.3021021021021021
2076,YNL129W YLR380W,0.0,NA,0.00013548409333452582,602,4647,2013,64,0.35694785694785697,0.11468851209754238,0.9039039039039038,0.6977477477477477,0.3022522522522523
2077,YER190W YPL267W,0.0,NA,0.00013601843966171145,602,4646,2014,64,0.3570843570843571,0.11471036585365854,0.9039039039039038,0.6975975975975977,0.3024024024024024
2078,YBL040C YLR025W,0.0,NA,0.0001360362075502053,602,4645,2015,64,0.3572208572208572,0.11473222793977511,0.9039039039039038,0.6974474474474475,0.30255255255255253
2079,YLR432W YJL173C,0.0,NA,0.00013621766993310302,602,4644,2016,64,0.35735735735735735,0.11475409836065574,0.9039039039039038,0.6972972972972973,0.3027027027027027
2080,YPL250C YIR037W,0.0,NA,0.0001365819771308452,602,4643,2017,64,0.3574938574938575,0.11477597712106768,0.9039039039039038,0.6971471471471471,0.30285285285285285
2081,YBR269C YOR382W,0.0,NA,0.00013698122347705066,602,4642,2018,64,0.3576303576303576,0.11479786422578185,0.9039039039039038,0.696996996996997,0.303003003003003
2082,YIL053W YKR082W,0.0,NA,0.00013734796084463596,602,4641,2019,64,0.3577668577668578,0.11481975967957277,0.9039039039039038,0.6968468468468468,0.30315315315315317
2083,YHR185C YKL108W,0.0,NA,0.00013744595344178379,602,4640,2020,64,0.3579033579033579,0.11484166348721862,0.9039039039039038,0.6966966966966966,0.3033033033033033
2084,YBR121C YBL063W,0.0,NA,0.00013759623107034713,602,4639,2021,64,0.35803985803985805,0.11486357565350123,0.9039039039039038,0.6965465465465466,0.3034534534534535
2085,YNL067W YER144C,0.0,NA,0.00013772763486485928,602,4638,2022,64,0.3581763581763582,0.1148854961832061,0.9039039039039038,0.6963963963963964,0.3036036036036036
2086,YGL056C YNR033W,0.0,NA,0.0001377897715428844,602,4637,2023,64,0.3583128583128583,0.11490742508112235,0.9039039039039038,0.6962462462462462,0.30375375375375374
2087,YPL214C YJR019C,0.0,NA,0.00013830246462021023,602,4636,2024,64,0.35844935844935844,0.11492936235204276,0.9039039039039038,0.6960960960960961,0.3039039039039039
2088,YDR152W YLR259C,0.0,NA,0.0001385967480018735,602,4635,2025,64,0.35858585858585856,0.1149513080007638,0.9039039039039038,0.6959459459459459,0.30405405405405406
2089,YPL271W YKL146W,0.0,NA,0.00013881352788303047,602,4634,2026,64,0.35872235872235875,0.11497326203208556,0.9039039039039038,0.6957957957957958,0.3042042042042042
2090,YLR139C YKL141W,1.0,NA,0.0001391730911564082,601,4634,2026,65,0.35858585858585856,0.11480420248328557,0.9024024024024024,0.6957957957957958,0.3042042042042042
2091,YGL008C YMR230W,0.0,NA,0.0001394158898619935,601,4633,2027,65,0.35872235872235875,0.11482613679786015,0.9024024024024024,0.6956456456456457,0.3043543543543544
2092,YOL137W YPL214C,0.0,NA,0.00013989048602525145,601,4632,2028,65,0.3588588588588589,0.11484807949550926,0.9024024024024024,0.6954954954954955,0.3045045045045045
2093,YCL063W YOR126C,0.0,NA,0.00014023091353010386,601,4631,2029,65,0.358995358995359,0.11487003058103976,0.9024024024024024,0.6953453453453453,0.30465465465465463
2094,YOR033C YDL099W,0.0,NA,0.00014040405221749097,601,4630,2030,65,0.35913185913185913,0.1148919900592621,0.9024024024024024,0.6951951951951952,0.3048048048048048
2095,YLR172C YLR394W,0.0,NA,0.00014062324771657586,601,4629,2031,65,0.35926835926835926,0.11491395793499044,0.9024024024024024,0.695045045045045,0.30495495495495495
2096,YIR023W YOR372C,0.0,NA,0.00014124128210823983,601,4628,2032,65,0.3594048594048594,0.11493593421304264,0.9024024024024024,0.6948948948948949,0.3051051051051051
2097,YOR381W YJR158W,0.0,NA,0.000141577169415541,601,4627,2033,65,0.3595413595413595,0.11495791889824024,0.9024024024024024,0.6947447447447448,0.30525525525525526
2098,YCL043C YOL096C,0.0,NA,0.00014159701822791249,601,4626,2034,65,0.3596778596778597,0.11497991199540845,0.9024024024024024,0.6945945945945946,0.3054054054054054
2099,YGL252C YEL018W,0.0,NA,0.00014229651424102485,601,4625,2035,65,0.35981435981435983,0.11500191350937619,0.9024024024024024,0.6944444444444444,0.3055555555555556
2100,YMR260C YEL004W,0.0,NA,0.00014355263556353748,601,4624,2036,65,0.35995085995085996,0.11502392344497607,0.9024024024024024,0.6942942942942943,0.3057057057057057
2101,YKL090W YLR373C,0.0,NA,0.00014392640150617808,601,4623,2037,65,0.3600873600873601,0.11504594180704442,0.9024024024024024,0.6941441441441442,0.30585585585585584
2102,YDR143C YKL103C,0.0,NA,0.0001450889540137723,601,4622,2038,65,0.3602238602238602,0.11506796860042122,0.9024024024024024,0.693993993993994,0.306006006006006
2103,YNL115C YBL020W,0.0,NA,0.0001457812322769314,601,4621,2039,65,0.36036036036036034,0.11509000382995022,0.9024024024024024,0.6938438438438439,0.30615615615615616
2104,YLR205C YDL231C,0.0,NA,0.0001458446349715814,601,4620,2040,65,0.36049686049686047,0.11511204750047883,0.9024024024024024,0.6936936936936937,0.3063063063063063
2105,YMR311C YBR029C,0.0,NA,0.0001463517255615443,601,4619,2041,65,0.36063336063336066,0.11513409961685823,0.9024024024024024,0.6935435435435435,0.30645645645645647
2106,YGL135W YKR081C,0.0,NA,0.00014654498954769224,601,4618,2042,65,0.3607698607698608,0.11515616018394328,0.9024024024024024,0.6933933933933933,0.3066066066066066
2107,YBR017C YKL170W,0.0,NA,0.00014679547166451812,601,4617,2043,65,0.3609063609063609,0.11517822920659257,0.9024024024024024,0.6932432432432433,0.30675675675675673
2108,YDR425W YPR181C,0.0,NA,0.00014734631986357272,601,4616,2044,65,0.36104286104286104,0.1152003066896684,0.9024024024024024,0.6930930930930931,0.3069069069069069
2109,YPL152W YDR208W,0.0,NA,0.00014735994045622647,601,4615,2045,65,0.36117936117936117,0.11522239263803681,0.9024024024024024,0.6929429429429429,0.30705705705705705
2110,YDL130W-A YNL082W,0.0,NA,0.0001476909383200109,601,4614,2046,65,0.3613158613158613,0.11524448705656759,0.9024024024024024,0.6927927927927928,0.30720720720720723
2111,YNR017W YLR409C,0.0,NA,0.0001477842015447095,601,4613,2047,65,0.3614523614523614,0.11526658995013425,0.9024024024024024,0.6926426426426426,0.30735735735735736
2112,YEL065W YLR246W,0.0,NA,0.00014780351193621755,601,4612,2048,65,0.3615888615888616,0.11528870132361405,0.9024024024024024,0.6924924924924925,0.3075075075075075
2113,YKL060C YML126C,0.0,NA,0.00014836323680356145,601,4611,2049,65,0.36172536172536174,0.11531082118188796,0.9024024024024024,0.6923423423423424,0.3076576576576577
2114,YBR008C YER183C,0.0,NA,0.00014840356016065925,601,4610,2050,65,0.36186186186186187,0.11533294952984072,0.9024024024024024,0.6921921921921922,0.3078078078078078
2115,YIL030C YML111W,0.0,NA,0.00014857204223517329,601,4609,2051,65,0.361998361998362,0.11535508637236085,0.9024024024024024,0.692042042042042,0.30795795795795794
2116,YOL007C YGL095C,0.0,NA,0.00014866104174870998,601,4608,2052,65,0.3621348621348621,0.11537723171434057,0.9024024024024024,0.6918918918918919,0.3081081081081081
2117,YNL189W YOR045W,0.0,NA,0.00014867437130305916,601,4607,2053,65,0.36227136227136225,0.11539938556067589,0.9024024024024024,0.6917417417417417,0.30825825825825826
2118,YMR233W YBR192W,0.0,NA,0.00014905819261912256,601,4606,2054,65,0.36240786240786244,0.11542154791626656,0.9024024024024024,0.6915915915915916,0.3084084084084084
2119,YKL010C YLR095C,0.0,NA,0.0001495877222623676,601,4605,2055,65,0.36254436254436256,0.11544371878601614,0.9024024024024024,0.6914414414414415,0.30855855855855857
2120,YDR041W YML097C,0.0,NA,0.0001505593681940809,601,4604,2056,65,0.3626808626808627,0.1154658981748319,0.9024024024024024,0.6912912912912913,0.3087087087087087
2121,YGL045W YML064C,0.0,NA,0.00015060891746543348,601,4603,2057,65,0.3628173628173628,0.1154880860876249,0.9024024024024024,0.6911411411411411,0.30885885885885883
2122,YLR336C YOL124C,0.0,NA,0.0001509562716819346,601,4602,2058,65,0.36295386295386295,0.11551028252931002,0.9024024024024024,0.690990990990991,0.309009009009009
2123,YDR167W YHR188C,0.0,NA,0.00015163749048952013,601,4601,2059,65,0.3630903630903631,0.11553248750480584,0.9024024024024024,0.6908408408408409,0.30915915915915915
2124,YLR262C-A YIL076W,0.0,NA,0.00015198679466266185,601,4600,2060,65,0.3632268632268632,0.1155547010190348,0.9024024024024024,0.6906906906906907,0.30930930930930933
2125,YGR152C YHR057C,0.0,NA,0.0001521081430837512,601,4599,2061,65,0.3633633633633634,0.11557692307692308,0.9024024024024024,0.6905405405405406,0.30945945945945946
2126,YIL155C YGR178C,0.0,NA,0.00015274547331500798,601,4598,2062,65,0.3634998634998635,0.11559915368340065,0.9024024024024024,0.6903903903903904,0.3096096096096096
2127,YPL214C YHR074W,0.0,NA,0.00015303237887565047,601,4597,2063,65,0.36363636363636365,0.11562139284340131,0.9024024024024024,0.6902402402402402,0.3097597597597598
2128,YLR025W YKL019W,0.0,NA,0.00015345466090366244,601,4596,2064,65,0.3637728637728638,0.11564364056186262,0.9024024024024024,0.69009009009009,0.3099099099099099
2129,YBR283C YLR272C,0.0,NA,0.0001541908277431503,601,4595,2065,65,0.3639093639093639,0.11566589684372594,0.9024024024024024,0.68993993993994,0.31006006006006004
2130,YPL042C YKL059C,0.0,NA,0.00015459507994819432,601,4594,2066,65,0.36404586404586403,0.11568816169393648,0.9024024024024024,0.6897897897897898,0.3102102102102102
2131,YER122C YER123W,0.0,NA,0.00015462088049389422,601,4593,2067,65,0.36418236418236416,0.11571043511744321,0.9024024024024024,0.6896396396396396,0.31036036036036035
2132,YIR027C YPL271W,0.0,NA,0.00015481827722396702,601,4592,2068,65,0.36431886431886434,0.11573271711919893,0.9024024024024024,0.6894894894894895,0.3105105105105105
2133,YGR043C YLR093C,0.0,NA,0.00015528428775724024,601,4591,2069,65,0.36445536445536447,0.11575500770416025,0.9024024024024024,0.6893393393393393,0.31066066066066067
2134,YGR072W YHR066W,0.0,NA,0.00015560415340587497,601,4590,2070,65,0.3645918645918646,0.11577730687728761,0.9024024024024024,0.6891891891891891,0.3108108108108108
2135,YJL209W YPL111W,1.0,NA,0.00015698056085966527,600,4590,2070,66,0.36445536445536447,0.11560693641618497,0.9009009009009009,0.6891891891891891,0.3108108108108108
2136,YPL183W-A YHR092C,1.0,NA,0.00015709870785940439,599,4590,2070,67,0.36431886431886434,0.11543650028907304,0.8993993993993994,0.6891891891891891,0.3108108108108108
2137,YPL240C YJL223C,0.0,NA,0.0001581004325998947,599,4589,2071,67,0.36445536445536447,0.11545875096376253,0.8993993993993994,0.6890390390390391,0.310960960960961
2138,YMR205C YJL145W,0.0,NA,0.00015825654554646462,599,4588,2072,67,0.3645918645918646,0.11548101021785233,0.8993993993993994,0.6888888888888889,0.3111111111111111
2139,YIL071C YJL020C,0.0,NA,0.00015848351176828146,599,4587,2073,67,0.36472836472836473,0.11550327805630543,0.8993993993993994,0.6887387387387387,0.31126126126126125
2140,YDL232W YNL219C,0.0,NA,0.00015872805670369416,599,4586,2074,67,0.36486486486486486,0.11552555448408872,0.8993993993993994,0.6885885885885886,0.31141141141141143
2141,YNL145W YGR188C,0.0,NA,0.00015877513214945793,599,4585,2075,67,0.365001365001365,0.11554783950617284,0.8993993993993994,0.6884384384384384,0.31156156156156156
2142,YMR176W YOR349W,0.0,NA,0.0001594986388226971,599,4584,2076,67,0.3651378651378651,0.11557013312753232,0.8993993993993994,0.6882882882882883,0.3117117117117117
2143,YMR205C YJR058C,0.0,NA,0.00015972448454704136,599,4583,2077,67,0.3652743652743653,0.1155924353531455,0.8993993993993994,0.6881381381381382,0.3118618618618619
2144,YJR094C YMR318C,0.0,NA,0.0001598288508830592,599,4582,2078,67,0.3654108654108654,0.1156147461879946,0.8993993993993994,0.687987987987988,0.312012012012012
2145,YGL049C YGL090W,0.0,NA,0.00015984333003871143,599,4581,2079,67,0.36554736554736555,0.11563706563706563,0.8993993993993994,0.6878378378378378,0.31216216216216214
2146,YDL232W YPL231W,0.0,NA,0.00016012614651117474,599,4580,2080,67,0.3656838656838657,0.11565939370534853,0.8993993993993994,0.6876876876876877,0.3123123123123123
2147,YCR005C YPL215W,1.0,NA,0.0001609042810741812,598,4580,2080,68,0.36554736554736555,0.11548860563924294,0.8978978978978979,0.6876876876876877,0.3123123123123123
2148,YHR089C YBR055C,0.0,NA,0.00016106729162856936,598,4579,2081,68,0.3656838656838657,0.11551091365655786,0.8978978978978979,0.6875375375375375,0.31246246246246245
2149,YBR229C YBL074C,0.0,NA,0.0001615243818378076,598,4578,2082,68,0.3658203658203658,0.11553323029366307,0.8978978978978979,0.6873873873873874,0.31261261261261264
2150,YDL236W YNL219C,0.0,NA,0.00016159786900971085,598,4577,2083,68,0.36595686595686594,0.11555555555555555,0.8978978978978979,0.6872372372372373,0.31276276276276277
2151,YLR134W YBR058C,0.0,NA,0.0001625639561098069,598,4576,2084,68,0.36609336609336607,0.11557788944723618,0.8978978978978979,0.6870870870870871,0.3129129129129129
2152,YLR201C YJL209W,1.0,NA,0.0001626273588044569,597,4576,2084,69,0.36595686595686594,0.11540692054900445,0.8963963963963963,0.6870870870870871,0.3129129129129129
2153,YIL126W YGR142W,0.0,NA,0.00016293933731503785,597,4575,2085,69,0.36609336609336607,0.1154292343387471,0.8963963963963963,0.6869369369369369,0.3130630630630631
2154,YPR168W YLR097C,0.0,NA,0.00016320834401994944,597,4574,2086,69,0.36622986622986625,0.11545155675884741,0.8963963963963963,0.6867867867867868,0.3132132132132132
2155,YLR213C YGR271C-A,0.0,NA,0.00016411689284723252,597,4573,2087,69,0.3663663663663664,0.11547388781431335,0.8963963963963963,0.6866366366366367,0.31336336336336335
2156,YPR033C YBR037C,0.0,NA,0.00016623950796201825,597,4572,2088,69,0.3665028665028665,0.1154962275101567,0.8963963963963963,0.6864864864864865,0.31351351351351353
2157,YOR349W YGL004C,0.0,NA,0.00016641315596643835,597,4571,2089,69,0.36663936663936664,0.11551857585139319,0.8963963963963963,0.6863363363363363,0.31366366366366366
2158,YLR441C YOR077W,0.0,NA,0.00016662244161125273,597,4570,2090,69,0.36677586677586677,0.11554093284304238,0.8963963963963963,0.6861861861861862,0.3138138138138138
2159,YOR117W YGR014W,0.0,NA,0.00016684134607203305,597,4569,2091,69,0.3669123669123669,0.11556329849012775,0.8963963963963963,0.686036036036036,0.313963963963964
2160,YPL243W YER053C,0.0,NA,0.00016706963651813567,597,4568,2092,69,0.367048867048867,0.11558567279767668,0.8963963963963963,0.6858858858858858,0.3141141141141141
2161,YEL040W YLR205C,0.0,NA,0.00016768088971730322,597,4567,2093,69,0.3671853671853672,0.11560805577072038,0.8963963963963963,0.6857357357357358,0.31426426426426424
2162,YLR014C YJR058C,0.0,NA,0.0001677462860243395,597,4566,2094,69,0.36732186732186733,0.11563044741429401,0.8963963963963963,0.6855855855855856,0.3144144144144144
2163,YKL099C YOR007C,0.0,NA,0.00016840544412843883,597,4565,2095,69,0.36745836745836746,0.11565284773343665,0.8963963963963963,0.6854354354354354,0.31456456456456455
2164,YDR224C YMR311C,0.0,NA,0.00016850743850227445,597,4564,2096,69,0.3675948675948676,0.11567525673319125,0.8963963963963963,0.6852852852852853,0.31471471471471474
2165,YDL246C YKR097W,0.0,NA,0.00016982672968879342,597,4563,2097,69,0.3677313677313677,0.11569767441860465,0.8963963963963963,0.6851351351351351,0.31486486486486487
2166,YBL020W YKL183W,0.0,NA,0.00016985264664981514,597,4562,2098,69,0.36786786786786785,0.11572010079472766,0.8963963963963963,0.684984984984985,0.315015015015015
2167,YNL238W YLL025W,0.0,NA,0.00017077277880162,597,4561,2099,69,0.36800436800436803,0.11574253586661497,0.8963963963963963,0.6848348348348349,0.3151651651651652
2168,YIL062C YBL040C,0.0,NA,0.0001710274809738621,597,4560,2100,69,0.36814086814086816,0.1157649796393252,0.8963963963963963,0.6846846846846847,0.3153153153153153
2169,YOR107W YFL050C,0.0,NA,0.00017104572907555848,597,4559,2101,69,0.3682773682773683,0.11578743211792086,0.8963963963963963,0.6845345345345345,0.31546546546546544
2170,YDR324C YIL056W,0.0,NA,0.00017122931603807956,597,4558,2102,69,0.3684138684138684,0.11580989330746848,0.8963963963963963,0.6843843843843844,0.31561561561561563
2171,YJL105W YLL025W,0.0,NA,0.00017144954472314566,597,4557,2103,69,0.36855036855036855,0.11583236321303841,0.8963963963963963,0.6842342342342342,0.31576576576576576
2172,YDR460W YPL220W,0.0,NA,0.00017153048247564584,597,4556,2104,69,0.3686868686868687,0.11585484183970503,0.8963963963963963,0.684084084084084,0.3159159159159159
2173,YOR211C YBR208C,0.0,NA,0.00017164861492346972,597,4555,2105,69,0.3688233688233688,0.11587732919254658,0.8963963963963963,0.683933933933934,0.3160660660660661
2174,YNL133C YDR119W,0.0,NA,0.0001718610292300582,597,4554,2106,69,0.368959868959869,0.11589982527664532,0.8963963963963963,0.6837837837837838,0.3162162162162162
2175,YIL079C YGR004W,0.0,NA,0.00017228565411642194,597,4553,2107,69,0.3690963690963691,0.11592233009708738,0.8963963963963963,0.6836336336336336,0.3163663663663664
2176,YGL095C YHR036W,0.0,NA,0.00017343182116746902,597,4552,2108,69,0.36923286923286924,0.1159448436589629,0.8963963963963963,0.6834834834834835,0.3165165165165165
2177,YBR145W YLR262C-A,0.0,NA,0.00017392614972777665,597,4551,2109,69,0.36936936936936937,0.11596736596736597,0.8963963963963963,0.6833333333333333,0.31666666666666665
2178,YBR048W YPL001W,0.0,NA,0.00017430185107514262,597,4550,2110,69,0.3695058695058695,0.1159898970273946,0.8963963963963963,0.6831831831831832,0.31681681681681684
2179,YDR434W YKL156W,0.0,NA,0.00017449475126340985,597,4549,2111,69,0.36964236964236963,0.1160124368441508,0.8963963963963963,0.6830330330330331,0.31696696696696697
2180,YLR028C YGL040C,1.0,NA,0.00017484583077020943,596,4549,2111,70,0.3695058695058695,0.11584062196307095,0.8948948948948949,0.6830330330330331,0.31696696696696697
2181,YHR075C YGR258C,0.0,NA,0.00017492187907919288,596,4548,2112,70,0.36964236964236963,0.11586314152410575,0.8948948948948949,0.6828828828828829,0.3171171171171171
2182,YIL111W YMR188C,1.0,NA,0.0001749462098814547,595,4548,2112,71,0.3695058695058695,0.11569123079914446,0.8933933933933934,0.6828828828828829,0.3171171171171171
2183,YML124C YLR254C,0.0,NA,0.0001751623785821721,595,4547,2113,71,0.36964236964236963,0.11571373006612214,0.8933933933933934,0.6827327327327327,0.3172672672672673
2184,YLR201C YPL111W,1.0,NA,0.0001754329859977588,594,4547,2113,72,0.3695058695058695,0.1155417234001167,0.8918918918918919,0.6827327327327327,0.3172672672672673
2185,YDR143C YGL032C,0.0,NA,0.00017630985530558974,594,4546,2114,72,0.36964236964236963,0.11556420233463036,0.8918918918918919,0.6825825825825825,0.3174174174174174
2186,YKL010C YBR302C,0.0,NA,0.00017691812536213547,594,4545,2115,72,0.36977886977886976,0.11558669001751314,0.8918918918918919,0.6824324324324325,0.31756756756756754
2187,YLR380W YJR160C,0.0,NA,0.00017718959134072065,594,4544,2116,72,0.36991536991536994,0.11560918645387311,0.8918918918918919,0.6822822822822823,0.31771771771771773
2188,YKL069W YCL026C-B,0.0,NA,0.00017728304374031723,594,4543,2117,72,0.37005187005187007,0.11563169164882227,0.8918918918918919,0.6821321321321321,0.31786786786786786
2189,YNL038W YOR249C,0.0,NA,0.0001777137949829921,594,4542,2118,72,0.3701883701883702,0.11565420560747663,0.8918918918918919,0.681981981981982,0.31801801801801804
2190,YFL007W YML064C,0.0,NA,0.00017778020992409438,594,4541,2119,72,0.3703248703248703,0.11567672833495618,0.8918918918918919,0.6818318318318318,0.3181681681681682
2191,YGL049C YJL024C,0.0,NA,0.0001779140147846192,594,4540,2120,72,0.37046137046137045,0.11569925983638489,0.8918918918918919,0.6816816816816816,0.3183183183183183
2192,YHR081W YMR059W,0.0,NA,0.00017884762200992554,594,4539,2121,72,0.3705978705978706,0.1157218001168907,0.8918918918918919,0.6815315315315316,0.3184684684684685
2193,YGR080W YJL210W,0.0,NA,0.00018010371422860771,594,4538,2122,72,0.3707343707343707,0.11574434918160562,0.8918918918918919,0.6813813813813814,0.3186186186186186
2194,YKL021C YKR025W,0.0,NA,0.0001801957841962576,594,4537,2123,72,0.3708708708708709,0.11576690703566556,0.8918918918918919,0.6812312312312312,0.31876876876876875
2195,YDL022W YLL002W,0.0,NA,0.0001804490457288921,594,4536,2124,72,0.371007371007371,0.11578947368421053,0.8918918918918919,0.6810810810810811,0.31891891891891894
2196,YGL121C YNL238W,0.0,NA,0.00018057624401990324,594,4535,2125,72,0.37114387114387115,0.11581204913238448,0.8918918918918919,0.6809309309309309,0.31906906906906907
2197,YJR108W YFL020C,0.0,NA,0.0001806930231396109,594,4534,2126,72,0.3712803712803713,0.11583463338533541,0.8918918918918919,0.6807807807807807,0.3192192192192192
2198,YPL051W YCR089W,0.0,NA,0.00018168485257774591,594,4533,2127,72,0.3714168714168714,0.11585722644821533,0.8918918918918919,0.6806306306306307,0.3193693693693694
2199,YER122C YNL038W,0.0,NA,0.00018177011224906892,594,4532,2128,72,0.37155337155337154,0.11587982832618025,0.8918918918918919,0.6804804804804805,0.3195195195195195
2200,YIR031C YPL111W,1.0,NA,0.0001829598331823945,593,4532,2128,73,0.3714168714168714,0.11570731707317074,0.8903903903903904,0.6804804804804805,0.3195195195195195
2201,YGL141W YNL160W,0.0,NA,0.00018322588584851474,593,4531,2129,73,0.37155337155337154,0.11572989851678377,0.8903903903903904,0.6803303303303303,0.31966966966966964
2202,YDR208W YGR252W,0.0,NA,0.00018455390818417072,593,4530,2130,73,0.37168987168987166,0.11575248877610775,0.8903903903903904,0.6801801801801802,0.31981981981981983
2203,YGR023W YPL042C,0.0,NA,0.00018516658747103065,593,4529,2131,73,0.37182637182637185,0.11577508785630614,0.8903903903903904,0.68003003003003,0.31996996996996996
2204,YDL120W YBR085W,1.0,NA,0.00018549191008787602,592,4529,2131,74,0.37168987168987166,0.1156024214020699,0.8888888888888888,0.68003003003003,0.31996996996996996
2205,YLR095C YBR029C,0.0,NA,0.00018627922690939158,592,4528,2132,74,0.37182637182637185,0.115625,0.8888888888888888,0.6798798798798799,0.32012012012012014
2206,YLR246W YBR247C,0.0,NA,0.00018676402396522462,592,4527,2133,74,0.371962871962872,0.11564758741941786,0.8888888888888888,0.6797297297297298,0.3202702702702703
2207,YCL030C YDR228C,0.0,NA,0.00018708716379478574,592,4526,2134,74,0.3720993720993721,0.11567018366549434,0.8888888888888888,0.6795795795795796,0.3204204204204204
2208,YLR028C YNL185C,1.0,NA,0.00018844280566554517,591,4526,2134,75,0.371962871962872,0.11549736173539184,0.8873873873873874,0.6795795795795796,0.3204204204204204
2209,YGR095C YLR071C,0.0,NA,0.0001886878744699061,591,4525,2135,75,0.3720993720993721,0.1155199374511337,0.8873873873873874,0.6794294294294294,0.3205705705705706
2210,YHR018C YLR266C,0.0,NA,0.0001889653067337349,591,4524,2136,75,0.37223587223587223,0.1155425219941349,0.8873873873873874,0.6792792792792792,0.3207207207207207
2211,YPR176C YOR382W,0.0,NA,0.00018918272689916193,591,4523,2137,75,0.37237237237237236,0.11556511536957371,0.8873873873873874,0.6791291291291291,0.32087087087087085
2212,YKL116C YLR272C,0.0,NA,0.00018926247139461339,591,4522,2138,75,0.3725088725088725,0.1155877175826325,0.8873873873873874,0.678978978978979,0.32102102102102104
2213,YLR309C YKR031C,0.0,NA,0.0001893550797831267,591,4521,2139,75,0.3726453726453726,0.11561032863849766,0.8873873873873874,0.6788288288288288,0.32117117117117117
2214,YML078W YDR225W,0.0,NA,0.00018940455629490316,591,4520,2140,75,0.3727818727818728,0.11563294854235961,0.8873873873873874,0.6786786786786787,0.3213213213213213
2215,YHR129C YBR188C,0.0,NA,0.00019021208572667092,591,4519,2141,75,0.37291837291837293,0.11565557729941292,0.8873873873873874,0.6785285285285285,0.3214714714714715
2216,YPR145W YKR049C,0.0,NA,0.0001905308454297483,591,4518,2142,75,0.37305487305487306,0.11567821491485614,0.8873873873873874,0.6783783783783783,0.3216216216216216
2217,YML078W YNR070W,0.0,NA,0.00019091453577857465,591,4517,2143,75,0.3731913731913732,0.11570086139389194,0.8873873873873874,0.6782282282282283,0.3217717717717718
2218,YMR058W YER129W,0.0,NA,0.00019149977015331388,591,4516,2144,75,0.3733278733278733,0.11572351674172704,0.8873873873873874,0.6780780780780781,0.3219219219219219
2219,YGR251W YHR037W,0.0,NA,0.0001924231619341299,591,4515,2145,75,0.37346437346437344,0.11574618096357227,0.8873873873873874,0.6779279279279279,0.32207207207207206
2220,YOR382W YMR112C,0.0,NA,0.0001926759723573923,591,4514,2146,75,0.37360087360087363,0.1157688540646425,0.8873873873873874,0.6777777777777778,0.32222222222222224
2221,YDR092W YNR047W,0.0,NA,0.00019436358707025647,591,4513,2147,75,0.37373737373737376,0.11579153605015674,0.8873873873873874,0.6776276276276276,0.3223723723723724
2222,YLR096W YIL005W,0.0,NA,0.00019452822743915021,591,4512,2148,75,0.3738738738738739,0.11581422692533803,0.8873873873873874,0.6774774774774774,0.3225225225225225
2223,YML051W YGL250W,0.0,NA,0.00019468055688776076,591,4511,2149,75,0.374010374010374,0.11583692669541357,0.8873873873873874,0.6773273273273274,0.3226726726726727
2224,YER157W YGR092W,0.0,NA,0.00019667466403916478,591,4510,2150,75,0.37414687414687414,0.11585963536561458,0.8873873873873874,0.6771771771771772,0.3228228228228228
2225,YOR381W YPL258C,0.0,NA,0.00019809333025477827,591,4509,2151,75,0.37428337428337427,0.11588235294117646,0.8873873873873874,0.677027027027027,0.32297297297297295
2226,YMR055C YLR093C,0.0,NA,0.00019814773986581713,591,4508,2152,75,0.3744198744198744,0.1159050794273387,0.8873873873873874,0.6768768768768769,0.32312312312312313
2227,YHR085W YBR275C,0.0,NA,0.00019947296823374927,591,4507,2153,75,0.3745563745563746,0.11592781482934485,0.8873873873873874,0.6767267267267267,0.32327327327327327
2228,YFR032C-A YEL065W,0.0,NA,0.00020028464496135712,591,4506,2154,75,0.3746928746928747,0.11595055915244261,0.8873873873873874,0.6765765765765765,0.32342342342342345
2229,YHR070W YGR081C,0.0,NA,0.00020162243163213134,591,4505,2155,75,0.37482937482937484,0.11597331240188383,0.8873873873873874,0.6764264264264265,0.3235735735735736
2230,YPR101W YLR014C,0.0,NA,0.0002030235482379794,591,4504,2156,75,0.37496587496587497,0.11599607458292444,0.8873873873873874,0.6762762762762763,0.3237237237237237
2231,YJL059W YLR359W,0.0,NA,0.00020356940513011068,591,4503,2157,75,0.3751023751023751,0.1160188457008245,0.8873873873873874,0.6761261261261261,0.3238738738738739
2232,YGL107C YIL111W,1.0,NA,0.00020364024385344237,590,4503,2157,76,0.37496587496587497,0.11584527783231886,0.8858858858858859,0.6761261261261261,0.3238738738738739
2233,YGR159C YLR104W,0.0,NA,0.00020376047177705914,590,4502,2158,76,0.3751023751023751,0.11586802827965435,0.8858858858858859,0.675975975975976,0.324024024024024
2234,YLR028C YML081C-A,1.0,NA,0.00020428728021215647,589,4502,2158,77,0.37496587496587497,0.11569436260066784,0.8843843843843844,0.675975975975976,0.324024024024024
2235,YIR031C YPL215W,1.0,NA,0.00020442386448848993,588,4502,2158,78,0.37482937482937484,0.11552062868369352,0.8828828828828829,0.675975975975976,0.324024024024024
2236,YGR243W YOR198C,0.0,NA,0.00020514435891527683,588,4501,2159,78,0.37496587496587497,0.1155433287482806,0.8828828828828829,0.6758258258258258,0.32417417417417416
2237,YDR071C YNR065C,0.0,NA,0.00020549929467961192,588,4500,2160,78,0.3751023751023751,0.11556603773584906,0.8828828828828829,0.6756756756756757,0.32432432432432434
2238,YMR113W YMR008C,0.0,NA,0.00020620234136004,588,4499,2161,78,0.3752388752388752,0.1155887556516611,0.8828828828828829,0.6755255255255255,0.3244744744744745
2239,YJL020C YDR462W,0.0,NA,0.00020841915102209896,588,4498,2162,78,0.37537537537537535,0.11561148250098309,0.8828828828828829,0.6753753753753754,0.3246246246246246
2240,YPL089C YLR008C,0.0,NA,0.00020999637490604073,588,4497,2163,78,0.37551187551187554,0.11563421828908554,0.8828828828828829,0.6752252252252252,0.3247747747747748
2241,YEL060C YCL029C,0.0,NA,0.00021105806808918715,588,4496,2164,78,0.37564837564837567,0.11565696302124312,0.8828828828828829,0.675075075075075,0.3249249249249249
2242,YGR103W YDR437W,0.0,NA,0.00021182555065024644,588,4495,2165,78,0.3757848757848758,0.11567971670273461,0.8828828828828829,0.674924924924925,0.32507507507507505
2243,YJL209W YPL215W,1.0,NA,0.00021253281738609076,587,4495,2165,79,0.37564837564837567,0.11550570641479732,0.8813813813813813,0.674924924924925,0.32507507507507505
2244,YKL069W YLR037C,0.0,NA,0.0002127929765265435,587,4494,2166,79,0.3757848757848758,0.1155284392836056,0.8813813813813813,0.6747747747747748,0.32522522522522523
2245,YGR166W YJL051W,0.0,NA,0.00021307294082362205,587,4493,2167,79,0.3759213759213759,0.1155511811023622,0.8813813813813813,0.6746246246246246,0.32537537537537536
2246,YDR412W YOL112W,0.0,NA,0.0002131867513526231,587,4492,2168,79,0.37605787605787605,0.11557393187635362,0.8813813813813813,0.6744744744744745,0.32552552552552555
2247,YIL009W YDR040C,0.0,NA,0.00021335452038329095,587,4491,2169,79,0.3761943761943762,0.11559669161087043,0.8813813813813813,0.6743243243243243,0.3256756756756757
2248,YPR168W YER072W,0.0,NA,0.00021364663552958518,587,4490,2170,79,0.3763308763308763,0.1156194603112074,0.8813813813813813,0.6741741741741741,0.3258258258258258
2249,YBL087C YML052W,0.0,NA,0.00021396097145043314,587,4489,2171,79,0.3764673764673765,0.11564223798266351,0.8813813813813813,0.6740240240240241,0.325975975975976
2250,YNL166C YGR204W,0.0,NA,0.00021512553212232888,587,4488,2172,79,0.3766038766038766,0.11566502463054187,0.8813813813813813,0.6738738738738739,0.3261261261261261
2251,YNR013C YBR211C,0.0,NA,0.0002158876450266689,587,4487,2173,79,0.37674037674037675,0.11568782026014979,0.8813813813813813,0.6737237237237237,0.32627627627627626
2252,YGR055W YBR058C,0.0,NA,0.00021620736515615135,587,4486,2174,79,0.3768768768768769,0.11571062487679874,0.8813813813813813,0.6735735735735736,0.32642642642642644
2253,YIL097W YPL164C,0.0,NA,0.0002162125165341422,587,4485,2175,79,0.377013377013377,0.11573343848580442,0.8813813813813813,0.6734234234234234,0.32657657657657657
2254,YLR388W YLR020C,0.0,NA,0.00021628303511533886,587,4484,2176,79,0.37714987714987713,0.11575626109248668,0.8813813813813813,0.6732732732732732,0.3267267267267267
2255,YLR008C YLR380W,0.0,NA,0.00021649595873896033,587,4483,2177,79,0.37728637728637726,0.11577909270216963,0.8813813813813813,0.6731231231231232,0.3268768768768769
2256,YJL148W YNR070W,0.0,NA,0.0002165483747376129,587,4482,2178,79,0.37742287742287745,0.1158019333201815,0.8813813813813813,0.672972972972973,0.327027027027027
2257,YBR078W YAL029C,0.0,NA,0.0002167121710954234,587,4481,2179,79,0.3775593775593776,0.11582478295185478,0.8813813813813813,0.6728228228228228,0.3271771771771772
2258,YPR111W YMR016C,0.0,NA,0.00021745981939602643,587,4480,2180,79,0.3776958776958777,0.11584764160252616,0.8813813813813813,0.6726726726726727,0.32732732732732733
2259,YDR159W YPL259C,0.0,NA,0.00021761142124887556,587,4479,2181,79,0.37783237783237783,0.11587050927753652,0.8813813813813813,0.6725225225225225,0.32747747747747746
2260,YDL113C YNL113W,0.0,NA,0.00021822021517436951,587,4478,2182,79,0.37796887796887796,0.11589338598223099,0.8813813813813813,0.6723723723723724,0.32762762762762765
2261,YDR076W YPL154C,0.0,NA,0.00021823249699082226,587,4477,2183,79,0.3781053781053781,0.11591627172195892,0.8813813813813813,0.6722222222222223,0.3277777777777778
2262,YBR082C YBR186W,0.0,NA,0.0002184673212468624,587,4476,2184,79,0.3782418782418782,0.11593916650207386,0.8813813813813813,0.6720720720720721,0.3279279279279279
2263,YGR260W YIR004W,0.0,NA,0.00021846877643838525,587,4475,2185,79,0.3783783783783784,0.11596207032793363,0.8813813813813813,0.6719219219219219,0.3280780780780781
2264,YPL089C YER053C,0.0,NA,0.00021876081882510334,587,4474,2186,79,0.37851487851487853,0.11598498320490022,0.8813813813813813,0.6717717717717717,0.3282282282282282
2265,YDR259C YBR278W,0.0,NA,0.00021896469115745276,587,4473,2187,79,0.37865137865137866,0.11600790513833992,0.8813813813813813,0.6716216216216216,0.32837837837837835
2266,YJR119C YLR109W,0.0,NA,0.00022052874555811286,587,4472,2188,79,0.3787878787878788,0.11603083613362325,0.8813813813813813,0.6714714714714715,0.32852852852852854
2267,YOR381W YOR396W,0.0,NA,0.0002207953220931813,587,4471,2189,79,0.3789243789243789,0.11605377619612495,0.8813813813813813,0.6713213213213213,0.32867867867867867
2268,YDR041W YGL035C,0.0,NA,0.00022079574409872293,587,4470,2190,79,0.37906087906087904,0.11607672533122404,0.8813813813813813,0.6711711711711712,0.32882882882882886
2269,YDR516C YPL051W,0.0,NA,0.00022135855397209525,587,4469,2191,79,0.37919737919737917,0.11609968354430379,0.8813813813813813,0.671021021021021,0.328978978978979
2270,YIR031C YML025C,1.0,NA,0.00022165296832099557,586,4469,2191,80,0.37906087906087904,0.1159248269040554,0.8798798798798799,0.671021021021021,0.328978978978979
2271,YOR394W YML005W,0.0,NA,0.00022201950196176767,586,4468,2192,80,0.37919737919737917,0.11594776414721013,0.8798798798798799,0.6708708708708708,0.3291291291291291
2272,YNL151C YLR007W,0.0,NA,0.0002223243354819715,586,4467,2193,80,0.37933387933387935,0.1159707104690283,0.8798798798798799,0.6707207207207208,0.3292792792792793
2273,YHR039C-A YCL026C-B,0.0,NA,0.00022263954451773316,586,4466,2194,80,0.3794703794703795,0.11599366587490102,0.8798798798798799,0.6705705705705706,0.32942942942942943
2274,YJR019C YMR059W,0.0,NA,0.0002236021973658353,586,4465,2195,80,0.3796068796068796,0.11601663037022372,0.8798798798798799,0.6704204204204204,0.32957957957957956
2275,YKL099C YPR111W,0.0,NA,0.00022391046513803303,586,4464,2196,80,0.37974337974337974,0.11603960396039605,0.8798798798798799,0.6702702702702703,0.32972972972972975
2276,YGL263W YDR389W,0.0,NA,0.00022391344828065485,586,4463,2197,80,0.37987987987987987,0.11606258665082195,0.8798798798798799,0.6701201201201201,0.3298798798798799
2277,YJL151C YML052W,0.0,NA,0.00022478298342321068,586,4462,2198,80,0.38001638001638,0.11608557844690967,0.8798798798798799,0.6699699699699699,0.33003003003003
2278,YPR134W YGL150C,0.0,NA,0.00022510834969580173,586,4461,2199,80,0.3801528801528802,0.11610857935407172,0.8798798798798799,0.6698198198198199,0.3301801801801802
2279,YEL060C YKL178C,0.0,NA,0.00022595062910113484,586,4460,2200,80,0.3802893802893803,0.11613158937772493,0.8798798798798799,0.6696696696696697,0.3303303303303303
2280,YJL074C YDR525W-A,0.0,NA,0.000226284158998169,586,4459,2201,80,0.38042588042588044,0.11615460852329039,0.8798798798798799,0.6695195195195195,0.33048048048048045
2281,YDR091C YNR065C,0.0,NA,0.0002265483926748857,586,4458,2202,80,0.38056238056238056,0.1161776367961935,0.8798798798798799,0.6693693693693694,0.33063063063063064
2282,YIL129C YOR307C,0.0,NA,0.00022840191377326846,586,4457,2203,80,0.3806988806988807,0.11620067420186397,0.8798798798798799,0.6692192192192192,0.33078078078078077
2283,YMR113W YLR310C,0.0,NA,0.0002306177484570071,586,4456,2204,80,0.3808353808353808,0.11622372074573582,0.8798798798798799,0.669069069069069,0.33093093093093096
2284,YLR321C YDL128W,0.0,NA,0.00023139060067478567,586,4455,2205,80,0.38097188097188095,0.11624677643324736,0.8798798798798799,0.668918918918919,0.3310810810810811
2285,YMR266W YGR006W,0.0,NA,0.00023139655240811408,586,4454,2206,80,0.38110838110838113,0.11626984126984127,0.8798798798798799,0.6687687687687688,0.3312312312312312
2286,YDR120C YLR157C,0.0,NA,0.00023224088363349438,586,4453,2207,80,0.38124488124488126,0.11629291526096448,0.8798798798798799,0.6686186186186186,0.3313813813813814
2287,YLR459W YCR089W,0.0,NA,0.00023237931600306183,586,4452,2208,80,0.3813813813813814,0.11631599841206829,0.8798798798798799,0.6684684684684684,0.33153153153153153
2288,YER151C YOR236W,0.0,NA,0.0002338571794098243,586,4451,2209,80,0.3815178815178815,0.1163390907286083,0.8798798798798799,0.6683183183183183,0.33168168168168166
2289,YDR128W YFR052W,0.0,NA,0.00023399232304655015,586,4450,2210,80,0.38165438165438165,0.11636219221604448,0.8798798798798799,0.6681681681681682,0.33183183183183185
2290,YGL095C YGL156W,0.0,NA,0.0002346001856494695,586,4449,2211,80,0.3817908817908818,0.11638530287984111,0.8798798798798799,0.668018018018018,0.331981981981982
2291,YIR037W YKL060C,0.0,NA,0.00023492561012972146,586,4448,2212,80,0.3819273819273819,0.11640842272546682,0.8798798798798799,0.6678678678678679,0.3321321321321321
2292,YNL221C YNL219C,0.0,NA,0.00023714435519650578,586,4447,2213,80,0.3820638820638821,0.11643155175839459,0.8798798798798799,0.6677177177177177,0.3322822822822823
2293,YKL188C YDL132W,0.0,NA,0.00023747695377096534,586,4446,2214,80,0.3822003822003822,0.11645468998410174,0.8798798798798799,0.6675675675675675,0.3324324324324324
2294,YDR141C YDR462W,0.0,NA,0.00023925943241920322,586,4445,2215,80,0.38233688233688234,0.11647783740806997,0.8798798798798799,0.6674174174174174,0.3325825825825826
2295,YCL014W YJR099W,0.0,NA,0.0002392735768808052,586,4444,2216,80,0.3824733824733825,0.11650099403578529,0.8798798798798799,0.6672672672672673,0.33273273273273274
2296,YDL236W YCR063W,0.0,NA,0.00023951896582730114,586,4443,2217,80,0.3826098826098826,0.11652415987273812,0.8798798798798799,0.6671171171171171,0.33288288288288287
2297,YHL047C YML128C,0.0,NA,0.00024092983221635222,586,4442,2218,80,0.38274638274638273,0.11654733492442323,0.8798798798798799,0.666966966966967,0.33303303303303305
2298,YER043C YLR234W,0.0,NA,0.00024094752734526992,586,4441,2219,80,0.38288288288288286,0.11657051919633976,0.8798798798798799,0.6668168168168168,0.3331831831831832
2299,YAR018C YJL053W,0.0,NA,0.00024122497416101396,586,4440,2220,80,0.38301938301938304,0.11659371269399124,0.8798798798798799,0.6666666666666666,0.3333333333333333
2300,YBR017C YHR031C,0.0,NA,0.0002419595402898267,586,4439,2221,80,0.38315588315588317,0.11661691542288558,0.8798798798798799,0.6665165165165166,0.3334834834834835
2301,YBL072C YAL029C,0.0,NA,0.00024252124421764165,586,4438,2222,80,0.3832923832923833,0.11664012738853503,0.8798798798798799,0.6663663663663664,0.33363363363363363
2302,YLR254C YER037W,0.0,NA,0.00024292763555422425,586,4437,2223,80,0.3834288834288834,0.1166633485964563,0.8798798798798799,0.6662162162162162,0.33378378378378376
2303,YOL013C YJL052W,0.0,NA,0.00024368014419451356,586,4436,2224,80,0.38356538356538356,0.11668657905217045,0.8798798798798799,0.6660660660660661,0.33393393393393395
2304,YER159C YER147C,0.0,NA,0.0002441052347421646,586,4435,2225,80,0.3837018837018837,0.11670981876120294,0.8798798798798799,0.6659159159159159,0.3340840840840841
2305,YNL189W YDR517W,0.0,NA,0.00024567870423197746,586,4434,2226,80,0.3838383838383838,0.11673306772908366,0.8798798798798799,0.6657657657657657,0.3342342342342342
2306,YGR055W YIR018W,0.0,NA,0.0002460282121319324,586,4433,2227,80,0.383974883974884,0.11675632596134689,0.8798798798798799,0.6656156156156157,0.3343843843843844
2307,YBR048W YDR466W,0.0,NA,0.000246134732151404,586,4432,2228,80,0.3841113841113841,0.11677959346353128,0.8798798798798799,0.6654654654654655,0.3345345345345345
2308,YER151C YBL020W,0.0,NA,0.00024676023167558014,586,4431,2229,80,0.38424788424788425,0.11680287024117998,0.8798798798798799,0.6653153153153153,0.3346846846846847
2309,YPL082C YNL219C,0.0,NA,0.0002472811902407557,586,4430,2230,80,0.3843843843843844,0.11682615629984051,0.8798798798798799,0.6651651651651652,0.33483483483483484
2310,YDR342C YJL104W,0.0,NA,0.00024781320826150477,586,4429,2231,80,0.3845208845208845,0.1168494516450648,0.8798798798798799,0.665015015015015,0.33498498498498497
2311,YML011C YNR053C,0.0,NA,0.0002479639952071011,586,4428,2232,80,0.38465738465738464,0.11687275628240926,0.8798798798798799,0.6648648648648648,0.33513513513513515
2312,YNL053W YDL130W-A,0.0,NA,0.00024830654729157686,586,4427,2233,80,0.38479388479388477,0.11689607021743467,0.8798798798798799,0.6647147147147147,0.3352852852852853
2313,YLR201C YIL111W,1.0,NA,0.0002494024811312556,585,4427,2233,81,0.38465738465738464,0.11671987230646448,0.8783783783783784,0.6647147147147147,0.3352852852852853
2314,YJL209W YGL191W,1.0,NA,0.00024958731955848634,584,4427,2233,82,0.3845208845208845,0.11654360407104371,0.8768768768768769,0.6647147147147147,0.3352852852852853
2315,YPR133W-A YML097C,0.0,NA,0.0002506583114154637,584,4426,2234,82,0.38465738465738464,0.11656686626746507,0.8768768768768769,0.6645645645645646,0.3354354354354354
2316,YGR159C YDR380W,0.0,NA,0.0002523009607102722,584,4425,2235,82,0.38479388479388477,0.11659013775204631,0.8768768768768769,0.6644144144144144,0.3355855855855856
2317,YOR180C YPR107C,0.0,NA,0.0002529271587263793,584,4424,2236,82,0.38493038493038495,0.11661341853035144,0.8768768768768769,0.6642642642642642,0.33573573573573573
2318,YHR002W YAL038W,0.0,NA,0.00025378374266438186,584,4423,2237,82,0.3850668850668851,0.11663670860794888,0.8768768768768769,0.6641141141141141,0.33588588588588586
2319,YGR041W YLR451W,0.0,NA,0.0002538846747484058,584,4422,2238,82,0.3852033852033852,0.11666000799041151,0.8768768768768769,0.663963963963964,0.33603603603603605
2320,YER090W YDR238C,0.0,NA,0.0002561536675784737,584,4421,2239,82,0.38533988533988534,0.11668331668331669,0.8768768768768769,0.6638138138138138,0.3361861861861862
2321,YIR031C YLR201C,1.0,NA,0.00025658775120973587,583,4421,2239,83,0.3852033852033852,0.11650679456434852,0.8753753753753754,0.6638138138138138,0.3361861861861862
2322,YPL154C YPL018W,0.0,NA,0.0002590520307421684,583,4420,2240,83,0.38533988533988534,0.1165300819508295,0.8753753753753754,0.6636636636636637,0.33633633633633636
2323,YOR020C YLR373C,0.0,NA,0.0002592360833659768,583,4419,2241,83,0.38547638547638546,0.11655337864854058,0.8753753753753754,0.6635135135135135,0.3364864864864865
2324,YDL070W YLR007W,0.0,NA,0.00025930555420927703,583,4418,2242,83,0.3856128856128856,0.11657668466306739,0.8753753753753754,0.6633633633633633,0.3366366366366366
2325,YPL267W YHR103W,0.0,NA,0.0002594410616438836,583,4417,2243,83,0.3857493857493858,0.1166,0.8753753753753754,0.6632132132132132,0.3367867867867868
2326,YFL003C YLR027C,0.0,NA,0.00026098519447259605,583,4416,2244,83,0.3858858858858859,0.11662332466493298,0.8753753753753754,0.6630630630630631,0.33693693693693694
2327,YNL161W YGL197W,0.0,NA,0.0002621885796543211,583,4415,2245,83,0.38602238602238603,0.11664665866346538,0.8753753753753754,0.6629129129129129,0.33708708708708707
2328,YKL090W YJL186W,0.0,NA,0.0002638474106788635,583,4414,2246,83,0.38615888615888616,0.11667000200120071,0.8753753753753754,0.6627627627627628,0.33723723723723725
2329,YEL071W YNL082W,0.0,NA,0.00026389872073195875,583,4413,2247,83,0.3862953862953863,0.116693354683747,0.8753753753753754,0.6626126126126126,0.3373873873873874
2330,YDR201W YIL076W,0.0,NA,0.0002648090885486454,583,4412,2248,83,0.3864318864318864,0.11671671671671671,0.8753753753753754,0.6624624624624624,0.3375375375375375
2331,YDR459C YDR257C,0.0,NA,0.00026575857191346586,583,4411,2249,83,0.38656838656838655,0.11674008810572688,0.8753753753753754,0.6623123123123124,0.3376876876876877
2332,YIR031C YDL120W,1.0,NA,0.0002658128214534372,582,4411,2249,84,0.3864318864318864,0.11656318846384939,0.8738738738738738,0.6623123123123124,0.3376876876876877
2333,YLR466W YLR445W,0.0,NA,0.0002662513288669288,582,4410,2250,84,0.38656838656838655,0.11658653846153846,0.8738738738738738,0.6621621621621622,0.33783783783783783
2334,YNL238W YNL339C,0.0,NA,0.0002662731858436018,582,4409,2251,84,0.38670488670488673,0.11660989781606892,0.8738738738738738,0.662012012012012,0.337987987987988
2335,YLR170C YBR173C,0.0,NA,0.0002666875661816448,582,4408,2252,84,0.38684138684138686,0.11663326653306613,0.8738738738738738,0.6618618618618619,0.33813813813813814
2336,YPL030W YMR025W,0.0,NA,0.0002671492111403495,582,4407,2253,84,0.386977886977887,0.11665664461815996,0.8738738738738738,0.6617117117117117,0.3382882882882883
2337,YGR120C YLR083C,0.0,NA,0.00026751315454021096,582,4406,2254,84,0.3871143871143871,0.11668003207698477,0.8738738738738738,0.6615615615615615,0.33843843843843846
2338,YMR101C YLR432W,0.0,NA,0.0002689450338948518,582,4405,2255,84,0.38725088725088724,0.11670342891517947,0.8738738738738738,0.6614114114114115,0.3385885885885886
2339,YER157W YGR204W,0.0,NA,0.00026955880457535386,582,4404,2256,84,0.38738738738738737,0.11672683513838748,0.8738738738738738,0.6612612612612613,0.3387387387387387
2340,YER043C YCR046C,0.0,NA,0.0002707028470467776,582,4403,2257,84,0.3875238875238875,0.11675025075225677,0.8738738738738738,0.6611111111111111,0.3388888888888889
2341,YMR040W YCR060W,0.0,NA,0.0002708182146307081,582,4402,2258,84,0.3876603876603877,0.11677367576243981,0.8738738738738738,0.6609609609609609,0.33903903903903904
2342,YER148W YPR069C,0.0,NA,0.0002709372784011066,582,4401,2259,84,0.3877968877968878,0.11679711017459361,0.8738738738738738,0.6608108108108108,0.33918918918918917
2343,YNL339C YKL139W,0.0,NA,0.00027103960746899247,582,4400,2260,84,0.38793338793338794,0.11682055399437977,0.8738738738738738,0.6606606606606606,0.33933933933933935
2344,YOR161C YNL221C,0.0,NA,0.00027110782684758306,582,4399,2261,84,0.38806988806988807,0.11684400722746437,0.8738738738738738,0.6605105105105105,0.3394894894894895
2345,YJL020C YMR079W,0.0,NA,0.00027143655461259186,582,4398,2262,84,0.3882063882063882,0.11686746987951807,0.8738738738738738,0.6603603603603604,0.3396396396396396
2346,YCL043C YGR120C,0.0,NA,0.0002714841684792191,582,4397,2263,84,0.3883428883428883,0.1168909419562161,0.8738738738738738,0.6602102102102102,0.3397897897897898
2347,YAR018C YER155C,0.0,NA,0.0002724762889556587,582,4396,2264,84,0.38847938847938845,0.11691442346323824,0.8738738738738738,0.66006006006006,0.33993993993993993
2348,YOR346W YGL263W,0.0,NA,0.00027259712805971503,582,4395,2265,84,0.38861588861588864,0.11693791440626884,0.8738738738738738,0.6599099099099099,0.3400900900900901
2349,YML012W YNL318C,0.0,NA,0.00027337478240951896,582,4394,2266,84,0.38875238875238877,0.11696141479099678,0.8738738738738738,0.6597597597597598,0.34024024024024024
2350,YDR159W YBR121C,0.0,NA,0.00027512534870766103,582,4393,2267,84,0.3888888888888889,0.11698492462311558,0.8738738738738738,0.6596096096096096,0.3403903903903904
2351,YOR273C YGR032W,0.0,NA,0.00027531193336471915,582,4392,2268,84,0.389025389025389,0.11700844390832328,0.8738738738738738,0.6594594594594595,0.34054054054054056
2352,YNL297C YNL071W,0.0,NA,0.00027662538923323154,582,4391,2269,84,0.38916188916188915,0.11703197265232254,0.8738738738738738,0.6593093093093093,0.3406906906906907
2353,YOR249C YLR160C,0.0,NA,0.0002773701271507889,582,4390,2270,84,0.3892983892983893,0.1170555108608206,0.8738738738738738,0.6591591591591591,0.3408408408408408
2354,YMR026C YOR198C,0.0,NA,0.00027806064463220537,582,4389,2271,84,0.3894348894348894,0.11707905853952927,0.8738738738738738,0.659009009009009,0.340990990990991
2355,YPR139C YOR106W,0.0,NA,0.00027952870004810393,582,4388,2272,84,0.3895713895713896,0.117102615694165,0.8738738738738738,0.6588588588588589,0.34114114114114114
2356,YOR033C YML095C,0.0,NA,0.0002800272195599973,582,4387,2273,84,0.3897078897078897,0.11712618233044879,0.8738738738738738,0.6587087087087087,0.34129129129129127
2357,YML058W-A YML111W,0.0,NA,0.0002808301360346377,582,4386,2274,84,0.38984438984438985,0.11714975845410629,0.8738738738738738,0.6585585585585586,0.34144144144144145
2358,YLR262C-A YER147C,0.0,NA,0.00028093456057831645,582,4385,2275,84,0.38998088998089,0.11717334407086773,0.8738738738738738,0.6584084084084084,0.3415915915915916
2359,YOR375C YDL191W,0.0,NA,0.0002822497917804867,582,4384,2276,84,0.3901173901173901,0.11719693918646798,0.8738738738738738,0.6582582582582582,0.34174174174174177
2360,YFL024C YBR192W,0.0,NA,0.0002824172261171043,582,4383,2277,84,0.39025389025389023,0.11722054380664652,0.8738738738738738,0.6581081081081082,0.3418918918918919
2361,YDL028C YNL251C,0.0,NA,0.0002825580886565149,582,4382,2278,84,0.39039039039039036,0.11724415793714746,0.8738738738738738,0.657957957957958,0.342042042042042
2362,YPL237W YDL070W,0.0,NA,0.0002825861156452447,582,4381,2279,84,0.39052689052689055,0.11726778158371952,0.8738738738738738,0.6578078078078078,0.3421921921921922
2363,YGR119C YDR221W,0.0,NA,0.00028356039547361434,582,4380,2280,84,0.3906633906633907,0.11729141475211609,0.8738738738738738,0.6576576576576577,0.34234234234234234
2364,YMR244C-A YOR312C,0.0,NA,0.00028449922683648765,582,4379,2281,84,0.3907998907998908,0.11731505744809514,0.8738738738738738,0.6575075075075075,0.3424924924924925
2365,YOL108C YNL053W,0.0,NA,0.00028461156762205064,582,4378,2282,84,0.39093639093639093,0.11733870967741936,0.8738738738738738,0.6573573573573573,0.34264264264264266
2366,YDL002C YKR049C,0.0,NA,0.0002852834004443139,582,4377,2283,84,0.39107289107289106,0.11736237144585603,0.8738738738738738,0.6572072072072072,0.3427927927927928
2367,YBR211C YMR069W,0.0,NA,0.00028714630752801895,582,4376,2284,84,0.3912093912093912,0.11738604275917709,0.8738738738738738,0.6570570570570571,0.3429429429429429
2368,YNL302C YER072W,0.0,NA,0.0002873618504963815,582,4375,2285,84,0.3913458913458914,0.11740972362315917,0.8738738738738738,0.6569069069069069,0.3430930930930931
2369,YPL031C YLR320W,0.0,NA,0.00028826904599554837,582,4374,2286,84,0.3914823914823915,0.11743341404358354,0.8738738738738738,0.6567567567567567,0.34324324324324323
2370,YIR017C YFL010W-A,0.0,NA,0.00028847879730165005,582,4373,2287,84,0.39161889161889163,0.11745711402623613,0.8738738738738738,0.6566066066066066,0.3433933933933934
2371,YIL134W YKL059C,0.0,NA,0.0002899155660998076,582,4372,2288,84,0.39175539175539176,0.11748082357690755,0.8738738738738738,0.6564564564564564,0.34354354354354355
2372,YLR265C YFL048C,0.0,NA,0.0002900723193306476,582,4371,2289,84,0.3918918918918919,0.1175045427013931,0.8738738738738738,0.6563063063063063,0.3436936936936937
2373,YPL082C YNL272C,0.0,NA,0.00029096895013935864,582,4370,2290,84,0.392028392028392,0.11752827140549273,0.8738738738738738,0.6561561561561562,0.34384384384384387
2374,YJR045C YDR060W,0.0,NA,0.00029182626167312264,582,4369,2291,84,0.39216489216489214,0.1175520096950111,0.8738738738738738,0.656006006006006,0.343993993993994
2375,YAL027W YBR127C,0.0,NA,0.00029307595104910433,582,4368,2292,84,0.3923013923013923,0.11757575757575757,0.8738738738738738,0.6558558558558558,0.3441441441441441
2376,YLR363C YHR196W,0.0,NA,0.00029466874548234046,582,4367,2293,84,0.39243789243789245,0.11759951505354617,0.8738738738738738,0.6557057057057057,0.3442942942942943
2377,YLR095C YKL218C,0.0,NA,0.0002946951426565647,582,4366,2294,84,0.3925743925743926,0.11762328213419564,0.8738738738738738,0.6555555555555556,0.34444444444444444
2378,YBR211C YKL183W,0.0,NA,0.00029574529617093503,582,4365,2295,84,0.3927108927108927,0.11764705882352941,0.8738738738738738,0.6554054054054054,0.34459459459459457
2379,YPL250C YOR211C,0.0,NA,0.0002959912526421249,582,4364,2296,84,0.39284739284739284,0.11767084512737566,0.8738738738738738,0.6552552552552553,0.34474474474474476
2380,YNL290W YPR158W,0.0,NA,0.0002963179431390017,582,4363,2297,84,0.39298389298389297,0.11769464105156724,0.8738738738738738,0.6551051051051051,0.3448948948948949
2381,YLR409C YNL071W,0.0,NA,0.00029740590252913535,582,4362,2298,84,0.3931203931203931,0.11771844660194175,0.8738738738738738,0.6549549549549549,0.345045045045045
2382,YOR394W YDR508C,0.0,NA,0.0002997234696522355,582,4361,2299,84,0.3932568932568933,0.1177422617843415,0.8738738738738738,0.6548048048048049,0.3451951951951952
2383,YPL243W YPL258C,0.0,NA,0.00030021852580830455,582,4360,2300,84,0.3933933933933934,0.11776608660461352,0.8738738738738738,0.6546546546546547,0.34534534534534533
2384,YGR038W YDR434W,0.0,NA,0.00030117115238681436,582,4359,2301,84,0.39352989352989354,0.1177899210686096,0.8738738738738738,0.6545045045045045,0.3454954954954955
2385,YDR224C YBL061C,0.0,NA,0.0003011769149452448,582,4358,2302,84,0.39366639366639367,0.11781376518218624,0.8738738738738738,0.6543543543543544,0.34564564564564565
2386,YOL091W YGR034W,0.0,NA,0.00030226336093619466,582,4357,2303,84,0.3938028938028938,0.1178376189512047,0.8738738738738738,0.6542042042042042,0.3457957957957958
2387,YEL071W YFL002C,0.0,NA,0.0003025788173545152,582,4356,2304,84,0.3939393939393939,0.11786148238153099,0.8738738738738738,0.654054054054054,0.34594594594594597
2388,YIL053W YEL038W,0.0,NA,0.00030349002918228507,582,4355,2305,84,0.39407589407589405,0.11788535547903585,0.8738738738738738,0.6539039039039038,0.3460960960960961
2389,YCL063W YDR085C,0.0,NA,0.00030370306922122836,582,4354,2306,84,0.39421239421239423,0.11790923824959482,0.8738738738738738,0.6537537537537538,0.3462462462462462
2390,YJL105W YPR119W,0.0,NA,0.0003044376499019563,582,4353,2307,84,0.39434889434889436,0.11793313069908815,0.8738738738738738,0.6536036036036036,0.3463963963963964
2391,YGL056C YDR129C,0.0,NA,0.0003047045029234141,582,4352,2308,84,0.3944853944853945,0.1179570328334009,0.8738738738738738,0.6534534534534534,0.34654654654654654
2392,YBL061C YPL057C,0.0,NA,0.00030648024403490126,582,4351,2309,84,0.3946218946218946,0.11798094465842286,0.8738738738738738,0.6533033033033033,0.34669669669669667
2393,YJL059W YDL154W,0.0,NA,0.0003066161589231342,582,4350,2310,84,0.39475839475839475,0.11800486618004866,0.8738738738738738,0.6531531531531531,0.34684684684684686
2394,YLR086W YLR027C,0.0,NA,0.00030829544994048774,582,4349,2311,84,0.3948948948948949,0.11802879740417765,0.8738738738738738,0.653003003003003,0.346996996996997
2395,YMR055C YOL104C,0.0,NA,0.00030841599800623953,582,4348,2312,84,0.395031395031395,0.118052738336714,0.8738738738738738,0.6528528528528529,0.3471471471471472
2396,YPL143W YMR069W,0.0,NA,0.0003100658068433404,582,4347,2313,84,0.3951678951678952,0.11807668898356664,0.8738738738738738,0.6527027027027027,0.3472972972972973
2397,YIL051C YGR243W,0.0,NA,0.00031058266176842153,582,4346,2314,84,0.3953043953043953,0.11810064935064934,0.8738738738738738,0.6525525525525525,0.34744744744744743
2398,YIR027C YDR353W,0.0,NA,0.0003122089838143438,582,4345,2315,84,0.39544089544089545,0.11812461944388065,0.8738738738738738,0.6524024024024024,0.3475975975975976
2399,YGR095C YBL084C,0.0,NA,0.00031279498944059014,582,4344,2316,84,0.3955773955773956,0.11814859926918392,0.8738738738738738,0.6522522522522523,0.34774774774774775
2400,YOR026W YNL316C,0.0,NA,0.00031339170527644455,582,4343,2317,84,0.3957138957138957,0.11817258883248731,0.8738738738738738,0.6521021021021021,0.3478978978978979
2401,YHR179W YHR057C,0.0,NA,0.00031354709062725306,582,4342,2318,84,0.39585039585039583,0.11819658813972381,0.8738738738738738,0.651951951951952,0.34804804804804806
2402,YPL239W YER020W,0.0,NA,0.0003136642917525023,582,4341,2319,84,0.39598689598689596,0.1182205971968312,0.8738738738738738,0.6518018018018018,0.3481981981981982
2403,YLR320W YJR094W-A,0.0,NA,0.00031371842487715185,582,4340,2320,84,0.39612339612339614,0.11824461600975213,0.8738738738738738,0.6516516516516516,0.3483483483483483
2404,YBL020W YER037W,0.0,NA,0.0003139862383250147,582,4339,2321,84,0.39625989625989627,0.11826864458443406,0.8738738738738738,0.6515015015015015,0.3484984984984985
2405,YOL096C YJL197W,0.0,NA,0.0003151243145111948,582,4338,2322,84,0.3963963963963964,0.11829268292682926,0.8738738738738738,0.6513513513513514,0.34864864864864864
2406,YLR117C YLR213C,0.0,NA,0.00031568840495310724,582,4337,2323,84,0.39653289653289653,0.11831673104289489,0.8738738738738738,0.6512012012012012,0.3487987987987988
2407,YML124C YDR382W,0.0,NA,0.00031575735192745924,582,4336,2324,84,0.39666939666939666,0.11834078893859293,0.8738738738738738,0.6510510510510511,0.34894894894894896
2408,YGR092W YIL056W,0.0,NA,0.0003161226923111826,582,4335,2325,84,0.3968058968058968,0.11836485661989017,0.8738738738738738,0.6509009009009009,0.3490990990990991
2409,YNL123W YBR018C,0.0,NA,0.00031945231603458524,582,4334,2326,84,0.39694239694239697,0.11838893409275834,0.8738738738738738,0.6507507507507507,0.34924924924924927
2410,YKL009W YMR303C,0.0,NA,0.0003197786572854966,582,4333,2327,84,0.3970788970788971,0.11841302136317396,0.8738738738738738,0.6506006006006007,0.3493993993993994
2411,YNR017W YHR081W,0.0,NA,0.0003202152147423476,582,4332,2328,84,0.3972153972153972,0.11843711843711843,0.8738738738738738,0.6504504504504505,0.34954954954954953
2412,YDR216W YBR275C,0.0,NA,0.00032163489959202707,582,4331,2329,84,0.39735189735189735,0.11846122532057805,0.8738738738738738,0.6503003003003003,0.3496996996996997
2413,YDL168W YMR059W,0.0,NA,0.0003256096097175032,582,4330,2330,84,0.3974883974883975,0.11848534201954397,0.8738738738738738,0.6501501501501501,0.34984984984984985
2414,YEL040W YDR482C,0.0,NA,0.0003259242221247405,582,4329,2331,84,0.3976248976248976,0.11850946854001222,0.8738738738738738,0.65,0.35
2415,YPL030W YHR057C,0.0,NA,0.00032612751238048077,582,4328,2332,84,0.39776139776139774,0.1185336048879837,0.8738738738738738,0.6498498498498498,0.35015015015015016
2416,YKL144C YGR023W,0.0,NA,0.00032630073837935925,582,4327,2333,84,0.3978978978978979,0.11855775106946424,0.8738738738738738,0.6496996996996997,0.3503003003003003
2417,YIR031C YJL209W,1.0,NA,0.000326365465298295,581,4327,2333,85,0.39776139776139774,0.11837815810920946,0.8723723723723724,0.6496996996996997,0.3503003003003003
2418,YER056C YGR254W,0.0,NA,0.0003270092129241675,581,4326,2334,85,0.3978978978978979,0.11840228245363767,0.8723723723723724,0.6495495495495496,0.3504504504504504
2419,YGL238W YGR046W,0.0,NA,0.0003285961865913123,581,4325,2335,85,0.39803439803439805,0.11842641663269465,0.8723723723723724,0.6493993993993994,0.3506006006006006
2420,YOL030W YER078C,0.0,NA,0.0003304273122921586,581,4324,2336,85,0.3981708981708982,0.11845056065239551,0.8723723723723724,0.6492492492492492,0.35075075075075074
2421,YIL160C YER159C,0.0,NA,0.0003319827083032578,581,4323,2337,85,0.3983073983073983,0.1184747145187602,0.8723723723723724,0.6490990990990991,0.3509009009009009
2422,YDL132W YLR189C,0.0,NA,0.00033223064383491874,581,4322,2338,85,0.39844389844389844,0.11849887823781359,0.8723723723723724,0.648948948948949,0.35105105105105106
2423,YKL211C YCR018C,0.0,NA,0.0003328761085867882,581,4321,2339,85,0.39858039858039856,0.11852305181558548,0.8723723723723724,0.6487987987987988,0.3512012012012012
2424,YPL129W YLR160C,0.0,NA,0.0003344733559060842,581,4320,2340,85,0.3987168987168987,0.11854723525811059,0.8723723723723724,0.6486486486486487,0.35135135135135137
2425,YML015C YLR016C,0.0,NA,0.00033507111947983503,581,4319,2341,85,0.3988533988533989,0.11857142857142858,0.8723723723723724,0.6484984984984985,0.3515015015015015
2426,YML058W-A YLR277C,0.0,NA,0.00033513118978589773,581,4318,2342,85,0.398989898989899,0.118595631761584,0.8723723723723724,0.6483483483483483,0.35165165165165163
2427,YKL073W YBR121C,0.0,NA,0.00033544222242198884,581,4317,2343,85,0.39912639912639913,0.11861984483462638,0.8723723723723724,0.6481981981981982,0.3518018018018018
2428,YLR205C YDR481C,0.0,NA,0.0003361340204719454,581,4316,2344,85,0.39926289926289926,0.11864406779661017,0.8723723723723724,0.648048048048048,0.35195195195195195
2429,YNL328C YGL110C,0.0,NA,0.0003367524186614901,581,4315,2345,85,0.3993993993993994,0.11866830065359477,0.8723723723723724,0.6478978978978979,0.3521021021021021
2430,YIR031C YKL141W,1.0,NA,0.00033688213443383574,580,4315,2345,86,0.39926289926289926,0.118488253319714,0.8708708708708709,0.6478978978978979,0.3521021021021021
2431,YLR443W YJR072C,0.0,NA,0.00033699648338370025,580,4314,2346,86,0.3993993993993994,0.11851246424192889,0.8708708708708709,0.6477477477477478,0.35225225225225226
2432,YGR092W YGL004C,0.0,NA,0.00033735105535015464,580,4313,2347,86,0.3995358995358995,0.1185366850602902,0.8708708708708709,0.6475975975975976,0.3524024024024024
2433,YML009C YDR425W,0.0,NA,0.0003399701090529561,580,4312,2348,86,0.39967239967239965,0.11856091578086672,0.8708708708708709,0.6474474474474474,0.3525525525525526
2434,YNL045W YBR004C,0.0,NA,0.00034130612039007246,580,4311,2349,86,0.39980889980889983,0.11858515640973216,0.8708708708708709,0.6472972972972973,0.3527027027027027
2435,YLR115W YLR213C,0.0,NA,0.0003420148859731853,580,4310,2350,86,0.39994539994539996,0.11860940695296524,0.8708708708708709,0.6471471471471472,0.35285285285285284
2436,YML111W YMR112C,0.0,NA,0.0003423743764869869,580,4309,2351,86,0.4000819000819001,0.11863366741664962,0.8708708708708709,0.646996996996997,0.353003003003003
2437,YBR223C YGR103W,0.0,NA,0.00034283293643966317,580,4308,2352,86,0.4002184002184002,0.11865793780687398,0.8708708708708709,0.6468468468468469,0.35315315315315315
2438,YKL216W YJR013W,0.0,NA,0.00034352130023762584,580,4307,2353,86,0.40035490035490034,0.11868221812973194,0.8708708708708709,0.6466966966966967,0.3533033033033033
2439,YLR097C YPR021C,0.0,NA,0.0003449738724157214,580,4306,2354,86,0.4004914004914005,0.11870650839132214,0.8708708708708709,0.6465465465465465,0.35345345345345347
2440,YOR067C YDR405W,0.0,NA,0.00034575682366266847,580,4305,2355,86,0.4006279006279006,0.1187308085977482,0.8708708708708709,0.6463963963963963,0.3536036036036036
2441,YPL246C YBL079W,0.0,NA,0.00034620772930793464,580,4304,2356,86,0.4007644007644008,0.11875511875511875,0.8708708708708709,0.6462462462462463,0.35375375375375373
2442,YNR067C YDR069C,0.0,NA,0.0003505338099785149,580,4303,2357,86,0.4009009009009009,0.11877943886954741,0.8708708708708709,0.6460960960960961,0.3539039039039039
2443,YOR106W YNR016C,0.0,NA,0.00035109766758978367,580,4302,2358,86,0.40103740103740104,0.1188037689471528,0.8708708708708709,0.6459459459459459,0.35405405405405405
2444,YPR192W YLR432W,0.0,NA,0.000351555208908394,580,4301,2359,86,0.40117390117390117,0.1188281089940586,0.8708708708708709,0.6457957957957958,0.35420420420420423
2445,YPR119W YDR201W,0.0,NA,0.0003518908633850515,580,4300,2360,86,0.4013104013104013,0.11885245901639344,0.8708708708708709,0.6456456456456456,0.35435435435435436
2446,YLR380W YDR064W,0.0,NA,0.00035274901892989874,580,4299,2361,86,0.4014469014469014,0.11887681902029104,0.8708708708708709,0.6454954954954955,0.3545045045045045
2447,YNL115C YDR039C,0.0,NA,0.00035443887463770807,580,4298,2362,86,0.40158340158340156,0.11890118901189012,0.8708708708708709,0.6453453453453454,0.3546546546546547
2448,YDR216W YDL220C,0.0,NA,0.0003555855364538729,580,4297,2363,86,0.40171990171990174,0.11892556899733443,0.8708708708708709,0.6451951951951952,0.3548048048048048
2449,YHR085W YPR193C,0.0,NA,0.00035576149821281433,580,4296,2364,86,0.40185640185640187,0.11894995898277276,0.8708708708708709,0.645045045045045,0.35495495495495494
2450,YGR041W YDR293C,0.0,NA,0.0003571735287550837,580,4295,2365,86,0.401992901992902,0.11897435897435897,0.8708708708708709,0.6448948948948949,0.3551051051051051
2451,YOR375C YNR016C,0.0,NA,0.00035719427978619933,580,4294,2366,86,0.4021294021294021,0.11899876897825194,0.8708708708708709,0.6447447447447447,0.35525525525525525
2452,YML006C YJL052W,0.0,NA,0.0003610172716435045,580,4293,2367,86,0.40226590226590225,0.11902318900061563,0.8708708708708709,0.6445945945945946,0.3554054054054054
2453,YKL040C YLL015W,0.0,NA,0.0003612637519836426,580,4292,2368,86,0.4024024024024024,0.11904761904761904,0.8708708708708709,0.6444444444444445,0.35555555555555557
2454,YCR066W YDL243C,0.0,NA,0.0003630327992141247,580,4291,2369,86,0.40253890253890257,0.11907205912543625,0.8708708708708709,0.6442942942942943,0.3557057057057057
2455,YPL234C YHR096C,0.0,NA,0.000363238767022267,580,4290,2370,86,0.4026754026754027,0.11909650924024641,0.8708708708708709,0.6441441441441441,0.35585585585585583
2456,YAR002W YBL063W,0.0,NA,0.00036510065547190607,580,4289,2371,86,0.4028119028119028,0.11912096939823372,0.8708708708708709,0.643993993993994,0.356006006006006
2457,YER159C YPL258C,0.0,NA,0.00036643652128987014,580,4288,2372,86,0.40294840294840295,0.11914543960558752,0.8708708708708709,0.6438438438438439,0.35615615615615615
2458,YHR096C YKR104W,0.0,NA,0.00036775865009985864,580,4287,2373,86,0.4030849030849031,0.11916991986850216,0.8708708708708709,0.6436936936936937,0.35630630630630633
2459,YGL263W YBR058C,0.0,NA,0.0003690198063850403,580,4286,2374,86,0.4032214032214032,0.11919441019317714,0.8708708708708709,0.6435435435435436,0.35645645645645646
2460,YNL008C YHR091C,0.0,NA,0.0003695746709126979,580,4285,2375,86,0.40335790335790334,0.11921891058581706,0.8708708708708709,0.6433933933933934,0.3566066066066066
2461,YDL232W YOR074C,0.0,NA,0.0003705907438416034,580,4284,2376,86,0.4034944034944035,0.11924342105263158,0.8708708708708709,0.6432432432432432,0.3567567567567568
2462,YLR309C YGR108W,0.0,NA,0.00037078862078487873,580,4283,2377,86,0.40363090363090365,0.11926794159983549,0.8708708708708709,0.643093093093093,0.3569069069069069
2463,YPR021C YKR104W,0.0,NA,0.00037115500890649855,580,4282,2378,86,0.4037674037674038,0.11929247223364871,0.8708708708708709,0.642942942942943,0.35705705705705704
2464,YNL189W YMR303C,0.0,NA,0.00037337164394557476,580,4281,2379,86,0.4039039039039039,0.11931701296029623,0.8708708708708709,0.6427927927927928,0.3572072072072072
2465,YKL139W YLR142W,0.0,NA,0.00037404996692202985,580,4280,2380,86,0.40404040404040403,0.11934156378600823,0.8708708708708709,0.6426426426426426,0.35735735735735735
2466,YGR091W YOR167C,0.0,NA,0.00037407741183415055,580,4279,2381,86,0.40417690417690416,0.11936612471701996,0.8708708708708709,0.6424924924924925,0.3575075075075075
2467,YNL297C YBL068W,0.0,NA,0.00037556170718744397,580,4278,2382,86,0.4043134043134043,0.11939069575957184,0.8708708708708709,0.6423423423423423,0.35765765765765767
2468,YKL090W YGL151W,0.0,NA,0.00037762458669021726,580,4277,2383,86,0.4044499044499045,0.11941527691990941,0.8708708708708709,0.6421921921921921,0.3578078078078078
2469,YNL081C YDL001W,0.0,NA,0.0003799848782364279,580,4276,2384,86,0.4045864045864046,0.11943986820428336,0.8708708708708709,0.6420420420420421,0.357957957957958
2470,YJR139C YPR049C,0.0,NA,0.00038026642869226635,580,4275,2385,86,0.40472290472290473,0.11946446961894953,0.8708708708708709,0.6418918918918919,0.3581081081081081
2471,YKL194C YDR389W,0.0,NA,0.0003806570894084871,580,4274,2386,86,0.40485940485940486,0.11948908117016893,0.8708708708708709,0.6417417417417417,0.35825825825825824
2472,YDL154W YOR046C,0.0,NA,0.00038293004035949707,580,4273,2387,86,0.404995904995905,0.1195137028642077,0.8708708708708709,0.6415915915915916,0.35840840840840843
2473,YNL244C YOR079C,0.0,NA,0.00038368572131730616,580,4272,2388,86,0.4051324051324051,0.11953833470733718,0.8708708708708709,0.6414414414414414,0.35855855855855856
2474,YML088W YKL159C,0.0,NA,0.00038667023181915283,580,4271,2389,86,0.40526890526890524,0.11956297670583385,0.8708708708708709,0.6412912912912913,0.3587087087087087
2475,YJR006W YNR043W,0.0,NA,0.0003883784811478108,580,4270,2390,86,0.40540540540540543,0.11958762886597939,0.8708708708708709,0.6411411411411412,0.3588588588588589
2476,YMR061W YBL054W,0.0,NA,0.00038972293259575963,580,4269,2391,86,0.40554190554190556,0.11961229119406062,0.8708708708708709,0.640990990990991,0.359009009009009
2477,YOR161C YDR201W,0.0,NA,0.00039043131982907653,580,4268,2392,86,0.4056784056784057,0.11963696369636964,0.8708708708708709,0.6408408408408408,0.35915915915915914
2478,YDL035C YJL061W,0.0,NA,0.0003905291960109025,580,4267,2393,86,0.4058149058149058,0.11966164637920364,0.8708708708708709,0.6406906906906907,0.3593093093093093
2479,YOR167C YLR409C,0.0,NA,0.00039101127185858786,580,4266,2394,86,0.40595140595140594,0.11968633924886504,0.8708708708708709,0.6405405405405405,0.35945945945945945
2480,YGL002W YGL097W,0.0,NA,0.0003911425010301173,580,4265,2395,86,0.40608790608790607,0.1197110423116615,0.8708708708708709,0.6403903903903904,0.35960960960960964
2481,YDR201W YAL029C,0.0,NA,0.0003913066175300628,580,4264,2396,86,0.4062244062244062,0.11973575557390587,0.8708708708708709,0.6402402402402403,0.35975975975975977
2482,YLR234W YHR069C,0.0,NA,0.00039168877992779016,580,4263,2397,86,0.4063609063609064,0.11976047904191617,0.8708708708708709,0.6400900900900901,0.3599099099099099
2483,YOR311C YJL164C,0.0,NA,0.0003941519244108349,580,4262,2398,86,0.4064974064974065,0.1197852127220157,0.8708708708708709,0.6399399399399399,0.3600600600600601
2484,YGR103W YPL069C,0.0,NA,0.0003945922071579844,580,4261,2399,86,0.40663390663390664,0.11980995662053295,0.8708708708708709,0.6397897897897898,0.3602102102102102
2485,YOR311C YPL166W,0.0,NA,0.0003958596207667142,580,4260,2400,86,0.40677040677040677,0.11983471074380166,0.8708708708708709,0.6396396396396397,0.36036036036036034
2486,YGR281W YGR194C,0.0,NA,0.000396865070797503,580,4259,2401,86,0.4069069069069069,0.11985947509816078,0.8708708708708709,0.6394894894894895,0.36051051051051053
2487,YGL044C YOR229W,0.0,NA,0.0003977009328082204,580,4258,2402,86,0.407043407043407,0.11988424968995452,0.8708708708708709,0.6393393393393393,0.36066066066066066
2488,YBL013W YIL030C,0.0,NA,0.0003980957844760269,580,4257,2403,86,0.40717990717990715,0.11990903452553235,0.8708708708708709,0.6391891891891892,0.3608108108108108
2489,YML097C YDR283C,0.0,NA,0.0003989836841356009,580,4256,2404,86,0.40731640731640734,0.11993382961124896,0.8708708708708709,0.639039039039039,0.360960960960961
2490,YOL091W YLR096W,0.0,NA,0.0003999574400950223,580,4255,2405,86,0.40745290745290746,0.11995863495346432,0.8708708708708709,0.6388888888888888,0.3611111111111111
2491,YGR041W YBL084C,0.0,NA,0.00040055380668491125,580,4254,2406,86,0.4075894075894076,0.11998345055854365,0.8708708708708709,0.6387387387387388,0.36126126126126124
2492,YBR280C YMR012W,0.0,NA,0.0004057598125655204,580,4253,2407,86,0.4077259077259077,0.12000827643285744,0.8708708708708709,0.6385885885885886,0.3614114114114114
2493,YKL210W YPL190C,0.0,NA,0.00040612550219520926,580,4252,2408,86,0.40786240786240785,0.12003311258278146,0.8708708708708709,0.6384384384384384,0.36156156156156155
2494,YIR037W YNL088W,0.0,NA,0.0004068800189998001,580,4251,2409,86,0.407998907998908,0.12005795901469675,0.8708708708708709,0.6382882882882883,0.36171171171171174
2495,YHR085W YER147C,0.0,NA,0.0004069451824761927,580,4250,2410,86,0.40813540813540816,0.12008281573498965,0.8708708708708709,0.6381381381381381,0.36186186186186187
2496,YGL203C YGL167C,0.0,NA,0.0004070352006237954,580,4249,2411,86,0.4082719082719083,0.12010768275005176,0.8708708708708709,0.637987987987988,0.362012012012012
2497,YOR236W YOR158W,0.0,NA,0.000409330939874053,580,4248,2412,86,0.4084084084084084,0.12013256006628004,0.8708708708708709,0.6378378378378379,0.3621621621621622
2498,YJL164C YCL012W,0.0,NA,0.00040948353125713766,580,4247,2413,86,0.40854490854490855,0.12015744769007665,0.8708708708708709,0.6376876876876877,0.3623123123123123
2499,YGR281W YLR204W,0.0,NA,0.0004095468029845506,580,4246,2414,86,0.4086814086814087,0.12018234562784914,0.8708708708708709,0.6375375375375375,0.36246246246246244
2500,YER129W YJR063W,0.0,NA,0.0004118896904401481,580,4245,2415,86,0.4088179088179088,0.12020725388601036,0.8708708708708709,0.6373873873873874,0.36261261261261263
2501,YPR023C YOR107W,0.0,NA,0.0004122644604649395,580,4244,2416,86,0.40895440895440893,0.12023217247097844,0.8708708708708709,0.6372372372372372,0.36276276276276276
2502,YDR085C YBL031W,0.0,NA,0.00041285791667178273,580,4243,2417,86,0.4090909090909091,0.12025710138917686,0.8708708708708709,0.6370870870870871,0.3629129129129129
2503,YGL110C YNL241C,0.0,NA,0.0004148075240664184,580,4242,2418,86,0.40922740922740924,0.12028204064703442,0.8708708708708709,0.636936936936937,0.3630630630630631
2504,YOR349W YNL316C,0.0,NA,0.0004151429748162627,580,4241,2419,86,0.4093639093639094,0.12030699025098528,0.8708708708708709,0.6367867867867868,0.3632132132132132
2505,YBL027W YDL126C,0.0,NA,0.00041547397268004715,580,4240,2420,86,0.4095004095004095,0.12033195020746888,0.8708708708708709,0.6366366366366366,0.3633633633633634
2506,YER190W YHR103W,0.0,NA,0.00041556902579031885,580,4239,2421,86,0.40963690963690963,0.12035692052293007,0.8708708708708709,0.6364864864864865,0.3635135135135135
2507,YPR178W YGR047C,0.0,NA,0.0004164529964327812,580,4238,2422,86,0.40977340977340976,0.12038190120381902,0.8708708708708709,0.6363363363363364,0.36366366366366365
2508,YDL126C YGL252C,0.0,NA,0.00041747611248865724,580,4237,2423,86,0.4099099099099099,0.12040689225659124,0.8708708708708709,0.6361861861861862,0.36381381381381384
2509,YIR010W YOR215C,0.0,NA,0.0004181551921647042,580,4236,2424,86,0.41004641004641007,0.12043189368770764,0.8708708708708709,0.6360360360360361,0.36396396396396397
2510,YGL053W YDR341C,0.0,NA,0.00041833979776129127,580,4235,2425,86,0.4101829101829102,0.12045690550363447,0.8708708708708709,0.6358858858858859,0.3641141141141141
2511,YBR101C YNL241C,0.0,NA,0.0004186972801107913,580,4234,2426,86,0.4103194103194103,0.12048192771084337,0.8708708708708709,0.6357357357357357,0.3642642642642643
2512,YPL259C YDL061C,0.0,NA,0.00041968829464167356,580,4233,2427,86,0.41045591045591046,0.12050696031581135,0.8708708708708709,0.6355855855855855,0.3644144144144144
2513,YOR038C YJR073C,0.0,NA,0.00042211738764308393,580,4232,2428,86,0.4105924105924106,0.12053200332502079,0.8708708708708709,0.6354354354354355,0.36456456456456454
2514,YGL070C YIR028W,0.0,NA,0.00042225903598591685,580,4231,2429,86,0.4107289107289107,0.12055705674495946,0.8708708708708709,0.6352852852852853,0.3647147147147147
2515,YMR048W YHR017W,0.0,NA,0.0004223077557981014,580,4230,2430,86,0.41086541086541084,0.12058212058212059,0.8708708708708709,0.6351351351351351,0.36486486486486486
2516,YLR097C YPR093C,0.0,NA,0.00042258278699591756,580,4229,2431,86,0.411001911001911,0.1206071948430027,0.8708708708708709,0.634984984984985,0.365015015015015
2517,YML024W YOR077W,0.0,NA,0.00042271093116141856,580,4228,2432,86,0.41113841113841115,0.12063227953410982,0.8708708708708709,0.6348348348348348,0.3651651651651652
2518,YML009C YPL086C,0.0,NA,0.0004232854989822954,580,4227,2433,86,0.4112749112749113,0.12065737466195132,0.8708708708708709,0.6346846846846846,0.3653153153153153
2519,YMR192W YJR099W,0.0,NA,0.0004253260849509388,580,4226,2434,86,0.4114114114114114,0.12068248023304202,0.8708708708708709,0.6345345345345346,0.3654654654654655
2520,YNL158W YLR098C,0.0,NA,0.00042599564767442644,580,4225,2435,86,0.41154791154791154,0.12070759625390219,0.8708708708708709,0.6343843843843844,0.3656156156156156
2521,YML078W YDR182W,0.0,NA,0.000426664570113644,580,4224,2436,86,0.41168441168441167,0.12073272273105745,0.8708708708708709,0.6342342342342342,0.36576576576576575
2522,YDR461W YDR085C,0.0,NA,0.00042695627780631185,580,4223,2437,86,0.4118209118209118,0.12075785967103893,0.8708708708708709,0.6340840840840841,0.36591591591591593
2523,YNR039C YMR091C,0.0,NA,0.0004278974956832826,580,4222,2438,86,0.411957411957412,0.12078300708038317,0.8708708708708709,0.6339339339339339,0.36606606606606606
2524,YOL091W YDR462W,0.0,NA,0.00042901906999759376,580,4221,2439,86,0.4120939120939121,0.12080816496563215,0.8708708708708709,0.6337837837837837,0.3662162162162162
2525,YAL029C YPR158W,0.0,NA,0.0004312446981202811,580,4220,2440,86,0.41223041223041224,0.12083333333333333,0.8708708708708709,0.6336336336336337,0.3663663663663664
2526,YJL148W YGR120C,0.0,NA,0.0004314626567065716,580,4219,2441,86,0.41236691236691236,0.1208585121900396,0.8708708708708709,0.6334834834834835,0.3665165165165165
2527,YMR279C YGL035C,0.0,NA,0.0004326475609559566,580,4218,2442,86,0.4125034125034125,0.12088370154230929,0.8708708708708709,0.6333333333333333,0.36666666666666664
2528,YIL166C YHL033C,0.0,NA,0.0004330730007495731,580,4217,2443,86,0.4126399126399126,0.12090890139670628,0.8708708708708709,0.6331831831831832,0.3668168168168168
2529,YCL063W YOR198C,0.0,NA,0.0004345144843682647,580,4216,2444,86,0.41277641277641275,0.12093411175979983,0.8708708708708709,0.633033033033033,0.36696696696696696
2530,YDR460W YDR201W,0.0,NA,0.0004345252818893641,580,4215,2445,86,0.41291291291291293,0.12095933263816476,0.8708708708708709,0.6328828828828829,0.36711711711711714
2531,YNR054C YLR109W,0.0,NA,0.00043691854807548225,580,4214,2446,86,0.41304941304941306,0.12098456403838131,0.8708708708708709,0.6327327327327328,0.36726726726726727
2532,YKL178C YKL145W,0.0,NA,0.00043734480277635157,580,4213,2447,86,0.4131859131859132,0.12100980596703526,0.8708708708708709,0.6325825825825826,0.3674174174174174
2533,YPL246C YNL059C,0.0,NA,0.0004375062126200646,580,4212,2448,86,0.4133224133224133,0.12103505843071787,0.8708708708708709,0.6324324324324324,0.3675675675675676
2534,YNL166C YLR095C,0.0,NA,0.00043913113768212497,580,4211,2449,86,0.41345891345891345,0.12106032143602588,0.8708708708708709,0.6322822822822823,0.3677177177177177
2535,YGL211W YER058W,0.0,NA,0.0004402154008857906,580,4210,2450,86,0.4135954135954136,0.12108559498956159,0.8708708708708709,0.6321321321321322,0.36786786786786785
2536,YLR310C YDR412W,0.0,NA,0.0004432843707036227,580,4209,2451,86,0.41373191373191376,0.12111087909793276,0.8708708708708709,0.631981981981982,0.36801801801801803
2537,YGL095C YBR014C,0.0,NA,0.0004463712975848466,580,4208,2452,86,0.4138684138684139,0.12113617376775271,0.8708708708708709,0.6318318318318318,0.36816816816816816
2538,YIL144W YIL076W,0.0,NA,0.00044730285299010575,580,4207,2453,86,0.414004914004914,0.12116147900564028,0.8708708708708709,0.6316816816816817,0.3683183183183183
2539,YJL092W YGL017W,0.0,NA,0.0004503027303144336,580,4206,2454,86,0.41414141414141414,0.12118679481821981,0.8708708708708709,0.6315315315315315,0.3684684684684685
2540,YLR182W YGR033C,0.0,NA,0.00045036536175757647,580,4205,2455,86,0.41427791427791427,0.12121212121212122,0.8708708708708709,0.6313813813813813,0.3686186186186186
2541,YHR079C-A YDR323C,0.0,NA,0.00045315935858525336,580,4204,2456,86,0.4144144144144144,0.12123745819397994,0.8708708708708709,0.6312312312312313,0.3687687687687688
2542,YKL211C YJL138C,0.0,NA,0.000454037101007998,580,4203,2457,86,0.41455091455091453,0.12126280577043697,0.8708708708708709,0.6310810810810811,0.3689189189189189
2543,YNL116W YMR069W,0.0,NA,0.0004546334967017174,580,4202,2458,86,0.4146874146874147,0.12128816394813885,0.8708708708708709,0.6309309309309309,0.36906906906906906
2544,YLR139C YLR028C,1.0,NA,0.0004546846030279994,579,4202,2458,87,0.41455091455091453,0.12110437147040368,0.8693693693693694,0.6309309309309309,0.36906906906906906
2545,YCL063W YPL220W,0.0,NA,0.0004571004246827215,579,4201,2459,87,0.4146874146874147,0.1211297071129707,0.8693693693693694,0.6307807807807808,0.36921921921921924
2546,YOL049W YGL195W,0.0,NA,0.0004571744939312339,579,4200,2460,87,0.41482391482391484,0.12115505335844319,0.8693693693693694,0.6306306306306306,0.36936936936936937
2547,YJL008C YBR275C,0.0,NA,0.00045809103175997734,579,4199,2461,87,0.41496041496041497,0.12118041021347845,0.8693693693693694,0.6304804804804804,0.3695195195195195
2548,YLR085C YPL087W,0.0,NA,0.00045838934602215886,579,4198,2462,87,0.4150969150969151,0.12120577768473938,0.8693693693693694,0.6303303303303304,0.3696696696696697
2549,YLR340W YDL192W,0.0,NA,0.00045975204557180405,579,4197,2463,87,0.4152334152334152,0.12123115577889447,0.8693693693693694,0.6301801801801802,0.3698198198198198
2550,YLR321C YPL164C,0.0,NA,0.0004598169180098921,579,4196,2464,87,0.41536991536991535,0.1212565445026178,0.8693693693693694,0.63003003003003,0.36996996996996995
2551,YDR228C YPL230W,0.0,NA,0.00046072425902821124,579,4195,2465,87,0.4155064155064155,0.12128194386258902,0.8693693693693694,0.6298798798798799,0.37012012012012013
2552,YPL239W YLR132C,0.0,NA,0.00046208332059904933,579,4194,2466,87,0.41564291564291567,0.1213073538654934,0.8693693693693694,0.6297297297297297,0.37027027027027026
2553,YDR129C YKL145W,0.0,NA,0.00046440778532996774,579,4193,2467,87,0.4157794157794158,0.1213327745180218,0.8693693693693694,0.6295795795795796,0.3704204204204204
2554,YLR342W YNL233W,0.0,NA,0.0004645605222322047,579,4192,2468,87,0.4159159159159159,0.12135820582687068,0.8693693693693694,0.6294294294294295,0.3705705705705706
2555,YLR371W YKL103C,0.0,NA,0.0004651756025850773,579,4191,2469,87,0.41605241605241605,0.12138364779874214,0.8693693693693694,0.6292792792792793,0.3707207207207207
2556,YDL083C YBL020W,0.0,NA,0.00046532636042684317,579,4190,2470,87,0.4161889161889162,0.12140910044034389,0.8693693693693694,0.6291291291291291,0.3708708708708709
2557,YJL151C YMR183C,0.0,NA,0.00046628635027445853,579,4189,2471,87,0.4163254163254163,0.12143456375838926,0.8693693693693694,0.628978978978979,0.371021021021021
2558,YOR129C YGR081C,0.0,NA,0.0004673039948102087,579,4188,2472,87,0.41646191646191644,0.12146003775959723,0.8693693693693694,0.6288288288288288,0.37117117117117115
2559,YOL072W YBR058C,0.0,NA,0.0004674211668316275,579,4187,2473,87,0.4165984165984166,0.1214855224506924,0.8693693693693694,0.6286786786786787,0.37132132132132134
2560,YIR032C YPR119W,0.0,NA,0.00046843141899444163,579,4186,2474,87,0.41673491673491675,0.12151101783840504,0.8693693693693694,0.6285285285285285,0.37147147147147147
2561,YCR043C YGL031C,0.0,NA,0.0004694787785410881,579,4185,2475,87,0.4168714168714169,0.12153652392947104,0.8693693693693694,0.6283783783783784,0.3716216216216216
2562,YCR005C YGL040C,1.0,NA,0.0004695410025306046,578,4185,2475,88,0.41673491673491675,0.1213520890195255,0.8678678678678678,0.6283783783783784,0.3716216216216216
2563,YJL198W YNL157W,0.0,NA,0.0004703311715275049,578,4184,2476,88,0.4168714168714169,0.12137757244855103,0.8678678678678678,0.6282282282282282,0.3717717717717718
2564,YOR009W YMR183C,0.0,NA,0.00047137876390479505,578,4183,2477,88,0.417007917007917,0.12140306658265071,0.8678678678678678,0.628078078078078,0.3719219219219219
2565,YGL126W YDR091C,0.0,NA,0.0004719884891528636,578,4182,2478,88,0.41714441714441713,0.12142857142857143,0.8678678678678678,0.627927927927928,0.37207207207207205
2566,YCR063W YHR070W,0.0,NA,0.00047333023394457996,578,4181,2479,88,0.41728091728091726,0.12145408699306577,0.8678678678678678,0.6277777777777778,0.37222222222222223
2567,YER159C YAL027W,0.0,NA,0.00047391888801939785,578,4180,2480,88,0.4174174174174174,0.12147961328289197,0.8678678678678678,0.6276276276276276,0.37237237237237236
2568,YJL053W YKL135C,0.0,NA,0.0004762847092933953,578,4179,2481,88,0.4175539175539176,0.12150515030481396,0.8678678678678678,0.6274774774774775,0.37252252252252255
2569,YJL184W YOR009W,0.0,NA,0.0004794711130671203,578,4178,2482,88,0.4176904176904177,0.12153069806560135,0.8678678678678678,0.6273273273273273,0.3726726726726727
2570,YDL083C YCL029C,0.0,NA,0.000479918293422088,578,4177,2483,88,0.41782691782691783,0.12155625657202944,0.8678678678678678,0.6271771771771771,0.3728228228228228
2571,YLR445W YHR057C,0.0,NA,0.00048293560394085944,578,4176,2484,88,0.41796341796341796,0.12158182583087926,0.8678678678678678,0.6270270270270271,0.372972972972973
2572,YMR061W YIL071C,0.0,NA,0.0004840065666940063,578,4175,2485,88,0.4180999180999181,0.12160740584893752,0.8678678678678678,0.6268768768768769,0.3731231231231231
2573,YIL160C YJL008C,0.0,NA,0.0004843605565838516,578,4174,2486,88,0.4182364182364182,0.12163299663299663,0.8678678678678678,0.6267267267267267,0.37327327327327325
2574,YLR095C YPR086W,0.0,NA,0.0004856485757045448,578,4173,2487,88,0.41837291837291835,0.12165859818985476,0.8678678678678678,0.6265765765765766,0.37342342342342344
2575,YPR143W YDR461W,0.0,NA,0.0004856541636399925,578,4172,2488,88,0.41850941850941853,0.12168421052631578,0.8678678678678678,0.6264264264264264,0.37357357357357357
2576,YDR134C YGL156W,0.0,NA,0.0004894762532785535,578,4171,2489,88,0.41864591864591866,0.1217098336491893,0.8678678678678678,0.6262762762762762,0.3737237237237237
2577,YPL154C YCL029C,0.0,NA,0.0004920740029774606,578,4170,2490,88,0.4187824187824188,0.12173546756529065,0.8678678678678678,0.6261261261261262,0.3738738738738739
2578,YJL051W YMR183C,0.0,NA,0.0004935532342642546,578,4169,2491,88,0.4189189189189189,0.12176111228144092,0.8678678678678678,0.625975975975976,0.374024024024024
2579,YOR129C YLR273C,0.0,NA,0.0004952611052431166,578,4168,2492,88,0.41905541905541904,0.12178676780446691,0.8678678678678678,0.6258258258258258,0.3741741741741742
2580,YGL059W YML005W,0.0,NA,0.0004954244941473007,578,4167,2493,88,0.41919191919191917,0.12181243414120127,0.8678678678678678,0.6256756756756757,0.37432432432432433
2581,YNL330C YLR213C,0.0,NA,0.0004970739246346056,578,4166,2494,88,0.41932841932841936,0.1218381112984823,0.8678678678678678,0.6255255255255255,0.37447447447447446
2582,YDL061C YDR039C,0.0,NA,0.0004979745135642588,578,4165,2495,88,0.4194649194649195,0.12186379928315412,0.8678678678678678,0.6253753753753754,0.37462462462462465
2583,YHR206W YGL156W,0.0,NA,0.0005043912096880376,578,4164,2496,88,0.4196014196014196,0.12188949810206663,0.8678678678678678,0.6252252252252253,0.3747747747747748
2584,YBL051C YLR157C,0.0,NA,0.0005047539016231894,578,4163,2497,88,0.41973791973791974,0.12191520776207551,0.8678678678678678,0.6250750750750751,0.3749249249249249
2585,YJL058C YOR116C,0.0,NA,0.0005062494892627001,578,4162,2498,88,0.41987441987441987,0.1219409282700422,0.8678678678678678,0.6249249249249249,0.3750750750750751
2586,YOR099W YPR002W,0.0,NA,0.0005068462924100459,578,4161,2499,88,0.42001092001092,0.12196665963283393,0.8678678678678678,0.6247747747747747,0.3752252252252252
2587,YGL049C YOR126C,0.0,NA,0.0005078638205304742,578,4160,2500,88,0.4201474201474201,0.12199240185732377,0.8678678678678678,0.6246246246246246,0.37537537537537535
2588,YLR360W YBR044C,0.0,NA,0.000508611265104264,578,4159,2501,88,0.4202839202839203,0.12201815495039055,0.8678678678678678,0.6244744744744745,0.37552552552552554
2589,YDL248W YPL155C,0.0,NA,0.0005094011430628598,578,4158,2502,88,0.42042042042042044,0.12204391891891891,0.8678678678678678,0.6243243243243243,0.37567567567567567
2590,YLR204W YJL197W,0.0,NA,0.0005094307707622647,578,4157,2503,88,0.42055692055692057,0.12206969376979937,0.8678678678678678,0.6241741741741742,0.3758258258258258
2591,YPL051W YCR066W,0.0,NA,0.0005108009791001678,578,4156,2504,88,0.4206934206934207,0.12209547950992818,0.8678678678678678,0.624024024024024,0.375975975975976
2592,YHR002W YNL067W,0.0,NA,0.000512083584908396,578,4155,2505,88,0.4208299208299208,0.12212127614620748,0.8678678678678678,0.6238738738738738,0.3761261261261261
2593,YLR376C YER053C,0.0,NA,0.0005193662364035845,578,4154,2506,88,0.42096642096642095,0.12214708368554522,0.8678678678678678,0.6237237237237238,0.3762762762762763
2594,YOL049W YGR046W,0.0,NA,0.0005201846943236887,578,4153,2507,88,0.4211029211029211,0.12217290213485521,0.8678678678678678,0.6235735735735736,0.37642642642642643
2595,YDL248W YOR152C,0.0,NA,0.0005210913950577378,578,4152,2508,88,0.42123942123942126,0.12219873150105708,0.8678678678678678,0.6234234234234234,0.37657657657657656
2596,YDR351W YGL195W,0.0,NA,0.0005225362838245928,578,4151,2509,88,0.4213759213759214,0.12222457179107633,0.8678678678678678,0.6232732732732733,0.37672672672672675
2597,YPL214C YNL328C,0.0,NA,0.0005236421711742878,578,4150,2510,88,0.4215124215124215,0.12225042301184433,0.8678678678678678,0.6231231231231231,0.3768768768768769
2598,YML024W YLR042C,0.0,NA,0.0005239637102931738,578,4149,2511,88,0.42164892164892165,0.12227628517029829,0.8678678678678678,0.6229729729729729,0.377027027027027
2599,YGL133W YGR072W,0.0,NA,0.0005246518412604928,578,4148,2512,88,0.4217854217854218,0.1223021582733813,0.8678678678678678,0.6228228228228229,0.3771771771771772
2600,YDR534C YDR438W,0.0,NA,0.000525481125805527,578,4147,2513,88,0.4219219219219219,0.12232804232804233,0.8678678678678678,0.6226726726726727,0.3773273273273273
2601,YBR086C YKR104W,0.0,NA,0.0005255442811176181,578,4146,2514,88,0.42205842205842203,0.12235393734123624,0.8678678678678678,0.6225225225225225,0.37747747747747745
2602,YBR086C YOR148C,0.0,NA,0.000525724608451128,578,4145,2515,88,0.4221949221949222,0.12237984331992378,0.8678678678678678,0.6223723723723724,0.37762762762762764
2603,YJL089W YBR195C,0.0,NA,0.0005257251323200762,578,4144,2516,88,0.42233142233142235,0.12240576027107158,0.8678678678678678,0.6222222222222222,0.37777777777777777
2604,YLR008C YPR141C,0.0,NA,0.000528211472555995,578,4143,2517,88,0.4224679224679225,0.12243168820165219,0.8678678678678678,0.622072072072072,0.37792792792792795
2605,YCL014W YGR006W,0.0,NA,0.0005293263238854706,578,4142,2518,88,0.4226044226044226,0.12245762711864407,0.8678678678678678,0.621921921921922,0.3780780780780781
2606,YFL047W YBR275C,0.0,NA,0.0005300230113789439,578,4141,2519,88,0.42274092274092273,0.12248357702903158,0.8678678678678678,0.6217717717717718,0.3782282282282282
2607,YLR139C YHL004W,1.0,NA,0.0005305047379806638,577,4141,2519,89,0.4226044226044226,0.12229758372191607,0.8663663663663663,0.6217717717717718,0.3782282282282282
2608,YLR367W YML016C,0.0,NA,0.0005344126257114112,577,4140,2520,89,0.42274092274092273,0.12232351070595718,0.8663663663663663,0.6216216216216216,0.3783783783783784
2609,YDL092W YBR058C,0.0,NA,0.000536833074875176,577,4139,2521,89,0.42287742287742286,0.12234944868532655,0.8663663663663663,0.6214714714714715,0.37852852852852853
2610,YIL005W YBR195C,0.0,NA,0.0005394022446125746,577,4138,2522,89,0.423013923013923,0.12237539766702014,0.8663663663663663,0.6213213213213213,0.37867867867867866
2611,YLR443W YHR188C,0.0,NA,0.0005401014350354671,577,4137,2523,89,0.42315042315042317,0.12240135765803987,0.8663663663663663,0.6211711711711712,0.37882882882882885
2612,YMR180C YJR108W,0.0,NA,0.000540123030077666,577,4136,2524,89,0.4232869232869233,0.12242732866539359,0.8663663663663663,0.621021021021021,0.378978978978979
2613,YOR373W YBL087C,0.0,NA,0.0005410350277088583,577,4135,2525,89,0.42342342342342343,0.12245331069609508,0.8663663663663663,0.6208708708708709,0.3791291291291291
2614,YCR055C YDR194C,0.0,NA,0.0005418551154434681,577,4134,2526,89,0.42355992355992356,0.12247930375716408,0.8663663663663663,0.6207207207207207,0.3792792792792793
2615,YOR229W YDL192W,0.0,NA,0.0005425967392511666,577,4133,2527,89,0.4236964236964237,0.12250530785562633,0.8663663663663663,0.6205705705705705,0.3794294294294294
2616,YKL069W YHR194W,0.0,NA,0.0005434321356005967,577,4132,2528,89,0.4238329238329238,0.12253132299851348,0.8663663663663663,0.6204204204204204,0.3795795795795796
2617,YPL240C YOR337W,0.0,NA,0.000543538830243051,577,4131,2529,89,0.42396942396942394,0.12255734919286321,0.8663663663663663,0.6202702702702703,0.37972972972972974
2618,YKL005C YBR198C,0.0,NA,0.0005463363486342132,577,4130,2530,89,0.4241059241059241,0.12258338644571914,0.8663663663663663,0.6201201201201201,0.37987987987987987
2619,YGR038W YEL018W,0.0,NA,0.000546575931366533,577,4129,2531,89,0.42424242424242425,0.1226094347641309,0.8663663663663663,0.61996996996997,0.38003003003003005
2620,YNL339C YOR129C,0.0,NA,0.0005478433449752629,577,4128,2532,89,0.4243789243789244,0.1226354941551541,0.8663663663663663,0.6198198198198198,0.3801801801801802
2621,YLR028C YPL262W,1.0,NA,0.0005481468397192657,576,4128,2532,90,0.42424242424242425,0.12244897959183673,0.8648648648648649,0.6198198198198198,0.3801801801801802
2622,YAL001C YAR002W,0.0,NA,0.0005493482458405197,576,4127,2533,90,0.4243789243789244,0.1224750159472677,0.8648648648648649,0.6196696696696696,0.3803303303303303
2623,YOR373W YNL199C,0.0,NA,0.0005525521119125187,576,4126,2534,90,0.4245154245154245,0.12250106337728627,0.8648648648648649,0.6195195195195196,0.3804804804804805
2624,YCL043C YNR043W,0.0,NA,0.0005537937977351248,576,4125,2535,90,0.42465192465192464,0.1225271218889598,0.8648648648648649,0.6193693693693694,0.38063063063063063
2625,YBR089C-A YGL091C,0.0,NA,0.0005545898457057774,576,4124,2536,90,0.42478842478842477,0.1225531914893617,0.8648648648648649,0.6192192192192192,0.38078078078078076
2626,YBR173C YKR061W,0.0,NA,0.0005560692516155541,576,4123,2537,90,0.42492492492492495,0.1225792721855714,0.8648648648648649,0.6190690690690691,0.38093093093093094
2627,YGL049C YPL193W,0.0,NA,0.0005561821744777262,576,4122,2538,90,0.4250614250614251,0.12260536398467432,0.8648648648648649,0.6189189189189189,0.3810810810810811
2628,YML051W YHR036W,0.0,NA,0.0005572126246988773,576,4121,2539,90,0.4251979251979252,0.12263146689376198,0.8648648648648649,0.6187687687687687,0.3812312312312312
2629,YJL184W YOL066C,0.0,NA,0.0005589392385445535,576,4120,2540,90,0.42533442533442534,0.12265758091993186,0.8648648648648649,0.6186186186186187,0.3813813813813814
2630,YHL047C YHR061C,0.0,NA,0.0005606290069408715,576,4119,2541,90,0.42547092547092547,0.12268370607028754,0.8648648648648649,0.6184684684684685,0.3815315315315315
2631,YOR148C YNL283C,0.0,NA,0.0005655564600601792,576,4118,2542,90,0.4256074256074256,0.12270984235193864,0.8648648648648649,0.6183183183183183,0.3816816816816817
2632,YBR278W YCR105W,0.0,NA,0.0005665065255016088,576,4117,2543,90,0.4257439257439257,0.12273598977200086,0.8648648648648649,0.6181681681681682,0.38183183183183184
2633,YKL019W YLR095C,0.0,NA,0.0005665480857715011,576,4116,2544,90,0.4258804258804259,0.12276214833759591,0.8648648648648649,0.618018018018018,0.38198198198198197
2634,YJR158W YLR013W,0.0,NA,0.0005692187114618719,576,4115,2545,90,0.42601692601692603,0.12278831805585164,0.8648648648648649,0.6178678678678678,0.38213213213213215
2635,YGL121C YER159C,0.0,NA,0.0005696046282537282,576,4114,2546,90,0.42615342615342616,0.12281449893390192,0.8648648648648649,0.6177177177177177,0.3822822822822823
2636,YGL084C YJL061W,0.0,NA,0.0005700048641301692,576,4113,2547,90,0.4262899262899263,0.12284069097888675,0.8648648648648649,0.6175675675675676,0.3824324324324324
2637,YBR204C YER110C,0.0,NA,0.0005707175587303936,576,4112,2548,90,0.4264264264264264,0.12286689419795221,0.8648648648648649,0.6174174174174174,0.3825825825825826
2638,YKL159C YNL219C,0.0,NA,0.0005741718341596425,576,4111,2549,90,0.42656292656292655,0.12289310859825048,0.8648648648648649,0.6172672672672672,0.38273273273273273
2639,YDL002C YDR412W,0.0,NA,0.0005753803416155279,576,4110,2550,90,0.4266994266994267,0.12291933418693982,0.8648648648648649,0.6171171171171171,0.38288288288288286
2640,YML012W YNR058W,0.0,NA,0.0005763776716776192,576,4109,2551,90,0.42683592683592686,0.12294557097118464,0.8648648648648649,0.616966966966967,0.38303303303303304
2641,YOR197W YJL148W,0.0,NA,0.0005785964312963188,576,4108,2552,90,0.426972426972427,0.12297181895815543,0.8648648648648649,0.6168168168168168,0.3831831831831832
2642,YLR373C YPL018W,0.0,NA,0.0005820477963425219,576,4107,2553,90,0.4271089271089271,0.12299807815502883,0.8648648648648649,0.6166666666666667,0.38333333333333336
2643,YJR119C YIL105C,0.0,NA,0.000582447974011302,576,4106,2554,90,0.42724542724542725,0.12302434856898761,0.8648648648648649,0.6165165165165165,0.3834834834834835
2644,YPL057C YCR073C,0.0,NA,0.0005848728469572961,576,4105,2555,90,0.4273819273819274,0.12305063020722068,0.8648648648648649,0.6163663663663663,0.3836336336336336
2645,YIL105C YCL055W,0.0,NA,0.0005857186042703688,576,4104,2556,90,0.4275184275184275,0.12307692307692308,0.8648648648648649,0.6162162162162163,0.3837837837837838
2646,YGR122W YKL004W,0.0,NA,0.0005863167461939156,576,4103,2557,90,0.42765492765492763,0.12310322718529601,0.8648648648648649,0.6160660660660661,0.38393393393393394
2647,YER136W YLR284C,0.0,NA,0.0005866577266715467,576,4102,2558,90,0.4277914277914278,0.12312954253954682,0.8648648648648649,0.6159159159159159,0.38408408408408407
2648,YHR017W YBR264C,0.0,NA,0.0005885153659619391,576,4101,2559,90,0.42792792792792794,0.12315586914688903,0.8648648648648649,0.6157657657657658,0.38423423423423425
2649,YOR348C YDR341C,0.0,NA,0.0005906011792831123,576,4100,2560,90,0.42806442806442807,0.12318220701454234,0.8648648648648649,0.6156156156156156,0.3843843843843844
2650,YLR284C YBR004C,0.0,NA,0.0005943762953393161,576,4099,2561,90,0.4282009282009282,0.12320855614973263,0.8648648648648649,0.6154654654654654,0.3845345345345345
2651,YMR257C YKL099C,0.0,NA,0.0005971062928438187,576,4098,2562,90,0.4283374283374283,0.12323491655969192,0.8648648648648649,0.6153153153153154,0.3846846846846847
2652,YDR461W YER143W,0.0,NA,0.0005990883219055831,576,4097,2563,90,0.42847392847392846,0.12326128825165847,0.8648648648648649,0.6151651651651652,0.3848348348348348
2653,YKL004W YHR057C,0.0,NA,0.0005991025827825069,576,4096,2564,90,0.4286104286104286,0.1232876712328767,0.8648648648648649,0.615015015015015,0.384984984984985
2654,YFL017C YDR064W,0.0,NA,0.0006041831220500171,576,4095,2565,90,0.42874692874692877,0.1233140655105973,0.8648648648648649,0.6148648648648649,0.38513513513513514
2655,YLR008C YPL266W,0.0,NA,0.0006050653755664825,576,4094,2566,90,0.4288834288834289,0.12334047109207709,0.8648648648648649,0.6147147147147147,0.3852852852852853
2656,YNL189W YBR289W,0.0,NA,0.000605818466283381,576,4093,2567,90,0.429019929019929,0.12336688798457913,0.8648648648648649,0.6145645645645645,0.38543543543543546
2657,YOR344C YDR438W,0.0,NA,0.0006069552036933601,576,4092,2568,90,0.42915642915642915,0.12339331619537275,0.8648648648648649,0.6144144144144145,0.3855855855855856
2658,YDR365C YJR082C,0.0,NA,0.0006076017743907869,576,4091,2569,90,0.4292929292929293,0.12341975573173344,0.8648648648648649,0.6142642642642643,0.3857357357357357
2659,YMR047C YNR016C,0.0,NA,0.0006078989244997501,576,4090,2570,90,0.4294294294294294,0.12344620660094299,0.8648648648648649,0.6141141141141141,0.3858858858858859
2660,YDR120C YDL099W,0.0,NA,0.0006118036690168083,576,4089,2571,90,0.42956592956592954,0.12347266881028938,0.8648648648648649,0.6139639639639639,0.38603603603603603
2661,YOL084W YGR252W,0.0,NA,0.000612882780842483,576,4088,2572,90,0.4297024297024297,0.1234991423670669,0.8648648648648649,0.6138138138138138,0.38618618618618616
2662,YDR460W YMR257C,0.0,NA,0.0006138859898783267,576,4087,2573,90,0.42983892983892985,0.12352562727857602,0.8648648648648649,0.6136636636636636,0.38633633633633635
2663,YMR197C YIL056W,0.0,NA,0.0006155704031698406,576,4086,2574,90,0.42997542997543,0.12355212355212356,0.8648648648648649,0.6135135135135135,0.3864864864864865
2664,YKL188C YER175C,0.0,NA,0.0006182192009873688,576,4085,2575,90,0.4301119301119301,0.12357863119502253,0.8648648648648649,0.6133633633633634,0.3866366366366366
2665,YGR032W YCR059C,0.0,NA,0.0006198658375069499,576,4084,2576,90,0.43024843024843024,0.12360515021459227,0.8648648648648649,0.6132132132132132,0.3867867867867868
2666,YCL063W YHR097C,0.0,NA,0.000620119331870228,576,4083,2577,90,0.43038493038493036,0.12363168061815841,0.8648648648648649,0.613063063063063,0.3869369369369369
2667,YHR039C-A YJL052W,0.0,NA,0.0006237481720745564,576,4082,2578,90,0.43052143052143055,0.12365822241305281,0.8648648648648649,0.6129129129129129,0.3870870870870871
2668,YGR251W YBR269C,0.0,NA,0.0006255353800952435,576,4081,2579,90,0.4306579306579307,0.1236847756066137,0.8648648648648649,0.6127627627627628,0.38723723723723724
2669,YER151C YNL251C,0.0,NA,0.0006277307402342558,576,4080,2580,90,0.4307944307944308,0.12371134020618557,0.8648648648648649,0.6126126126126126,0.38738738738738737
2670,YNL302C YPL164C,0.0,NA,0.0006293247570283711,576,4079,2581,90,0.43093093093093093,0.12373791621911923,0.8648648648648649,0.6124624624624625,0.38753753753753756
2671,YNR013C YHR058C,0.0,NA,0.0006299380911514163,576,4078,2582,90,0.43106743106743106,0.1237645036527718,0.8648648648648649,0.6123123123123123,0.3876876876876877
2672,YJR155W YHR046C,0.0,NA,0.0006311778561212122,576,4077,2583,90,0.4312039312039312,0.12379110251450677,0.8648648648648649,0.6121621621621621,0.3878378378378378
2673,YIR018W YMR098C,0.0,NA,0.0006313180201686919,576,4076,2584,90,0.4313404313404313,0.12381771281169389,0.8648648648648649,0.612012012012012,0.387987987987988
2674,YBR281C YJR082C,0.0,NA,0.0006316900253295898,576,4075,2585,90,0.4314769314769315,0.1238443345517093,0.8648648648648649,0.6118618618618619,0.38813813813813813
2675,YNR017W YKL060C,0.0,NA,0.0006334456265904009,576,4074,2586,90,0.43161343161343163,0.12387096774193548,0.8648648648648649,0.6117117117117117,0.38828828828828826
2676,YLR250W YDR494W,0.0,NA,0.000634091324172914,576,4073,2587,90,0.43174993174993176,0.12389761238976124,0.8648648648648649,0.6115615615615616,0.38843843843843845
2677,YDL099W YLR093C,0.0,NA,0.000636293669231236,576,4072,2588,90,0.4318864318864319,0.12392426850258176,0.8648648648648649,0.6114114114114114,0.3885885885885886
2678,YGR038W YOL069W,0.0,NA,0.0006388792535290122,576,4071,2589,90,0.432022932022932,0.12395093608779859,0.8648648648648649,0.6112612612612612,0.38873873873873876
2679,YOR026W YFL048C,0.0,NA,0.0006420883000828326,576,4070,2590,90,0.43215943215943214,0.12397761515281963,0.8648648648648649,0.6111111111111112,0.3888888888888889
2680,YOL108C YAR050W,0.0,NA,0.0006428273627534509,576,4069,2591,90,0.4322959322959323,0.1240043057050592,0.8648648648648649,0.610960960960961,0.389039039039039
2681,YKR081C YER155C,0.0,NA,0.0006429529166780412,576,4068,2592,90,0.43243243243243246,0.12403100775193798,0.8648648648648649,0.6108108108108108,0.3891891891891892
2682,YML095C YGR120C,0.0,NA,0.0006431772490032017,576,4067,2593,90,0.4325689325689326,0.12405772130088305,0.8648648648648649,0.6106606606606607,0.38933933933933934
2683,YLR293C YCR084C,0.0,NA,0.0006433777161873877,576,4066,2594,90,0.4327054327054327,0.12408444635932787,0.8648648648648649,0.6105105105105105,0.38948948948948947
2684,YKL165C YOL058W,0.0,NA,0.0006452635279856622,576,4065,2595,90,0.43284193284193284,0.12411118293471235,0.8648648648648649,0.6103603603603603,0.38963963963963966
2685,YDR297W YGR122W,0.0,NA,0.0006457354174926877,576,4064,2596,90,0.43297843297843297,0.12413793103448276,0.8648648648648649,0.6102102102102102,0.3897897897897898
2686,YCR008W YLR272C,0.0,NA,0.0006505914498120546,576,4063,2597,90,0.4331149331149331,0.12416469066609183,0.8648648648648649,0.6100600600600601,0.3899399399399399
2687,YML058W-A YNL283C,0.0,NA,0.0006508040823973715,576,4062,2598,90,0.4332514332514332,0.12419146183699871,0.8648648648648649,0.6099099099099099,0.3900900900900901
2688,YBR078W YAR050W,0.0,NA,0.0006510050734505057,576,4061,2599,90,0.4333879333879334,0.12421824455466897,0.8648648648648649,0.6097597597597597,0.39024024024024023
2689,YOR388C YLR466W,0.0,NA,0.0006516438443213701,576,4060,2600,90,0.43352443352443354,0.12424503882657463,0.8648648648648649,0.6096096096096096,0.39039039039039036
2690,YMR260C YOR113W,0.0,NA,0.0006550835678353906,576,4059,2601,90,0.43366093366093367,0.12427184466019417,0.8648648648648649,0.6094594594594595,0.39054054054054055
2691,YHR074W YMR098C,0.0,NA,0.0006553565035574138,576,4058,2602,90,0.4337974337974338,0.12429866206301252,0.8648648648648649,0.6093093093093093,0.3906906906906907
2692,YGR274C YOR039W,0.0,NA,0.0006566093652509153,576,4057,2603,90,0.4339339339339339,0.12432549104252104,0.8648648648648649,0.6091591591591592,0.39084084084084086
2693,YIL046W YBR088C,0.0,NA,0.00065676897065714,576,4056,2604,90,0.43407043407043405,0.12435233160621761,0.8648648648648649,0.609009009009009,0.390990990990991
2694,YHL033C YFL027C,0.0,NA,0.0006588164251297712,576,4055,2605,90,0.4342069342069342,0.12437918376160656,0.8648648648648649,0.6088588588588588,0.3911411411411411
2695,YDR091C YDR228C,0.0,NA,0.0006596149178221822,576,4054,2606,90,0.43434343434343436,0.1244060475161987,0.8648648648648649,0.6087087087087087,0.3912912912912913
2696,YMR061W YEL071W,0.0,NA,0.0006608300027437508,576,4053,2607,90,0.4344799344799345,0.12443292287751134,0.8648648648648649,0.6085585585585586,0.39144144144144144
2697,YNL339C YOR173W,0.0,NA,0.0006636612815782428,576,4052,2608,90,0.4346164346164346,0.12445980985306827,0.8648648648648649,0.6084084084084084,0.39159159159159157
2698,YDR151C YLR090W,0.0,NA,0.0006640200153924525,576,4051,2609,90,0.43475293475293475,0.12448670845039983,0.8648648648648649,0.6082582582582583,0.39174174174174176
2699,YER110C YKL004W,0.0,NA,0.000666795123834163,576,4050,2610,90,0.4348894348894349,0.1245136186770428,0.8648648648648649,0.6081081081081081,0.3918918918918919
2700,YKL040C YML058W-A,0.0,NA,0.0006697936332784593,576,4049,2611,90,0.435025935025935,0.12454054054054053,0.8648648648648649,0.6079579579579579,0.392042042042042
2701,YDR481C YBR055C,0.0,NA,0.000673044880386442,576,4048,2612,90,0.43516243516243514,0.1245674740484429,0.8648648648648649,0.6078078078078079,0.3921921921921922
2702,YMR058W YDL080C,0.0,NA,0.0006776003283448517,576,4047,2613,90,0.4352989352989353,0.1245944192083063,0.8648648648648649,0.6076576576576577,0.39234234234234233
2703,YLR325C YPR119W,0.0,NA,0.0006796187371946871,576,4046,2614,90,0.43543543543543545,0.12462137602769364,0.8648648648648649,0.6075075075075075,0.3924924924924925
2704,YDR353W YBR186W,0.0,NA,0.0006822560681030154,576,4045,2615,90,0.4355719355719356,0.12464834451417442,0.8648648648648649,0.6073573573573574,0.39264264264264265
2705,YLR418C YML111W,0.0,NA,0.0006854842067696154,576,4044,2616,90,0.4357084357084357,0.12467532467532468,0.8648648648648649,0.6072072072072072,0.3927927927927928
2706,YDR259C YPR107C,0.0,NA,0.0006860867724753916,576,4043,2617,90,0.43584493584493583,0.124702316518727,0.8648648648648649,0.607057057057057,0.39294294294294296
2707,YCL039W YJL138C,0.0,NA,0.0006891589146107435,576,4042,2618,90,0.43598143598143596,0.12472932005197054,0.8648648648648649,0.606906906906907,0.3930930930930931
2708,YGR166W YBL084C,0.0,NA,0.0006900342996232212,576,4041,2619,90,0.43611793611793614,0.12475633528265107,0.8648648648648649,0.6067567567567568,0.3932432432432432
2709,YAL001C YGR178C,0.0,NA,0.0006909858202561736,576,4040,2620,90,0.4362544362544363,0.12478336221837089,0.8648648648648649,0.6066066066066066,0.3933933933933934
2710,YOR396W YNL290W,0.0,NA,0.0006915589910931885,576,4039,2621,90,0.4363909363909364,0.12481040086673889,0.8648648648648649,0.6064564564564564,0.39354354354354354
2711,YOR129C YBR039W,0.0,NA,0.0006941010360606015,576,4038,2622,90,0.43652743652743653,0.12483745123537061,0.8648648648648649,0.6063063063063063,0.39369369369369367
2712,YCR093W YOL066C,0.0,NA,0.0006947270594537258,576,4037,2623,90,0.43666393666393666,0.12486451333188814,0.8648648648648649,0.6061561561561561,0.39384384384384385
2713,YDL113C YFL020C,0.0,NA,0.0006961042527109385,576,4036,2624,90,0.4368004368004368,0.12489158716392021,0.8648648648648649,0.606006006006006,0.393993993993994
2714,YIR027C YDR405W,0.0,NA,0.0006990892579779029,576,4035,2625,90,0.4369369369369369,0.12491867273910215,0.8648648648648649,0.6058558558558559,0.39414414414414417
2715,YJR139C YDR064W,0.0,NA,0.0007023614598438144,576,4034,2626,90,0.4370734370734371,0.12494577006507593,0.8648648648648649,0.6057057057057057,0.3942942942942943
2716,YOR223W YBL021C,0.0,NA,0.0007038470357656479,576,4033,2627,90,0.4372099372099372,0.12497287914949012,0.8648648648648649,0.6055555555555555,0.39444444444444443
2717,YJL105W YLR134W,0.0,NA,0.0007060095085762441,576,4032,2628,90,0.43734643734643736,0.125,0.8648648648648649,0.6054054054054054,0.3945945945945946
2718,YLL002W YJR094W-A,0.0,NA,0.0007068267441354692,576,4031,2629,90,0.4374829374829375,0.12502713262426743,0.8648648648648649,0.6052552552552553,0.39474474474474475
2719,YGL139W YOL155C,0.0,NA,0.0007083946838974953,576,4030,2630,90,0.4376194376194376,0.12505427702996091,0.8648648648648649,0.6051051051051051,0.3948948948948949
2720,YGR097W YOR046C,0.0,NA,0.0007098090718500316,576,4029,2631,90,0.43775593775593774,0.1250814332247557,0.8648648648648649,0.604954954954955,0.39504504504504506
2721,YJL074C YKL005C,0.0,NA,0.0007116873166523874,576,4028,2632,90,0.43789243789243787,0.12510860121633363,0.8648648648648649,0.6048048048048048,0.3951951951951952
2722,YIR027C YKR097W,0.0,NA,0.0007139514782465994,576,4027,2633,90,0.43802893802893805,0.12513578101238323,0.8648648648648649,0.6046546546546546,0.3953453453453453
2723,YIL033C YJL173C,0.0,NA,0.0007155467174015939,576,4026,2634,90,0.4381654381654382,0.12516297262059975,0.8648648648648649,0.6045045045045045,0.3954954954954955
2724,YMR247C YLR096W,0.0,NA,0.0007158918888308108,576,4025,2635,90,0.4383019383019383,0.12519017604868507,0.8648648648648649,0.6043543543543544,0.39564564564564564
2725,YLR250W YDR283C,0.0,NA,0.0007175112841650844,576,4024,2636,90,0.43843843843843844,0.12521739130434784,0.8648648648648649,0.6042042042042042,0.39579579579579577
2726,YJL092W YML097C,0.0,NA,0.0007182029075920582,576,4023,2637,90,0.43857493857493857,0.12524461839530332,0.8648648648648649,0.6040540540540541,0.39594594594594595
2727,YJL145W YGR033C,0.0,NA,0.0007227013702504337,576,4022,2638,90,0.4387114387114387,0.1252718573292736,0.8648648648648649,0.6039039039039039,0.3960960960960961
2728,YDR297W YDL001W,0.0,NA,0.0007260936545208097,576,4021,2639,90,0.4388479388479388,0.1252991081139874,0.8648648648648649,0.6037537537537537,0.39624624624624627
2729,YDR342C YDR180W,0.0,NA,0.0007280538557097316,576,4020,2640,90,0.438984438984439,0.12532637075718014,0.8648648648648649,0.6036036036036037,0.3963963963963964
2730,YJL059W YMR008C,0.0,NA,0.0007280705613084137,576,4019,2641,90,0.43912093912093914,0.12535364526659412,0.8648648648648649,0.6034534534534535,0.39654654654654653
2731,YHR046C YML102W,0.0,NA,0.0007280858117155731,576,4018,2642,90,0.43925743925743926,0.12538093164997824,0.8648648648648649,0.6033033033033033,0.3966966966966967
2732,YIR031C YLR028C,1.0,NA,0.0007292106747627258,575,4018,2642,91,0.43912093912093914,0.12519050729370781,0.8633633633633634,0.6033033033033033,0.3966966966966967
2733,YHR018C YBL084C,0.0,NA,0.0007311165682040155,575,4017,2643,91,0.43925743925743926,0.12521777003484322,0.8633633633633634,0.6031531531531531,0.39684684684684685
2734,YJL209W YGL040C,1.0,NA,0.000734596629627049,574,4017,2643,92,0.43912093912093914,0.12502722718362014,0.8618618618618619,0.6031531531531531,0.39684684684684685
2735,YJL209W YPL262W,1.0,NA,0.0007353706168942153,573,4017,2643,93,0.438984438984439,0.12483660130718954,0.8603603603603603,0.6031531531531531,0.39684684684684685
2736,YLR321C YOR396W,0.0,NA,0.0007370361709035933,573,4016,2644,93,0.43912093912093914,0.1248638047504903,0.8603603603603603,0.603003003003003,0.396996996996997
2737,YDL132W YMR029C,0.0,NA,0.0007373130065388978,573,4015,2645,93,0.43925743925743926,0.12489102005231037,0.8603603603603603,0.6028528528528528,0.39714714714714716
2738,YJL058C YLR273C,0.0,NA,0.0007388554513454437,573,4014,2646,93,0.4393939393939394,0.1249182472204055,0.8603603603603603,0.6027027027027027,0.3972972972972973
2739,YGR009C YDR238C,0.0,NA,0.0007395183201879263,573,4013,2647,93,0.4395304395304395,0.12494548626253817,0.8603603603603603,0.6025525525525526,0.3974474474474474
2740,YBL061C YLR160C,0.0,NA,0.0007398248999379575,573,4012,2648,93,0.43966693966693965,0.12497273718647764,0.8603603603603603,0.6024024024024024,0.3975975975975976
2741,YBR283C YGL150C,0.0,NA,0.0007400301401503384,573,4011,2649,93,0.4398034398034398,0.125,0.8603603603603603,0.6022522522522522,0.39774774774774774
2742,YGL211W YOL001W,0.0,NA,0.0007431439007632434,573,4010,2650,93,0.43993993993993996,0.12502727471088806,0.8603603603603603,0.6021021021021021,0.3978978978978979
2743,YKL120W YGR159C,0.0,NA,0.0007461071363650262,573,4009,2651,93,0.4400764400764401,0.12505456132693146,0.8603603603603603,0.601951951951952,0.39804804804804805
2744,YIL160C YGR120C,0.0,NA,0.0007478190818801522,573,4008,2652,93,0.4402129402129402,0.12508185985592665,0.8603603603603603,0.6018018018018018,0.3981981981981982
2745,YOL155C YML024W,0.0,NA,0.0007485435344278812,573,4007,2653,93,0.44034944034944035,0.12510917030567686,0.8603603603603603,0.6016516516516517,0.39834834834834837
2746,YAL034C YGR243W,0.0,NA,0.0007492550066672266,573,4006,2654,93,0.4404859404859405,0.12513649268399213,0.8603603603603603,0.6015015015015015,0.3984984984984985
2747,YMR053C YNL088W,0.0,NA,0.0007505706744268537,573,4005,2655,93,0.4406224406224406,0.1251638269986894,0.8603603603603603,0.6013513513513513,0.39864864864864863
2748,YKR004C YNR033W,0.0,NA,0.0007537733181379735,573,4004,2656,93,0.44075894075894073,0.1251911732575923,0.8603603603603603,0.6012012012012012,0.3987987987987988
2749,YPL089C YDL002C,0.0,NA,0.0007549745496362448,573,4003,2657,93,0.4408954408954409,0.12521853146853146,0.8603603603603603,0.601051051051051,0.39894894894894894
2750,YGR097W YLR409C,0.0,NA,0.0007560962694697082,573,4002,2658,93,0.44103194103194104,0.12524590163934426,0.8603603603603603,0.6009009009009009,0.3990990990990991
2751,YCR020C-A YBR275C,0.0,NA,0.0007563961553387344,573,4001,2659,93,0.44116844116844117,0.12527328377787494,0.8603603603603603,0.6007507507507508,0.39924924924924926
2752,YGR103W YDR371W,0.0,NA,0.0007581012905575335,573,4000,2660,93,0.4413049413049413,0.12530067789197463,0.8603603603603603,0.6006006006006006,0.3993993993993994
2753,YDR508C YDL176W,0.0,NA,0.0007590207969769835,573,3999,2661,93,0.44144144144144143,0.12532808398950132,0.8603603603603603,0.6004504504504504,0.3995495495495496
2754,YLR139C YOR065W,1.0,NA,0.0007592030451633036,572,3999,2661,94,0.4413049413049413,0.12513673156858454,0.8588588588588588,0.6004504504504504,0.3995495495495496
2755,YHR017W YOR349W,0.0,NA,0.000759714690502733,572,3998,2662,94,0.44144144144144143,0.12516411378555797,0.8588588588588588,0.6003003003003003,0.3996996996996997
2756,YPL057C YJL108C,0.0,NA,0.0007609298336319625,572,3997,2663,94,0.44157794157794156,0.12519150798861894,0.8588588588588588,0.6001501501501502,0.39984984984984984
2757,YFL007W YLR380W,0.0,NA,0.0007613338530063629,572,3996,2664,94,0.44171444171444174,0.12521891418563924,0.8588588588588588,0.6,0.4
2758,YBL013W YBL064C,0.0,NA,0.0007622622651979327,572,3995,2665,94,0.44185094185094187,0.12524633238449748,0.8588588588588588,0.5998498498498499,0.40015015015015015
2759,YPR128C YGL254W,0.0,NA,0.0007626590668223798,572,3994,2666,94,0.441987441987442,0.1252737625930793,0.8588588588588588,0.5996996996996997,0.4003003003003003
2760,YDR460W YML012W,0.0,NA,0.000765050936024636,572,3993,2667,94,0.4421239421239421,0.12530120481927712,0.8588588588588588,0.5995495495495495,0.40045045045045047
2761,YNL318C YOL124C,0.0,NA,0.0007653879001736641,572,3992,2668,94,0.44226044226044225,0.12532865907099036,0.8588588588588588,0.5993993993993993,0.4006006006006006
2762,YLR139C YJL166W,1.0,NA,0.000768926169257611,571,3992,2668,95,0.4421239421239421,0.12513697129081744,0.8573573573573574,0.5993993993993993,0.4006006006006006
2763,YAR002W YER058W,0.0,NA,0.0007697655819356441,571,3991,2669,95,0.44226044226044225,0.12516440157825515,0.8573573573573574,0.5992492492492493,0.40075075075075073
2764,YCR005C YJL209W,1.0,NA,0.0007699820562265813,570,3991,2669,96,0.4421239421239421,0.1249725937294453,0.8558558558558559,0.5992492492492493,0.40075075075075073
2765,YML069W YJL186W,0.0,NA,0.0007757191779091954,570,3990,2670,96,0.44226044226044225,0.125,0.8558558558558559,0.5990990990990991,0.4009009009009009
2766,YDR225W YMR204C,0.0,NA,0.0007834652788005769,570,3989,2671,96,0.4423969423969424,0.1250274182934854,0.8558558558558559,0.5989489489489489,0.40105105105105104
2767,YNL082W YCL029C,0.0,NA,0.0007838289602659643,570,3988,2672,96,0.4425334425334425,0.12505484861781482,0.8558558558558559,0.5987987987987988,0.4012012012012012
2768,YER113C YOR349W,0.0,NA,0.0007857651216909289,570,3987,2673,96,0.4426699426699427,0.1250822909809085,0.8558558558558559,0.5986486486486486,0.40135135135135136
2769,YLR014C YPL110C,0.0,NA,0.0007935230387374759,570,3986,2674,96,0.4428064428064428,0.12510974539069358,0.8558558558558559,0.5984984984984985,0.4015015015015015
2770,YDR167W YAR002W,0.0,NA,0.0007944468525238335,570,3985,2675,96,0.44294294294294295,0.1251372118551043,0.8558558558558559,0.5983483483483484,0.4016516516516517
2771,YDR234W YMR303C,0.0,NA,0.0007969998987391591,570,3984,2676,96,0.4430794430794431,0.1251646903820817,0.8558558558558559,0.5981981981981982,0.4018018018018018
2772,YDL120W YGL068W,1.0,NA,0.0007988102734088898,569,3984,2676,97,0.44294294294294295,0.12497254557434659,0.8543543543543544,0.5981981981981982,0.4018018018018018
2773,YDR013W YNL290W,0.0,NA,0.0008026466821320355,569,3983,2677,97,0.4430794430794431,0.125,0.8543543543543544,0.598048048048048,0.40195195195195194
2774,YJL223C YDR128W,0.0,NA,0.0008054056670516729,569,3982,2678,97,0.4432159432159432,0.12502746649088112,0.8543543543543544,0.5978978978978979,0.4021021021021021
2775,YJR094C YGL099W,0.0,NA,0.0008059507235884666,569,3981,2679,97,0.44335244335244334,0.12505494505494505,0.8543543543543544,0.5977477477477477,0.40225225225225225
2776,YHR010W YGR254W,0.0,NA,0.000810084689874202,569,3980,2680,97,0.44348894348894347,0.12508243570015387,0.8543543543543544,0.5975975975975976,0.4024024024024024
2777,YML015C YJL056C,0.0,NA,0.0008122690487653017,569,3979,2681,97,0.44362544362544365,0.12510993843447668,0.8543543543543544,0.5974474474474475,0.40255255255255257
2778,YKL178C YBR208C,0.0,NA,0.0008135185344144702,569,3978,2682,97,0.4437619437619438,0.1251374532658896,0.8543543543543544,0.5972972972972973,0.4027027027027027
2779,YER072W YMR098C,0.0,NA,0.000816016981843859,569,3977,2683,97,0.4438984438984439,0.1251649802023757,0.8543543543543544,0.5971471471471471,0.4028528528528528
2780,YAR002W YCR021C,0.0,NA,0.00081878830678761,569,3976,2684,97,0.44403494403494403,0.1251925192519252,0.8543543543543544,0.596996996996997,0.403003003003003
2781,YOR179C YLR013W,0.0,NA,0.0008229691884480417,569,3975,2685,97,0.44417144417144416,0.12522007042253522,0.8543543543543544,0.5968468468468469,0.40315315315315314
2782,YPL259C YPL026C,0.0,NA,0.0008239005110226572,569,3974,2686,97,0.4443079443079443,0.12524763372220998,0.8543543543543544,0.5966966966966967,0.40330330330330333
2783,YDL236W YHR075C,0.0,NA,0.0008258010493591428,569,3973,2687,97,0.4444444444444444,0.12527520915896082,0.8543543543543544,0.5965465465465466,0.40345345345345346
2784,YGR057C YLL002W,0.0,NA,0.0008274551946669817,569,3972,2688,97,0.4445809445809446,0.125302796740806,0.8543543543543544,0.5963963963963964,0.4036036036036036
2785,YJL105W YGL151W,0.0,NA,0.0008282266790047288,569,3971,2689,97,0.44471744471744473,0.12533039647577093,0.8543543543543544,0.5962462462462462,0.4037537537537538
2786,YLR095C YNL113W,0.0,NA,0.0008288914687000215,569,3970,2690,97,0.44485394485394486,0.12535800837188807,0.8543543543543544,0.5960960960960962,0.4039039039039039
2787,YKR025W YDR494W,0.0,NA,0.000828961783554405,569,3969,2691,97,0.444990444990445,0.125385632437197,0.8543543543543544,0.595945945945946,0.40405405405405403
2788,YOR009W YBR127C,0.0,NA,0.000830588978715241,569,3968,2692,97,0.4451269451269451,0.1254132686797443,0.8543543543543544,0.5957957957957958,0.4042042042042042
2789,YAL048C YKL197C,0.0,NA,0.0008313523139804602,569,3967,2693,97,0.44526344526344525,0.1254409171075838,0.8543543543543544,0.5956456456456456,0.40435435435435435
2790,YMR111C YKR051W,0.0,NA,0.0008331747376359999,569,3966,2694,97,0.4453999453999454,0.12546857772877618,0.8543543543543544,0.5954954954954955,0.4045045045045045
2791,YGR047C YNL283C,0.0,NA,0.0008340278291143477,569,3965,2695,97,0.44553644553644556,0.1254962505513895,0.8543543543543544,0.5953453453453453,0.40465465465465467
2792,YPR118W YGR178C,0.0,NA,0.0008358951890841126,569,3964,2696,97,0.4456729456729457,0.12552393558349878,0.8543543543543544,0.5951951951951951,0.4048048048048048
2793,YGL238W YOR033C,0.0,NA,0.0008360727806575596,569,3963,2697,97,0.4458094458094458,0.12555163283318624,0.8543543543543544,0.5950450450450451,0.404954954954955
2794,YCR098C YOR069W,0.0,NA,0.0008361205691471696,569,3962,2698,97,0.44594594594594594,0.12557934230854115,0.8543543543543544,0.5948948948948949,0.4051051051051051
2795,YBR269C YLR216C,0.0,NA,0.000836959108710289,569,3961,2699,97,0.44608244608244607,0.12560706401766003,0.8543543543543544,0.5947447447447447,0.40525525525525524
2796,YLR007W YPR086W,0.0,NA,0.0008396334596909583,569,3960,2700,97,0.4462189462189462,0.1256347979686465,0.8543543543543544,0.5945945945945946,0.40540540540540543
2797,YHR092C YPR001W,1.0,NA,0.0008449474698863924,568,3960,2700,98,0.44608244608244607,0.1254416961130742,0.8528528528528528,0.5945945945945946,0.40540540540540543
2798,YLR160C YMR098C,0.0,NA,0.0008461172692477703,568,3959,2701,98,0.4462189462189462,0.12546940578749724,0.8528528528528528,0.5944444444444444,0.40555555555555556
2799,YKR097W YBR302C,0.0,NA,0.0008480698452331126,568,3958,2702,98,0.44635544635544633,0.1254971277065842,0.8528528528528528,0.5942942942942943,0.4057057057057057
2800,YLR234W YKR104W,0.0,NA,0.0008496276568621397,568,3957,2703,98,0.4464919464919465,0.12552486187845305,0.8528528528528528,0.5941441441441442,0.4058558558558559
2801,YDL246C YKL135C,0.0,NA,0.0008503274293616414,568,3956,2704,98,0.44662844662844664,0.125552608311229,0.8528528528528528,0.593993993993994,0.406006006006006
2802,YDR041W YGR033C,0.0,NA,0.0008520695846527815,568,3955,2705,98,0.44676494676494677,0.12558036701304445,0.8528528528528528,0.5938438438438438,0.40615615615615613
2803,YMR295C YNR053C,0.0,NA,0.0008527649333700538,568,3954,2706,98,0.4469014469014469,0.12560813799203893,0.8528528528528528,0.5936936936936937,0.4063063063063063
2804,YPL154C YCR086W,0.0,NA,0.0008590446668677032,568,3953,2707,98,0.447037947037947,0.12563592125635922,0.8528528528528528,0.5935435435435436,0.40645645645645645
2805,YKL120W YJL056C,0.0,NA,0.0008596202824264765,568,3952,2708,98,0.44717444717444715,0.1256637168141593,0.8528528528528528,0.5933933933933934,0.4066066066066066
2806,YKL060C YOR307C,0.0,NA,0.0008599823340773582,568,3951,2709,98,0.44731094731094734,0.12569152467360034,0.8528528528528528,0.5932432432432433,0.40675675675675677
2807,YEL065W YPR107C,0.0,NA,0.0008636233978904784,568,3950,2710,98,0.44744744744744747,0.12571934484285083,0.8528528528528528,0.5930930930930931,0.4069069069069069
2808,YMR311C YNL129W,0.0,NA,0.0008740761550143361,568,3949,2711,98,0.4475839475839476,0.12574717733008633,0.8528528528528528,0.5929429429429429,0.4070570570570571
2809,YOR373W YPL134C,0.0,NA,0.0008749777334742248,568,3948,2712,98,0.4477204477204477,0.12577502214348982,0.8528528528528528,0.5927927927927928,0.4072072072072072
2810,YOR367W YMR205C,0.0,NA,0.0008774322923272848,568,3947,2713,98,0.44785694785694785,0.1258028792912514,0.8528528528528528,0.5926426426426427,0.40735735735735734
2811,YJR119C YNL199C,0.0,NA,0.0008779449854046106,568,3946,2714,98,0.447993447993448,0.12583074878156844,0.8528528528528528,0.5924924924924925,0.4075075075075075
2812,YLR348C YJR082C,0.0,NA,0.0008798903436399996,568,3945,2715,98,0.4481299481299481,0.12585863062264568,0.8528528528528528,0.5923423423423423,0.40765765765765766
2813,YOR372C YNL330C,0.0,NA,0.0008861771784722805,568,3944,2716,98,0.4482664482664483,0.12588652482269502,0.8528528528528528,0.5921921921921922,0.4078078078078078
2814,YKL086W YDR382W,0.0,NA,0.0008890273165889084,568,3943,2717,98,0.4484029484029484,0.12591443138993572,0.8528528528528528,0.592042042042042,0.407957957957958
2815,YEL038W YCR095C,0.0,NA,0.0008891543257050216,568,3942,2718,98,0.44853944853944855,0.12594235033259424,0.8528528528528528,0.5918918918918918,0.4081081081081081
2816,YDR429C YMR036C,0.0,NA,0.0008915636572055519,568,3941,2719,98,0.4486759486759487,0.12597028165890442,0.8528528528528528,0.5917417417417418,0.40825825825825823
2817,YFR032C-A YNR043W,0.0,NA,0.0008922435226850212,568,3940,2720,98,0.4488124488124488,0.12599822537710736,0.8528528528528528,0.5915915915915916,0.4084084084084084
2818,YNR013C YGR260W,0.0,NA,0.0008958938997238874,568,3939,2721,98,0.44894894894894893,0.12602618149545153,0.8528528528528528,0.5914414414414414,0.40855855855855855
2819,YFR026C YJL151C,0.0,NA,0.0008960415725596249,568,3938,2722,98,0.44908544908544906,0.12605415002219264,0.8528528528528528,0.5912912912912913,0.40870870870870873
2820,YMR233W YOR025W,0.0,NA,0.0009005385218188167,568,3937,2723,98,0.44922194922194925,0.12608213096559379,0.8528528528528528,0.5911411411411411,0.40885885885885886
2821,YBR301W YML005W,0.0,NA,0.0009014991228468716,568,3936,2724,98,0.4493584493584494,0.1261101243339254,0.8528528528528528,0.590990990990991,0.409009009009009
2822,YPR178W YFL050C,0.0,NA,0.0009018548298627138,568,3935,2725,98,0.4494949494949495,0.12613813013546524,0.8528528528528528,0.5908408408408409,0.4091591591591592
2823,YIR031C YPL262W,1.0,NA,0.0009024582686834037,567,3935,2725,99,0.4493584493584494,0.12594402487783207,0.8513513513513513,0.5908408408408409,0.4091591591591592
2824,YJL074C YER075C,0.0,NA,0.000903358100913465,567,3934,2726,99,0.4494949494949495,0.12597200622083982,0.8513513513513513,0.5906906906906907,0.4093093093093093
2825,YNL123W YER072W,0.0,NA,0.000905513355974108,567,3933,2727,99,0.44963144963144963,0.126,0.8513513513513513,0.5905405405405405,0.40945945945945944
2826,YKL210W YOR197W,0.0,NA,0.0009109496604651213,567,3932,2728,99,0.44976794976794976,0.12602800622360524,0.8513513513513513,0.5903903903903904,0.4096096096096096
2827,YER020W YER072W,0.0,NA,0.0009110485552810133,567,3931,2729,99,0.4499044499044499,0.12605602489995554,0.8513513513513513,0.5902402402402402,0.40975975975975976
2828,YLR293C YBL063W,0.0,NA,0.0009115947759710252,567,3930,2730,99,0.45004095004095,0.12608405603735823,0.8513513513513513,0.5900900900900901,0.4099099099099099
2829,YGR132C YLR117C,0.0,NA,0.0009132525883615017,567,3929,2731,99,0.4501774501774502,0.12611209964412812,0.8513513513513513,0.58993993993994,0.41006006006006007
2830,YNL213C YDR093W,0.0,NA,0.000913908937945962,567,3928,2732,99,0.45031395031395033,0.1261401557285873,0.8513513513513513,0.5897897897897898,0.4102102102102102
2831,YML024W YKR031C,0.0,NA,0.000916770426556468,567,3927,2733,99,0.45045045045045046,0.1261682242990654,0.8513513513513513,0.5896396396396396,0.4103603603603604
2832,YDL232W YJR025C,0.0,NA,0.0009186083916574717,567,3926,2734,99,0.4505869505869506,0.1261963053638994,0.8513513513513513,0.5894894894894895,0.4105105105105105
2833,YKR026C YER155C,0.0,NA,0.000925494241528213,567,3925,2735,99,0.4507234507234507,0.12622439893143367,0.8513513513513513,0.5893393393393394,0.41066066066066065
2834,YMR012W YKL004W,0.0,NA,0.0009342600242234766,567,3924,2736,99,0.45085995085995084,0.12625250501002003,0.8513513513513513,0.5891891891891892,0.41081081081081083
2835,YJR119C YNR070W,0.0,NA,0.0009362943819724023,567,3923,2737,99,0.45099645099645097,0.1262806236080178,0.8513513513513513,0.5890390390390391,0.41096096096096096
2836,YER183C YBR198C,0.0,NA,0.0009403792209923267,567,3922,2738,99,0.45113295113295115,0.12630875473379372,0.8513513513513513,0.5888888888888889,0.4111111111111111
2837,YLL034C YLR061W,0.0,NA,0.0009494441910646856,567,3921,2739,99,0.4512694512694513,0.12633689839572193,0.8513513513513513,0.5887387387387387,0.4112612612612613
2838,YDL001W YHR179W,0.0,NA,0.0009518579463474452,567,3920,2740,99,0.4514059514059514,0.12636505460218408,0.8513513513513513,0.5885885885885885,0.4114114114114114
2839,YJL025W YJR099W,0.0,NA,0.0009541542385704815,567,3919,2741,99,0.45154245154245154,0.12639322336156933,0.8513513513513513,0.5884384384384385,0.41156156156156154
2840,YER090W YMR079W,0.0,NA,0.0009572565904818475,567,3918,2742,99,0.45167895167895167,0.12642140468227425,0.8513513513513513,0.5882882882882883,0.4117117117117117
2841,YIR031C YOR065W,1.0,NA,0.0009579107281751931,566,3918,2742,100,0.45154245154245154,0.12622658340767173,0.8498498498498499,0.5882882882882883,0.4117117117117117
2842,YNL320W YDR152W,0.0,NA,0.0009627783438190818,566,3917,2743,100,0.45167895167895167,0.12625474012937765,0.8498498498498499,0.5881381381381381,0.41186186186186186
2843,YHR021C YBR044C,0.0,NA,0.000965070619713515,566,3916,2744,100,0.4518154518154518,0.12628290941543954,0.8498498498498499,0.587987987987988,0.412012012012012
2844,YOR245C YNL083W,0.0,NA,0.000965916900895536,566,3915,2745,100,0.4519519519519519,0.12631109127426915,0.8498498498498499,0.5878378378378378,0.41216216216216217
2845,YKL210W YML052W,0.0,NA,0.0009687693673186004,566,3914,2746,100,0.4520884520884521,0.1263392857142857,0.8498498498498499,0.5876876876876876,0.4123123123123123
2846,YGR097W YDR152W,0.0,NA,0.0009699738002382219,566,3913,2747,100,0.45222495222495224,0.12636749274391607,0.8498498498498499,0.5875375375375376,0.4124624624624625
2847,YKR004C YOR056C,0.0,NA,0.0009732896578498185,566,3912,2748,100,0.45236145236145237,0.12639571237159447,0.8498498498498499,0.5873873873873874,0.4126126126126126
2848,YPL117C YPR107C,0.0,NA,0.0009739157976582646,566,3911,2749,100,0.4524979524979525,0.12642394460576278,0.8498498498498499,0.5872372372372372,0.41276276276276275
2849,YMR289W YKL191W,0.0,NA,0.0009740521782077849,566,3910,2750,100,0.4526344526344526,0.1264521894548704,0.8498498498498499,0.5870870870870871,0.41291291291291293
2850,YNL328C YPR139C,0.0,NA,0.0009744429844431579,566,3909,2751,100,0.45277095277095275,0.1264804469273743,0.8498498498498499,0.5869369369369369,0.41306306306306306
2851,YGL030W YJR063W,0.0,NA,0.000977104646153748,566,3908,2752,100,0.45290745290745293,0.12650871703173894,0.8498498498498499,0.5867867867867868,0.4132132132132132
2852,YLR336C YIL077C,0.0,NA,0.0009778514504432678,566,3907,2753,100,0.45304395304395306,0.1265369997764364,0.8498498498498499,0.5866366366366367,0.4133633633633634
2853,YDR342C YKR096W,0.0,NA,0.0009782763663679361,566,3906,2754,100,0.4531804531804532,0.12656529516994633,0.8498498498498499,0.5864864864864865,0.4135135135135135
2854,YPL082C YJL138C,0.0,NA,0.0009783649584278464,566,3905,2755,100,0.4533169533169533,0.126593603220756,0.8498498498498499,0.5863363363363363,0.41366366366366364
2855,YJL089W YOR337W,0.0,NA,0.0009797734674066305,566,3904,2756,100,0.45345345345345345,0.1266219239373602,0.8498498498498499,0.5861861861861862,0.4138138138138138
2856,YER113C YMR262W,0.0,NA,0.0009822278516367078,566,3903,2757,100,0.4535899535899536,0.12665025732826135,0.8498498498498499,0.586036036036036,0.41396396396396395
2857,YPL111W YPR100W,1.0,NA,0.0009840308921411633,565,3903,2757,101,0.45345345345345345,0.12645478961504028,0.8483483483483484,0.586036036036036,0.41396396396396395
2858,YHR185C YBR302C,0.0,NA,0.0009855367243289948,565,3902,2758,101,0.4535899535899536,0.12648309827624804,0.8483483483483484,0.5858858858858859,0.41411411411411414
2859,YHL047C YNL189W,0.0,NA,0.0009892007801681757,565,3901,2759,101,0.4537264537264537,0.1265114196148679,0.8483483483483484,0.5857357357357358,0.41426426426426427
2860,YJL209W YOR136W,1.0,NA,0.0009893045062199235,564,3901,2759,102,0.4535899535899536,0.12631578947368421,0.8468468468468469,0.5857357357357358,0.41426426426426427
2861,YGL045W YKL191W,0.0,NA,0.0009919990552589297,564,3900,2760,102,0.4537264537264537,0.12634408602150538,0.8468468468468469,0.5855855855855856,0.4144144144144144
2862,YGR068C YHR179W,0.0,NA,0.0009935294510796666,564,3899,2761,102,0.4538629538629539,0.12637239524983196,0.8468468468468469,0.5854354354354354,0.4145645645645646
2863,YGL263W YHL024W,0.0,NA,0.0009995069121941924,564,3898,2762,102,0.453999453999454,0.1264007171671896,0.8468468468468469,0.5852852852852853,0.4147147147147147
2864,YJL164C YML012W,0.0,NA,0.0010011889971792698,564,3897,2763,102,0.45413595413595415,0.12642905178211164,0.8468468468468469,0.5851351351351352,0.41486486486486485
2865,YCR046C YGL130W,0.0,NA,0.0010016269516199827,564,3896,2764,102,0.4542724542724543,0.12645739910313902,0.8468468468468469,0.584984984984985,0.41501501501501503
2866,YJL020C YML052W,0.0,NA,0.001001922762952745,564,3895,2765,102,0.4544089544089544,0.12648575913882038,0.8468468468468469,0.5848348348348348,0.41516516516516516
2867,YOR344C YKL194C,0.0,NA,0.001005781814455986,564,3894,2766,102,0.45454545454545453,0.126514131897712,0.8468468468468469,0.5846846846846847,0.4153153153153153
2868,YDR100W YFR003C,0.0,NA,0.001010690233670175,564,3893,2767,102,0.45468195468195466,0.12654251738837782,0.8468468468468469,0.5845345345345345,0.4154654654654655
2869,YDR236C YDR194C,0.0,NA,0.0010119167855009437,564,3892,2768,102,0.45481845481845484,0.12657091561938957,0.8468468468468469,0.5843843843843843,0.4156156156156156
2870,YGR251W YPL266W,0.0,NA,0.001013284781947732,564,3891,2769,102,0.45495495495495497,0.1265993265993266,0.8468468468468469,0.5842342342342343,0.4157657657657658
2871,YGR047C YFR015C,0.0,NA,0.00101548433303833,564,3890,2770,102,0.4550914550914551,0.12662775033677592,0.8468468468468469,0.5840840840840841,0.4159159159159159
2872,YDR129C YDL128W,0.0,NA,0.0010158384684473276,564,3889,2771,102,0.4552279552279552,0.12665618684033236,0.8468468468468469,0.5839339339339339,0.41606606606606605
2873,YJL099W YDR522C,0.0,NA,0.001015868503600359,564,3888,2772,102,0.45536445536445536,0.12668463611859837,0.8468468468468469,0.5837837837837838,0.41621621621621624
2874,YKL194C YDR323C,0.0,NA,0.0010159187950193882,564,3887,2773,102,0.4555009555009555,0.12671309818018422,0.8468468468468469,0.5836336336336336,0.41636636636636637
2875,YOR223W YGR284C,0.0,NA,0.0010198908858001232,564,3886,2774,102,0.4556374556374556,0.12674157303370787,0.8468468468468469,0.5834834834834834,0.4165165165165165
2876,YOR107W YPL074W,0.0,NA,0.0010219801915809512,564,3885,2775,102,0.4557739557739558,0.126770060687795,0.8468468468468469,0.5833333333333334,0.4166666666666667
2877,YLR432W YOR017W,0.0,NA,0.0010279336711391807,564,3884,2776,102,0.4559104559104559,0.12679856115107913,0.8468468468468469,0.5831831831831832,0.4168168168168168
2878,YHL007C YPL050C,0.0,NA,0.0010304015595465899,564,3883,2777,102,0.45604695604695605,0.12682707443220148,0.8468468468468469,0.583033033033033,0.41696696696696695
2879,YCR060W YDL192W,0.0,NA,0.0010364791378378868,564,3882,2778,102,0.4561834561834562,0.12685560053981107,0.8468468468468469,0.5828828828828829,0.41711711711711713
2880,YER190W YDL002C,0.0,NA,0.0010371735552325845,564,3881,2779,102,0.4563199563199563,0.1268841394825647,0.8468468468468469,0.5827327327327327,0.41726726726726726
2881,YLR373C YLR157C,0.0,NA,0.0010400013998150826,564,3880,2780,102,0.45645645645645644,0.1269126912691269,0.8468468468468469,0.5825825825825826,0.4174174174174174
2882,YFL059W YPR098C,0.0,NA,0.0010404939530417323,564,3879,2781,102,0.45659295659295657,0.12694125590817015,0.8468468468468469,0.5824324324324325,0.4175675675675676
2883,YML025C YBR085W,1.0,NA,0.0010410720715299249,563,3879,2781,103,0.45645645645645644,0.12674470959027465,0.8453453453453453,0.5824324324324325,0.4175675675675676
2884,YKL086W YBL050W,0.0,NA,0.001045021926984191,563,3878,2782,103,0.45659295659295657,0.12677324926818284,0.8453453453453453,0.5822822822822823,0.4177177177177177
2885,YDR100W YNL113W,0.0,NA,0.0010494395392015576,563,3877,2783,103,0.45672945672945675,0.1268018018018018,0.8453453453453453,0.5821321321321321,0.4178678678678679
2886,YER024W YLR425W,0.0,NA,0.0010510534048080444,563,3876,2784,103,0.4568659568659569,0.12683036719981977,0.8453453453453453,0.581981981981982,0.418018018018018
2887,YPL246C YKL039W,0.0,NA,0.0010546804405748844,563,3875,2785,103,0.457002457002457,0.12685894547093285,0.8453453453453453,0.5818318318318318,0.41816816816816815
2888,YPL180W YIL053W,0.0,NA,0.0010551819577813148,563,3874,2786,103,0.45713895713895714,0.12688753662384494,0.8453453453453453,0.5816816816816817,0.41831831831831834
2889,YLL039C YML126C,0.0,NA,0.001055791275575757,563,3873,2787,103,0.45727545727545726,0.1269161406672678,0.8453453453453453,0.5815315315315316,0.41846846846846847
2890,YDL220C YGL091C,0.0,NA,0.0010593931656330824,563,3872,2788,103,0.4574119574119574,0.12694475760992108,0.8453453453453453,0.5813813813813814,0.4186186186186186
2891,YDR460W YLR182W,0.0,NA,0.001061499584466219,563,3871,2789,103,0.4575484575484575,0.12697338746053224,0.8453453453453453,0.5812312312312312,0.4187687687687688
2892,YDR434W YGL211W,0.0,NA,0.001062390860170126,563,3870,2790,103,0.4576849576849577,0.12700203022783668,0.8453453453453453,0.581081081081081,0.4189189189189189
2893,YLR139C YCR005C,1.0,NA,0.0010648247553035617,562,3870,2790,104,0.4575484575484575,0.12680505415162455,0.8438438438438438,0.581081081081081,0.4189189189189189
2894,YGL107C YBR085W,1.0,NA,0.0010661015985533595,561,3870,2790,105,0.4574119574119574,0.12660798916723087,0.8423423423423423,0.581081081081081,0.4189189189189189
2895,YFL059W YGL004C,0.0,NA,0.0010701291030272841,561,3869,2791,105,0.4575484575484575,0.12663656884875846,0.8423423423423423,0.580930930930931,0.41906906906906904
2896,YOR117W YHR029C,0.0,NA,0.0010705817257985473,561,3868,2792,105,0.4576849576849577,0.12666516143599008,0.8423423423423423,0.5807807807807808,0.41921921921921923
2897,YHR185C YDR060W,0.0,NA,0.0010712203802540898,561,3867,2793,105,0.45782145782145783,0.12669376693766937,0.8423423423423423,0.5806306306306306,0.41936936936936936
2898,YDR481C YHR058C,0.0,NA,0.0010745974723249674,561,3866,2794,105,0.45795795795795796,0.126722385362548,0.8423423423423423,0.5804804804804805,0.41951951951951955
2899,YOL072W YPR134W,0.0,NA,0.0010818687733262777,561,3865,2795,105,0.4580944580944581,0.12675101671938546,0.8423423423423423,0.5803303303303303,0.4196696696696697
2900,YNL166C YDR221W,0.0,NA,0.0010866522789001465,561,3864,2796,105,0.4582309582309582,0.12677966101694915,0.8423423423423423,0.5801801801801801,0.4198198198198198
2901,YBR204C YKL009W,0.0,NA,0.0010913694277405739,561,3863,2797,105,0.45836745836745835,0.12680831826401448,0.8423423423423423,0.5800300300300301,0.41996996996997
2902,YNL038W YHR058C,0.0,NA,0.001094793202355504,561,3862,2798,105,0.45850395850395853,0.1268369884693647,0.8423423423423423,0.5798798798798799,0.4201201201201201
2903,YBL040C YOR124C,0.0,NA,0.0010971308220177889,561,3861,2799,105,0.45864045864045866,0.12686567164179105,0.8423423423423423,0.5797297297297297,0.42027027027027025
2904,YBR222C YDL065C,0.0,NA,0.0010993183823302388,561,3860,2800,105,0.4587769587769588,0.12689436779009275,0.8423423423423423,0.5795795795795796,0.42042042042042044
2905,YJR155W YPL057C,0.0,NA,0.0011028784792870283,561,3859,2801,105,0.4589134589134589,0.12692307692307692,0.8423423423423423,0.5794294294294294,0.42057057057057057
2906,YDL154W YPL267W,0.0,NA,0.001103701419197023,561,3858,2802,105,0.45904995904995904,0.12695179904955872,0.8423423423423423,0.5792792792792792,0.4207207207207207
2907,YPL180W YCR008W,0.0,NA,0.0011043261038139462,561,3857,2803,105,0.4591864591864592,0.12698053417836125,0.8423423423423423,0.5791291291291292,0.4208708708708709
2908,YJL223C YGR208W,0.0,NA,0.0011065881699323654,561,3856,2804,105,0.4593229593229593,0.1270092823183156,0.8423423423423423,0.578978978978979,0.421021021021021
2909,YJL166W YJL209W,1.0,NA,0.0011121892603114247,560,3856,2804,106,0.4591864591864592,0.12681159420289856,0.8408408408408409,0.578978978978979,0.421021021021021
2910,YGR178C YOL112W,0.0,NA,0.001115120598115027,560,3855,2805,106,0.4593229593229593,0.12684031710079274,0.8408408408408409,0.5788288288288288,0.42117117117117114
2911,YOR099W YGR266W,0.0,NA,0.001119263586588204,560,3854,2806,106,0.4594594594594595,0.12686905301314,0.8408408408408409,0.5786786786786787,0.42132132132132133
2912,YGL061C YFL050C,0.0,NA,0.0011213693069294095,560,3853,2807,106,0.4595959595959596,0.12689780194878766,0.8408408408408409,0.5785285285285285,0.42147147147147146
2913,YJL198W YJL172W,0.0,NA,0.0011234895791858435,560,3852,2808,106,0.45973245973245974,0.12692656391659113,0.8408408408408409,0.5783783783783784,0.42162162162162165
2914,YJR025C YJL104W,0.0,NA,0.0011238406877964735,560,3851,2809,106,0.45986895986895987,0.12695533892541375,0.8408408408408409,0.5782282282282283,0.4217717717717718
2915,YDR429C YKL072W,0.0,NA,0.0011286319931969047,560,3850,2810,106,0.46000546000546,0.12698412698412698,0.8408408408408409,0.5780780780780781,0.4219219219219219
2916,YDR003W YFR048W,0.0,NA,0.0011287631932646036,560,3849,2811,106,0.4601419601419601,0.12701292810161036,0.8408408408408409,0.5779279279279279,0.4220720720720721
2917,YLR096W YGL156W,0.0,NA,0.0011294193100184202,560,3848,2812,106,0.46027846027846026,0.12704174228675136,0.8408408408408409,0.5777777777777777,0.4222222222222222
2918,YOR040W YHR185C,0.0,NA,0.001131092431023717,560,3847,2813,106,0.46041496041496044,0.12707056954844564,0.8408408408408409,0.5776276276276276,0.42237237237237235
2919,YOL091W YHR179W,0.0,NA,0.0011342462385073304,560,3846,2814,106,0.46055146055146057,0.12709940989559693,0.8408408408408409,0.5774774774774775,0.42252252252252254
2920,YGR009C YGL017W,0.0,NA,0.001135947066359222,560,3845,2815,106,0.4606879606879607,0.1271282633371169,0.8408408408408409,0.5773273273273273,0.42267267267267267
2921,YLR020C YDR141C,0.0,NA,0.001139636617153883,560,3844,2816,106,0.4608244608244608,0.1271571298819255,0.8408408408408409,0.5771771771771772,0.4228228228228228
2922,YLL025W YLR160C,0.0,NA,0.0011446860153228045,560,3843,2817,106,0.46096096096096095,0.1271860095389507,0.8408408408408409,0.577027027027027,0.422972972972973
2923,YNL161W YLR320W,0.0,NA,0.0011504610301926732,560,3842,2818,106,0.4610974610974611,0.12721490231712856,0.8408408408408409,0.5768768768768768,0.4231231231231231
2924,YCR093W YPL028W,0.0,NA,0.0011507734889164567,560,3841,2819,106,0.4612339612339612,0.12724380822540332,0.8408408408408409,0.5767267267267268,0.4232732732732733
2925,YPR192W YBL021C,0.0,NA,0.0011515365913510323,560,3840,2820,106,0.4613704613704614,0.12727272727272726,0.8408408408408409,0.5765765765765766,0.42342342342342343
2926,YIR031C YGL191W,1.0,NA,0.0011537919053807855,559,3840,2820,107,0.4612339612339612,0.12707433507615368,0.8393393393393394,0.5765765765765766,0.42342342342342343
2927,YKR017C YOL066C,0.0,NA,0.001160659478046,559,3839,2821,107,0.4613704613704614,0.12710322874033653,0.8393393393393394,0.5764264264264264,0.42357357357357356
2928,YNL008C YAR015W,0.0,NA,0.0011607678607106209,559,3838,2822,107,0.4615069615069615,0.12713213554696384,0.8393393393393394,0.5762762762762763,0.42372372372372374
2929,YOR180C YML015C,0.0,NA,0.0011621352750808,559,3837,2823,107,0.46164346164346165,0.12716105550500456,0.8393393393393394,0.5761261261261261,0.4238738738738739
2930,YBR070C YKL054C,0.0,NA,0.0011623080354183912,559,3836,2824,107,0.4617799617799618,0.12718998862343572,0.8393393393393394,0.5759759759759759,0.424024024024024
2931,YFR003C YCR076C,0.0,NA,0.00116377929225564,559,3835,2825,107,0.4619164619164619,0.12721893491124261,0.8393393393393394,0.5758258258258259,0.4241741741741742
2932,YHR074W YPR049C,0.0,NA,0.0011677158763632178,559,3834,2826,107,0.46205296205296204,0.12724789437741862,0.8393393393393394,0.5756756756756757,0.4243243243243243
2933,YBR145W YLR466W,0.0,NA,0.00117869779933244,559,3833,2827,107,0.46218946218946216,0.12727686703096538,0.8393393393393394,0.5755255255255255,0.42447447447447445
2934,YLL034C YGL035C,0.0,NA,0.001181397819891572,559,3832,2828,107,0.46232596232596235,0.12730585288089274,0.8393393393393394,0.5753753753753754,0.42462462462462464
2935,YLR336C YPR111W,0.0,NA,0.001181618426926434,559,3831,2829,107,0.4624624624624625,0.12733485193621868,0.8393393393393394,0.5752252252252252,0.42477477477477477
2936,YPL215W YKL085W,1.0,NA,0.0011846262495964766,558,3831,2829,108,0.46232596232596235,0.127136021872864,0.8378378378378378,0.5752252252252252,0.42477477477477477
2937,YOR090C YCR059C,0.0,NA,0.0011853069299831986,558,3830,2830,108,0.4624624624624625,0.12716499544211485,0.8378378378378378,0.575075075075075,0.42492492492492495
2938,YFL024C YDR378C,0.0,NA,0.0011854367330670357,558,3829,2831,108,0.4625989625989626,0.12719398222019604,0.8378378378378378,0.574924924924925,0.4250750750750751
2939,YBR301W YGL099W,0.0,NA,0.0011862285900861025,558,3828,2832,108,0.46273546273546273,0.12722298221614228,0.8378378378378378,0.5747747747747748,0.4252252252252252
2940,YNL239W YJL104W,0.0,NA,0.0011864274274557829,558,3827,2833,108,0.46287196287196286,0.12725199543899657,0.8378378378378378,0.5746246246246246,0.4253753753753754
2941,YER043C YLR360W,0.0,NA,0.0011887906584888697,558,3826,2834,108,0.463008463008463,0.1272810218978102,0.8378378378378378,0.5744744744744745,0.4255255255255255
2942,YOR173W YJR099W,0.0,NA,0.001190538052469492,558,3825,2835,108,0.4631449631449631,0.1273100616016427,0.8378378378378378,0.5743243243243243,0.42567567567567566
2943,YEL065W YPL030W,0.0,NA,0.0011966024758294225,558,3824,2836,108,0.4632814632814633,0.12733911455956184,0.8378378378378378,0.5741741741741742,0.42582582582582584
2944,YPR069C YDR440W,0.0,NA,0.001197292236611247,558,3823,2837,108,0.46341796341796343,0.12736818078064369,0.8378378378378378,0.574024024024024,0.425975975975976
2945,YEL069C YMR204C,0.0,NA,0.001210596994496882,558,3822,2838,108,0.46355446355446356,0.1273972602739726,0.8378378378378378,0.5738738738738739,0.4261261261261261
2946,YMR061W YDL128W,0.0,NA,0.0012106004869565368,558,3821,2839,108,0.4636909636909637,0.12742635304864125,0.8378378378378378,0.5737237237237237,0.4262762762762763
2947,YDR041W YPR185W,0.0,NA,0.0012107262155041099,558,3820,2840,108,0.4638274638274638,0.12745545911375056,0.8378378378378378,0.5735735735735735,0.4264264264264264
2948,YDR221W YBL008W,0.0,NA,0.001214515999890864,558,3819,2841,108,0.46396396396396394,0.12748457847840988,0.8378378378378378,0.5734234234234235,0.42657657657657655
2949,YBR039W YJR117W,0.0,NA,0.0012158527970314026,558,3818,2842,108,0.4641004641004641,0.12751371115173674,0.8378378378378378,0.5732732732732733,0.42672672672672673
2950,YDR517W YCL029C,0.0,NA,0.0012214466696605086,558,3817,2843,108,0.46423696423696426,0.12754285714285715,0.8378378378378378,0.5731231231231231,0.42687687687687687
2951,YDL028C YKL114C,0.0,NA,0.0012218329356983304,558,3816,2844,108,0.4643734643734644,0.12757201646090535,0.8378378378378378,0.572972972972973,0.42702702702702705
2952,YOR039W YBR302C,0.0,NA,0.0012257939670234919,558,3815,2845,108,0.4645099645099645,0.12760118911502402,0.8378378378378378,0.5728228228228228,0.4271771771771772
2953,YNL145W YEL065W,0.0,NA,0.0012277757050469518,558,3814,2846,108,0.46464646464646464,0.12763037511436415,0.8378378378378378,0.5726726726726726,0.4273273273273273
2954,YJR073C YFL053W,0.0,NA,0.0012339437380433083,558,3813,2847,108,0.46478296478296477,0.1276595744680851,0.8378378378378378,0.5725225225225226,0.4274774774774775
2955,YPR133W-A YIR018W,0.0,NA,0.001235922216437757,558,3812,2848,108,0.4649194649194649,0.1276887871853547,0.8378378378378378,0.5723723723723724,0.4276276276276276
2956,YBR008C YML124C,0.0,NA,0.001236350741237402,558,3811,2849,108,0.4650559650559651,0.12771801327534904,0.8378378378378378,0.5722222222222222,0.42777777777777776
2957,YJL019W YBR283C,0.0,NA,0.001243135891854763,558,3810,2850,108,0.4651924651924652,0.12774725274725274,0.8378378378378378,0.5720720720720721,0.42792792792792794
2958,YER190W YDR429C,0.0,NA,0.001248092856258154,558,3809,2851,108,0.46532896532896534,0.12777650561025877,0.8378378378378378,0.5719219219219219,0.4280780780780781
2959,YER003C YLR071C,0.0,NA,0.0012517620343714952,558,3808,2852,108,0.46546546546546547,0.12780577187356848,0.8378378378378378,0.5717717717717717,0.4282282282282282
2960,YPR128C YBR070C,0.0,NA,0.0012579004978761077,558,3807,2853,108,0.4656019656019656,0.12783505154639174,0.8378378378378378,0.5716216216216217,0.4283783783783784
2961,YDR481C YLR380W,0.0,NA,0.0012592467246577144,558,3806,2854,108,0.4657384657384657,0.12786434463794683,0.8378378378378378,0.5714714714714715,0.4285285285285285
2962,YDR497C YJR058C,0.0,NA,0.0012620649067685008,558,3805,2855,108,0.46587496587496585,0.12789365115746046,0.8378378378378378,0.5713213213213213,0.4286786786786787
2963,YCR020C-A YNR015W,0.0,NA,0.001262931851670146,558,3804,2856,108,0.46601146601146604,0.1279229711141678,0.8378378378378378,0.5711711711711712,0.42882882882882883
2964,YOR177C YDR060W,0.0,NA,0.0012641365174204111,558,3803,2857,108,0.46614796614796616,0.12795230451731254,0.8378378378378378,0.571021021021021,0.42897897897897896
2965,YPR139C YBR029C,0.0,NA,0.0012658353662118316,558,3802,2858,108,0.4662844662844663,0.12798165137614678,0.8378378378378378,0.5708708708708709,0.42912912912912915
2966,YIR010W YER110C,0.0,NA,0.001266017439775169,558,3801,2859,108,0.4664209664209664,0.12801101169993118,0.8378378378378378,0.5707207207207208,0.4292792792792793
2967,YMR058W YNL199C,0.0,NA,0.0012683046516031027,558,3800,2860,108,0.46655746655746655,0.12804038549793484,0.8378378378378378,0.5705705705705706,0.4294294294294294
2968,YNR013C YJL074C,0.0,NA,0.001269567641429603,558,3799,2861,108,0.4666939666939667,0.1280697727794354,0.8378378378378378,0.5704204204204204,0.4295795795795796
2969,YLR008C YJR013W,0.0,NA,0.0012732259929180145,558,3798,2862,108,0.4668304668304668,0.128099173553719,0.8378378378378378,0.5702702702702702,0.4297297297297297
2970,YJR019C YDL168W,0.0,NA,0.0012748907320201397,558,3797,2863,108,0.466966966966967,0.12812858783008035,0.8378378378378378,0.5701201201201201,0.42987987987987986
2971,YML078W YPL094C,0.0,NA,0.0012754567433148623,558,3796,2864,108,0.4671034671034671,0.1281580156178227,0.8378378378378378,0.56996996996997,0.43003003003003004
2972,YMR047C YDR517W,0.0,NA,0.0012769469758495688,558,3795,2865,108,0.46723996723996725,0.12818745692625774,0.8378378378378378,0.5698198198198198,0.43018018018018017
2973,YNL183C YML005W,0.0,NA,0.0012783646816387773,558,3794,2866,108,0.4673764673764674,0.12821691176470587,0.8378378378378378,0.5696696696696697,0.43033033033033036
2974,YBR088C YIL077C,0.0,NA,0.0012812939239665866,558,3793,2867,108,0.4675129675129675,0.12824638014249598,0.8378378378378378,0.5695195195195195,0.4304804804804805
2975,YIR004W YDR517W,0.0,NA,0.0012877709232270718,558,3792,2868,108,0.46764946764946763,0.12827586206896552,0.8378378378378378,0.5693693693693693,0.4306306306306306
2976,YDR373W YDR023W,0.0,NA,0.0012906884076073766,558,3791,2869,108,0.46778596778596776,0.12830535755346056,0.8378378378378378,0.5692192192192193,0.4307807807807808
2977,YEL060C YHR179W,0.0,NA,0.0012958853039890528,558,3790,2870,108,0.46792246792246794,0.12833486660533577,0.8378378378378378,0.5690690690690691,0.43093093093093093
2978,YIL160C YLR272C,0.0,NA,0.001296111149713397,558,3789,2871,108,0.4680589680589681,0.12836438923395446,0.8378378378378378,0.5689189189189189,0.43108108108108106
2979,YOL084W YLR160C,0.0,NA,0.0013023230712860823,558,3788,2872,108,0.4681954681954682,0.12839392544868844,0.8378378378378378,0.5687687687687688,0.43123123123123125
2980,YKR082W YBR003W,0.0,NA,0.0013025462394580245,558,3787,2873,108,0.46833196833196833,0.12842347525891828,0.8378378378378378,0.5686186186186186,0.4313813813813814
2981,YGL079W YNL083W,0.0,NA,0.0013048471882939339,558,3786,2874,108,0.46846846846846846,0.12845303867403315,0.8378378378378378,0.5684684684684684,0.4315315315315315
2982,YDR434W YFL048C,0.0,NA,0.001307944068685174,558,3785,2875,108,0.4686049686049686,0.1284826157034308,0.8378378378378378,0.5683183183183184,0.4316816816816817
2983,YPL082C YPL069C,0.0,NA,0.001310484018176794,558,3784,2876,108,0.4687414687414687,0.12851220635651772,0.8378378378378378,0.5681681681681682,0.4318318318318318
2984,YGL002W YIL051C,0.0,NA,0.001310500199906528,558,3783,2877,108,0.4688779688779689,0.12854181064270906,0.8378378378378378,0.568018018018018,0.43198198198198196
2985,YGR132C YHR025W,0.0,NA,0.0013147620484232903,558,3782,2878,108,0.469014469014469,0.12857142857142856,0.8378378378378378,0.5678678678678679,0.43213213213213214
2986,YCL030C YGR002C,0.0,NA,0.0013153270119801164,558,3781,2879,108,0.46915096915096915,0.1286010601521088,0.8378378378378378,0.5677177177177177,0.43228228228228227
2987,YOR020C YGR178C,0.0,NA,0.0013198017841205,558,3780,2880,108,0.4692874692874693,0.12863070539419086,0.8378378378378378,0.5675675675675675,0.43243243243243246
2988,YDR436W YBR172C,0.0,NA,0.0013261953135952353,558,3779,2881,108,0.4694239694239694,0.12866036430712474,0.8378378378378378,0.5674174174174175,0.4325825825825826
2989,YIL111W YNL185C,1.0,NA,0.00132742861751467,557,3779,2881,109,0.4692874692874693,0.12845940959409594,0.8363363363363363,0.5674174174174175,0.4325825825825826
2990,YGR034W YMR258C,0.0,NA,0.0013282342115417123,557,3778,2882,109,0.4694239694239694,0.1284890426758939,0.8363363363363363,0.5672672672672673,0.4327327327327327
2991,YPR134W YKL116C,0.0,NA,0.0013298303820192814,557,3777,2883,109,0.46956046956046954,0.12851868943239503,0.8363363363363363,0.5671171171171171,0.4328828828828829
2992,YDR295C YDR341C,0.0,NA,0.0013420205796137452,557,3776,2884,109,0.4696969696969697,0.12854834987306715,0.8363363363363363,0.5669669669669669,0.43303303303303303
2993,YPL089C YKL171W,0.0,NA,0.001342207076959312,557,3775,2885,109,0.46983346983346985,0.12857802400738688,0.8363363363363363,0.5668168168168168,0.43318318318318316
2994,YBR204C YHR046C,0.0,NA,0.0013442988274618983,557,3774,2886,109,0.46996996996997,0.12860771184483952,0.8363363363363363,0.5666666666666667,0.43333333333333335
2995,YPL057C YLR246W,0.0,NA,0.00134485203307122,557,3773,2887,109,0.4701064701064701,0.12863741339491916,0.8363363363363363,0.5665165165165165,0.4334834834834835
2996,YPR138C YKL090W,0.0,NA,0.0013502538204193115,557,3772,2888,109,0.47024297024297024,0.12866712866712868,0.8363363363363363,0.5663663663663664,0.4336336336336336
2997,YPL111W YGL191W,1.0,NA,0.001368899131193757,556,3772,2888,110,0.4701064701064701,0.12846580406654343,0.8348348348348348,0.5663663663663664,0.4336336336336336
2998,YPL089C YNR033W,0.0,NA,0.0013691233471035957,556,3771,2889,110,0.47024297024297024,0.12849549341345043,0.8348348348348348,0.5662162162162162,0.4337837837837838
2999,YGR279C YIR018W,0.0,NA,0.0013734330423176289,556,3770,2890,110,0.47037947037947037,0.12852519648636154,0.8348348348348348,0.566066066066066,0.4339339339339339
3000,YJL138C YMR322C,0.0,NA,0.0013739772839471698,556,3769,2891,110,0.4705159705159705,0.12855491329479768,0.8348348348348348,0.565915915915916,0.4340840840840841
3001,YKL143W YIL166C,0.0,NA,0.0013809496304020286,556,3768,2892,110,0.4706524706524707,0.12858464384828863,0.8348348348348348,0.5657657657657658,0.43423423423423424
3002,YDR434W YKL191W,0.0,NA,0.0013847333611920476,556,3767,2893,110,0.4707889707889708,0.12861438815637288,0.8348348348348348,0.5656156156156156,0.43438438438438437
3003,YDR459C YIL009W,0.0,NA,0.0013883077772334218,556,3766,2894,110,0.47092547092547093,0.12864414622859788,0.8348348348348348,0.5654654654654655,0.43453453453453456
3004,YMR204C YLR061W,0.0,NA,0.0013897086028009653,556,3765,2895,110,0.47106197106197106,0.12867391807451978,0.8348348348348348,0.5653153153153153,0.4346846846846847
3005,YGL053W YOR126C,0.0,NA,0.0013910883571952581,556,3764,2896,110,0.4711984711984712,0.1287037037037037,0.8348348348348348,0.5651651651651651,0.4348348348348348
3006,YPL042C YGR188C,0.0,NA,0.001391566707752645,556,3763,2897,110,0.4713349713349713,0.12873350312572354,0.8348348348348348,0.565015015015015,0.434984984984985
3007,YHR036W YHR058C,0.0,NA,0.0013943326193839312,556,3762,2898,110,0.47147147147147145,0.1287633163501621,0.8348348348348348,0.5648648648648649,0.43513513513513513
3008,YJR158W YJL165C,0.0,NA,0.0013989947037771344,556,3761,2899,110,0.47160797160797163,0.12879314338661108,0.8348348348348348,0.5647147147147147,0.43528528528528526
3009,YCR057C YBR172C,0.0,NA,0.001407803501933813,556,3760,2900,110,0.47174447174447176,0.12882298424467098,0.8348348348348348,0.5645645645645646,0.43543543543543545
3010,YJL209W YGL068W,1.0,NA,0.0014085129369050264,555,3760,2900,111,0.47160797160797163,0.12862108922363846,0.8333333333333334,0.5645645645645646,0.43543543543543545
3011,YAL029C YCR042C,0.0,NA,0.0014100804692134261,555,3759,2901,111,0.47174447174447176,0.1286509040333797,0.8333333333333334,0.5644144144144144,0.4355855855855856
3012,YLR085C YCR089W,0.0,NA,0.001416971324943006,555,3758,2902,111,0.4718809718809719,0.1286807326686761,0.8333333333333334,0.5642642642642642,0.43573573573573576
3013,YNL038W YPR145W,0.0,NA,0.0014240097953006625,555,3757,2903,111,0.472017472017472,0.12871057513914658,0.8333333333333334,0.5641141141141142,0.4358858858858859
3014,YGR038W YLR258W,0.0,NA,0.0014242837205529213,555,3756,2904,111,0.47215397215397215,0.12874043145441894,0.8333333333333334,0.563963963963964,0.436036036036036
3015,YCR043C YNL069C,0.0,NA,0.0014287056401371956,555,3755,2905,111,0.4722904722904723,0.12877030162412992,0.8333333333333334,0.5638138138138138,0.4361861861861862
3016,YMR289W YDL227C,0.0,NA,0.0014315001899376512,555,3754,2906,111,0.4724269724269724,0.12880018565792528,0.8333333333333334,0.5636636636636637,0.43633633633633634
3017,YDR076W YKR031C,0.0,NA,0.0014337458414956927,555,3753,2907,111,0.4725634725634726,0.1288300835654596,0.8333333333333334,0.5635135135135135,0.43648648648648647
3018,YLR139C YPL183W-A,1.0,NA,0.0014351076679304242,554,3753,2907,112,0.4724269724269724,0.12862781518458324,0.8318318318318318,0.5635135135135135,0.43648648648648647
3019,YER123W YOL089C,0.0,NA,0.0014362507499754429,554,3752,2908,112,0.4725634725634726,0.12865768694844404,0.8318318318318318,0.5633633633633633,0.43663663663663665
3020,YCR092C YLR182W,0.0,NA,0.0014438122743740678,554,3751,2909,112,0.4726999726999727,0.12868757259001162,0.8318318318318318,0.5632132132132132,0.4367867867867868
3021,YHR196W YPL086C,0.0,NA,0.0014471173053607345,554,3750,2910,112,0.47283647283647284,0.12871747211895912,0.8318318318318318,0.5630630630630631,0.4369369369369369
3022,YLR170C YLR071C,0.0,NA,0.0014500997494906187,554,3749,2911,112,0.47297297297297297,0.12874738554496862,0.8318318318318318,0.5629129129129129,0.4370870870870871
3023,YNL298W YEL065W,0.0,NA,0.00145165272988379,554,3748,2912,112,0.4731094731094731,0.12877731287773128,0.8318318318318318,0.5627627627627627,0.43723723723723723
3024,YOR177C YAL029C,0.0,NA,0.0014527784660458565,554,3747,2913,112,0.47324597324597323,0.1288072541269472,0.8318318318318318,0.5626126126126126,0.43738738738738736
3025,YDL246C YGL048C,0.0,NA,0.0014554953668266535,554,3746,2914,112,0.47338247338247336,0.1288372093023256,0.8318318318318318,0.5624624624624625,0.43753753753753755
3026,YNL088W YGR252W,0.0,NA,0.0014616373227909207,554,3745,2915,112,0.47351897351897354,0.12886717841358455,0.8318318318318318,0.5623123123123123,0.4376876876876877
3027,YCR021C YHR103W,0.0,NA,0.001464850502088666,554,3744,2916,112,0.47365547365547367,0.12889716147045138,0.8318318318318318,0.5621621621621622,0.43783783783783786
3028,YML124C YDR323C,0.0,NA,0.0014652118552476168,554,3743,2917,112,0.4737919737919738,0.1289271584826623,0.8318318318318318,0.562012012012012,0.437987987987988
3029,YGL048C YKR104W,0.0,NA,0.0014657715801149607,554,3742,2918,112,0.4739284739284739,0.12895716945996274,0.8318318318318318,0.5618618618618618,0.4381381381381381
3030,YKL194C YGR260W,0.0,NA,0.0014674307312816381,554,3741,2919,112,0.47406497406497405,0.1289871944121071,0.8318318318318318,0.5617117117117117,0.4382882882882883
3031,YML097C YPR158W,0.0,NA,0.001468666479922831,554,3740,2920,112,0.4742014742014742,0.12901723334885887,0.8318318318318318,0.5615615615615616,0.43843843843843844
3032,YDL126C YPL092W,0.0,NA,0.0014748360263183713,554,3739,2921,112,0.4743379743379743,0.12904728627999068,0.8318318318318318,0.5614114114114114,0.43858858858858857
3033,YER090W YBL087C,0.0,NA,0.0014799132477492094,554,3738,2922,112,0.4744744744744745,0.12907735321528424,0.8318318318318318,0.5612612612612613,0.43873873873873875
3034,YDR141C YMR183C,0.0,NA,0.0014807266416028142,554,3737,2923,112,0.4746109746109746,0.1291074341645304,0.8318318318318318,0.5611111111111111,0.4388888888888889
3035,YPR069C YFL007W,0.0,NA,0.0014842574018985033,554,3736,2924,112,0.47474747474747475,0.12913752913752913,0.8318318318318318,0.5609609609609609,0.439039039039039
3036,YER024W YBR188C,0.0,NA,0.0014844369143247604,554,3735,2925,112,0.4748839748839749,0.12916763814408952,0.8318318318318318,0.5608108108108109,0.4391891891891892
3037,YGL095C YBL079W,0.0,NA,0.0014862190000712872,554,3734,2926,112,0.475020475020475,0.12919776119402984,0.8318318318318318,0.5606606606606607,0.43933933933933933
3038,YLR367W YOR152C,0.0,NA,0.0014907859731465578,554,3733,2927,112,0.47515697515697514,0.1292278982971775,0.8318318318318318,0.5605105105105105,0.4394894894894895
3039,YNR013C YKL010C,0.0,NA,0.0014918581582605839,554,3732,2928,112,0.4752934752934753,0.1292580494633691,0.8318318318318318,0.5603603603603604,0.43963963963963965
3040,YFL024C YML052W,0.0,NA,0.0014976569218561053,554,3731,2929,112,0.47542997542997545,0.12928821470245042,0.8318318318318318,0.5602102102102102,0.4397897897897898
3041,YHR036W YBR101C,0.0,NA,0.0014983430737629533,554,3730,2930,112,0.4755664755664756,0.1293183940242764,0.8318318318318318,0.56006006006006,0.43993993993993996
3042,YDR530C YER037W,0.0,NA,0.0014984873123466969,554,3729,2931,112,0.4757029757029757,0.1293485874387112,0.8318318318318318,0.55990990990991,0.4400900900900901
3043,YHR021C YDL080C,0.0,NA,0.0015005534514784813,554,3728,2932,112,0.47583947583947583,0.1293787949556282,0.8318318318318318,0.5597597597597598,0.4402402402402402
3044,YDR300C YBR283C,0.0,NA,0.0015023606829345226,554,3727,2933,112,0.47597597597597596,0.12940901658491008,0.8318318318318318,0.5596096096096096,0.4403903903903904
3045,YOL072W YOR311C,0.0,NA,0.0015028542838990688,554,3726,2934,112,0.4761124761124761,0.1294392523364486,0.8318318318318318,0.5594594594594594,0.44054054054054054
3046,YGL238W YLR418C,0.0,NA,0.00150326790753752,554,3725,2935,112,0.4762489762489763,0.1294695022201449,0.8318318318318318,0.5593093093093093,0.44069069069069067
3047,YGL126W YDL231C,0.0,NA,0.0015040654689073563,554,3724,2936,112,0.4763854763854764,0.1294997662459093,0.8318318318318318,0.5591591591591591,0.44084084084084085
3048,YDL120W YHL004W,1.0,NA,0.001505158725194633,553,3724,2936,113,0.4762489762489763,0.12929623567921442,0.8303303303303303,0.5591591591591591,0.44084084084084085
3049,YLR027C YPL092W,0.0,NA,0.0015052332310006022,553,3723,2937,113,0.4763854763854764,0.1293264733395697,0.8303303303303303,0.559009009009009,0.440990990990991
3050,YDL246C YLR071C,0.0,NA,0.001507361768744886,553,3722,2938,113,0.47652197652197653,0.12935672514619884,0.8303303303303303,0.5588588588588589,0.44114114114114117
3051,YPL215W YBR085W,1.0,NA,0.0015087102074176073,552,3722,2938,114,0.4763854763854764,0.129153018249883,0.8288288288288288,0.5588588588588589,0.44114114114114117
3052,YDR508C YNL247W,0.0,NA,0.001511438051238656,552,3721,2939,114,0.47652197652197653,0.1291832436227475,0.8288288288288288,0.5587087087087087,0.4412912912912913
3053,YLR234W YDL048C,0.0,NA,0.0015152422711253166,552,3720,2940,114,0.47665847665847666,0.12921348314606743,0.8288288288288288,0.5585585585585585,0.44144144144144143
3054,YML124C YMR205C,0.0,NA,0.0015159118920564651,552,3719,2941,114,0.4767949767949768,0.12924373682978224,0.8288288288288288,0.5584084084084084,0.4415915915915916
3055,YGR068C YEL004W,0.0,NA,0.001534002018161118,552,3718,2942,114,0.4769314769314769,0.12927400468384076,0.8288288288288288,0.5582582582582583,0.44174174174174174
3056,YOR311C YDR482C,0.0,NA,0.0015410073101520538,552,3717,2943,114,0.47706797706797704,0.129304286718201,0.8288288288288288,0.5581081081081081,0.4418918918918919
3057,YHR140W YGR043C,0.0,NA,0.0015497126150876284,552,3716,2944,114,0.47720447720447723,0.12933458294283037,0.8288288288288288,0.557957957957958,0.44204204204204206
3058,YDR436W YMR113W,0.0,NA,0.0015505111077800393,552,3715,2945,114,0.47734097734097736,0.12936489336770565,0.8288288288288288,0.5578078078078078,0.4421921921921922
3059,YLR139C YGL068W,1.0,NA,0.0015524389455094934,551,3715,2945,115,0.47720447720447723,0.12916080637599625,0.8273273273273273,0.5578078078078078,0.4421921921921922
3060,YPL190C YDR076W,0.0,NA,0.0015531042590737343,551,3714,2946,115,0.47734097734097736,0.12919109026963657,0.8273273273273273,0.5576576576576576,0.4423423423423423
3061,YIL160C YGR119C,0.0,NA,0.0015592804411426187,551,3713,2947,115,0.4774774774774775,0.12922138836772984,0.8273273273273273,0.5575075075075075,0.4424924924924925
3062,YDR395W YJL138C,0.0,NA,0.0015616652090102434,551,3712,2948,115,0.4776139776139776,0.1292517006802721,0.8273273273273273,0.5573573573573574,0.44264264264264264
3063,YOL013C YAR015W,0.0,NA,0.0015640254132449627,551,3711,2949,115,0.47775047775047774,0.1292820272172689,0.8273273273273273,0.5572072072072072,0.44279279279279277
3064,YDR119W YLR371W,0.0,NA,0.0015642920043319464,551,3710,2950,115,0.47788697788697787,0.12931236798873505,0.8273273273273273,0.5570570570570571,0.44294294294294295
3065,YNL116W YKR025W,0.0,NA,0.0015682829543948174,551,3709,2951,115,0.478023478023478,0.12934272300469485,0.8273273273273273,0.5569069069069069,0.4430930930930931
3066,YIL079C YFL054C,0.0,NA,0.0015692897140979767,551,3708,2952,115,0.4781599781599782,0.12937309227518196,0.8273273273273273,0.5567567567567567,0.44324324324324327
3067,YOL108C YER078C,0.0,NA,0.0015717361820861697,551,3707,2953,115,0.4782964782964783,0.12940347581023956,0.8273273273273273,0.5566066066066067,0.4433933933933934
3068,YGL032C YMR285C,0.0,NA,0.001575735630467534,551,3706,2954,115,0.47843297843297844,0.12943387361992012,0.8273273273273273,0.5564564564564565,0.44354354354354353
3069,YKL060C YNL313C,0.0,NA,0.0015762803377583623,551,3705,2955,115,0.47856947856947857,0.12946428571428573,0.8273273273273273,0.5563063063063063,0.4436936936936937
3070,YPL111W YGL040C,1.0,NA,0.0015785407740622759,550,3705,2955,116,0.47843297843297844,0.12925969447708577,0.8258258258258259,0.5563063063063063,0.4436936936936937
3071,YJR075W YFL048C,0.0,NA,0.0015801303088665009,550,3704,2956,116,0.47856947856947857,0.12929007992477667,0.8258258258258259,0.5561561561561561,0.44384384384384384
3072,YBL013W YOR074C,0.0,NA,0.0015846624737605453,550,3703,2957,116,0.4787059787059787,0.12932047966141547,0.8258258258258259,0.556006006006006,0.443993993993994
3073,YLL031C YBL064C,0.0,NA,0.001585711375810206,550,3702,2958,116,0.4788424788424788,0.12935089369708372,0.8258258258258259,0.5558558558558558,0.44414414414414416
3074,YGL151W YNL290W,0.0,NA,0.0015868594637140632,550,3701,2959,116,0.47897897897897895,0.1293813220418725,0.8258258258258259,0.5557057057057057,0.4442942942942943
3075,YOR311C YDR517W,0.0,NA,0.0015906625194475055,550,3700,2960,116,0.47911547911547914,0.12941176470588237,0.8258258258258259,0.5555555555555556,0.4444444444444444
3076,YOR382W YDR494W,0.0,NA,0.0015938719734549522,550,3699,2961,116,0.47925197925197927,0.12944222169922334,0.8258258258258259,0.5554054054054054,0.4445945945945946
3077,YDR013W YNR035C,0.0,NA,0.001594671979546547,550,3698,2962,116,0.4793884793884794,0.12947269303201506,0.8258258258258259,0.5552552552552552,0.44474474474474474
3078,YBL107C YFL002C,0.0,NA,0.0015960574382916093,550,3697,2963,116,0.4795249795249795,0.12950317871438663,0.8258258258258259,0.5551051051051051,0.4448948948948949
3079,YKL090W YDR091C,0.0,NA,0.001596849295310676,550,3696,2964,116,0.47966147966147965,0.12953367875647667,0.8258258258258259,0.554954954954955,0.44504504504504505
3080,YOR198C YHR025W,0.0,NA,0.00160037144087255,550,3695,2965,116,0.4797979797979798,0.12956419316843346,0.8258258258258259,0.5548048048048048,0.4451951951951952
3081,YCR063W YGL092W,0.0,NA,0.0016015253495424986,550,3694,2966,116,0.4799344799344799,0.12959472196041472,0.8258258258258259,0.5546546546546547,0.44534534534534537
3082,YCR020C-A YIR028W,0.0,NA,0.0016073243459686637,550,3693,2967,116,0.4800709800709801,0.1296252651425878,0.8258258258258259,0.5545045045045045,0.4454954954954955
3083,YKL096W YPL156C,0.0,NA,0.001609756494872272,550,3692,2968,116,0.4802074802074802,0.12965582272512965,0.8258258258258259,0.5543543543543543,0.4456456456456456
3084,YMR053C YDR525W-A,0.0,NA,0.0016148239374160767,550,3691,2969,116,0.48034398034398035,0.12968639471822682,0.8258258258258259,0.5542042042042042,0.4457957957957958
3085,YDL154W YNL113W,0.0,NA,0.0016148777212947607,550,3690,2970,116,0.4804804804804805,0.12971698113207547,0.8258258258258259,0.5540540540540541,0.44594594594594594
3086,YGL059W YLR259C,0.0,NA,0.0016377229476347566,550,3689,2971,116,0.4806169806169806,0.12974758197688133,0.8258258258258259,0.5539039039039039,0.4460960960960961
3087,YNL147W YMR190C,0.0,NA,0.0016538877971470356,550,3688,2972,116,0.48075348075348073,0.12977819726285983,0.8258258258258259,0.5537537537537538,0.44624624624624626
3088,YNR017W YOR007C,0.0,NA,0.00166786159388721,550,3687,2973,116,0.4808899808899809,0.12980882700023602,0.8258258258258259,0.5536036036036036,0.4463963963963964
3089,YML097C YNL081C,0.0,NA,0.0016701513668522239,550,3686,2974,116,0.48102648102648105,0.12983947119924458,0.8258258258258259,0.5534534534534534,0.4465465465465465
3090,YNR049C YGL032C,0.0,NA,0.0016701704589650035,550,3685,2975,116,0.4811629811629812,0.12987012987012986,0.8258258258258259,0.5533033033033034,0.4466966966966967
3091,YLR272C YJR063W,0.0,NA,0.0016711089992895722,550,3684,2976,116,0.4812994812994813,0.12990080302314597,0.8258258258258259,0.5531531531531532,0.44684684684684683
3092,YGL207W YLR157C,0.0,NA,0.0016850741812959313,550,3683,2977,116,0.48143598143598143,0.12993149066855658,0.8258258258258259,0.553003003003003,0.446996996996997
3093,YLR359W YJL210W,0.0,NA,0.0016864913050085306,550,3682,2978,116,0.48157248157248156,0.12996219281663515,0.8258258258258259,0.5528528528528529,0.44714714714714715
3094,YDL236W YIL017C,0.0,NA,0.0016948403790593147,550,3681,2979,116,0.4817089817089817,0.12999290947766484,0.8258258258258259,0.5527027027027027,0.4472972972972973
3095,YDR300C YDR128W,0.0,NA,0.0016975338803604245,550,3680,2980,116,0.48184548184548187,0.13002364066193853,0.8258258258258259,0.5525525525525525,0.44744744744744747
3096,YHR025W YNL092W,0.0,NA,0.0017002999084070325,550,3679,2981,116,0.481981981981982,0.1300543863797588,0.8258258258258259,0.5524024024024023,0.4475975975975976
3097,YKL148C YPL111W,1.0,NA,0.001702342415228486,549,3679,2981,117,0.48184548184548187,0.12984862819299905,0.8243243243243243,0.5524024024024023,0.4475975975975976
3098,YOR180C YLR340W,0.0,NA,0.0017075268551707268,549,3678,2982,117,0.481981981981982,0.12987934705464868,0.8243243243243243,0.5522522522522523,0.4477477477477477
3099,YJR064W YKL072W,0.0,NA,0.0017177205299958587,549,3677,2983,117,0.48211848211848213,0.12991008045433033,0.8243243243243243,0.5521021021021021,0.4478978978978979
3100,YJL063C YPL111W,1.0,NA,0.0017274817219004035,548,3677,2983,118,0.481981981981982,0.1297041420118343,0.8228228228228228,0.5521021021021021,0.4478978978978979
3101,YGL203C YDL243C,0.0,NA,0.0017409538850188255,548,3676,2984,118,0.48211848211848213,0.12973484848484848,0.8228228228228228,0.5519519519519519,0.44804804804804804
3102,YIL134W YGL099W,0.0,NA,0.00174727663397789,548,3675,2985,118,0.48225498225498226,0.1297655695003552,0.8228228228228228,0.5518018018018018,0.44819819819819817
3103,YDL231C YBL107C,0.0,NA,0.001751030096784234,548,3674,2986,118,0.4823914823914824,0.12979630506868783,0.8228228228228228,0.5516516516516516,0.44834834834834836
3104,YGR284C YLR445W,0.0,NA,0.001756171928718686,548,3673,2987,118,0.4825279825279825,0.12982705520018953,0.8228228228228228,0.5515015015015015,0.4484984984984985
3105,YGR152C YML011C,0.0,NA,0.001761644147336483,548,3672,2988,118,0.48266448266448264,0.12985781990521328,0.8228228228228228,0.5513513513513514,0.4486486486486487
3106,YIL005W YML052W,0.0,NA,0.0017637064447626472,548,3671,2989,118,0.4828009828009828,0.12988859919412182,0.8228228228228228,0.5512012012012012,0.4487987987987988
3107,YKL141W YPL111W,1.0,NA,0.0017659611767157912,547,3671,2989,119,0.48266448266448264,0.1296823138928402,0.8213213213213213,0.5512012012012012,0.4487987987987988
3108,YDR436W YGL156W,0.0,NA,0.001767246052622795,547,3670,2990,119,0.4828009828009828,0.1297130661607778,0.8213213213213213,0.551051051051051,0.44894894894894893
3109,YKL210W YDR069C,0.0,NA,0.001802388927899301,547,3669,2991,119,0.48293748293748295,0.1297438330170778,0.8213213213213213,0.5509009009009009,0.4490990990990991
3110,YPR178W YIR027C,0.0,NA,0.001809101551771164,547,3668,2992,119,0.4830739830739831,0.12977461447212338,0.8213213213213213,0.5507507507507508,0.44924924924924925
3111,YDR003W YLR425W,0.0,NA,0.0018132689874619246,547,3667,2993,119,0.4832104832104832,0.12980541053630754,0.8213213213213213,0.5506006006006006,0.4493993993993994
3112,YCR011C YDR479C,0.0,NA,0.001814014744013548,547,3666,2994,119,0.48334698334698334,0.12983622122003324,0.8213213213213213,0.5504504504504505,0.44954954954954957
3113,YBR223C YFL003C,0.0,NA,0.0018397648818790913,547,3665,2995,119,0.48348348348348347,0.1298670465337132,0.8213213213213213,0.5503003003003003,0.4496996996996997
3114,YOR090C YGR032W,0.0,NA,0.0018516364507377148,547,3664,2996,119,0.4836199836199836,0.12989788648777012,0.8213213213213213,0.5501501501501501,0.4498498498498498
3115,YKL072W YDR128W,0.0,NA,0.0018598540918901563,547,3663,2997,119,0.4837564837564838,0.12992874109263658,0.8213213213213213,0.55,0.45
3116,YHR074W YDR180W,0.0,NA,0.0018611362902447581,547,3662,2998,119,0.4838929838929839,0.12995961035875506,0.8213213213213213,0.5498498498498499,0.45015015015015014
3117,YLR139C YPR100W,1.0,NA,0.0018620879855006933,546,3662,2998,120,0.4837564837564838,0.12975285171102663,0.8198198198198198,0.5498498498498499,0.45015015015015014
3118,YPR185W YGL032C,0.0,NA,0.0018767042784020305,546,3661,2999,120,0.4838929838929839,0.129783693843594,0.8198198198198198,0.5496996996996997,0.4503003003003003
3119,YBL013W YNR058W,0.0,NA,0.001877712202258408,546,3660,3000,120,0.48402948402948404,0.12981455064194009,0.8198198198198198,0.5495495495495496,0.45045045045045046
3120,YOR021C YLR132C,0.0,NA,0.0019099413184449077,546,3659,3001,120,0.48416598416598416,0.12984542211652794,0.8198198198198198,0.5493993993993994,0.4506006006006006
3121,YJL132W YJL198W,0.0,NA,0.0019152407767251134,546,3658,3002,120,0.4843024843024843,0.12987630827783064,0.8198198198198198,0.5492492492492492,0.4507507507507508
3122,YDR447C YOL080C,0.0,NA,0.0019293938530609012,546,3657,3003,120,0.4844389844389844,0.1299072091363312,0.8198198198198198,0.5490990990990992,0.4509009009009009
3123,YJL066C YJR111C,0.0,NA,0.0019356680568307638,546,3656,3004,120,0.48457548457548455,0.1299381247025226,0.8198198198198198,0.548948948948949,0.45105105105105103
3124,YMR133W YDR143C,0.0,NA,0.001936646644026041,546,3655,3005,120,0.48471198471198473,0.1299690549869079,0.8198198198198198,0.5487987987987988,0.4512012012012012
3125,YOR173W YOR393W,0.0,NA,0.0019377273274585605,546,3654,3006,120,0.48484848484848486,0.13,0.8198198198198198,0.5486486486486486,0.45135135135135135
3126,YCL040W YLR466W,0.0,NA,0.0019514275481924415,546,3653,3007,120,0.484984984984985,0.13003095975232198,0.8198198198198198,0.5484984984984985,0.4515015015015015
3127,YPL183W-A YPL111W,1.0,NA,0.0019518249901011586,545,3653,3007,121,0.48484848484848486,0.12982372558361124,0.8183183183183184,0.5484984984984985,0.4515015015015015
3128,YCR029C-A YGL048C,0.0,NA,0.0019534085877239704,545,3652,3008,121,0.484984984984985,0.12985465808911126,0.8183183183183184,0.5483483483483483,0.45165165165165166
3129,YMR061W YJL010C,0.0,NA,0.001954280538484454,545,3651,3009,121,0.4851214851214851,0.12988560533841753,0.8183183183183184,0.5481981981981981,0.4518018018018018
3130,YOL142W YPL266W,0.0,NA,0.0019564973190426826,545,3650,3010,121,0.48525798525798525,0.1299165673420739,0.8183183183183184,0.5480480480480481,0.4519519519519519
3131,YGL045W YPL123C,0.0,NA,0.0019608766306191683,545,3649,3011,121,0.4853944853944854,0.12994754411063425,0.8183183183183184,0.5478978978978979,0.4521021021021021
3132,YDL168W YLR445W,0.0,NA,0.0019700881093740463,545,3648,3012,121,0.4855309855309855,0.12997853565466252,0.8183183183183184,0.5477477477477477,0.45225225225225224
3133,YGR044C YLL039C,0.0,NA,0.00197236193343997,545,3647,3013,121,0.4856674856674857,0.13000954198473283,0.8183183183183184,0.5475975975975976,0.4524024024024024
3134,YBL040C YML069W,0.0,NA,0.001972686732187867,545,3646,3014,121,0.4858039858039858,0.13004056311142925,0.8183183183183184,0.5474474474474474,0.45255255255255256
3135,YLL034C YNL053W,0.0,NA,0.0019775857217609882,545,3645,3015,121,0.48594048594048594,0.13007159904534607,0.8183183183183184,0.5472972972972973,0.4527027027027027
3136,YLR254C YCL026C-B,0.0,NA,0.001982829300686717,545,3644,3016,121,0.4860769860769861,0.1301026497970876,0.8183183183183184,0.5471471471471472,0.45285285285285287
3137,YKR097W YDR412W,0.0,NA,0.0019858793821185827,545,3643,3017,121,0.4862134862134862,0.1301337153772684,0.8183183183183184,0.546996996996997,0.453003003003003
3138,YJL148W YJR063W,0.0,NA,0.0019887336529791355,545,3642,3018,121,0.48634998634998633,0.13016479579651302,0.8183183183183184,0.5468468468468468,0.45315315315315313
3139,YKL159C YIL168W,0.0,NA,0.001993289217352867,545,3641,3019,121,0.4864864864864865,0.1301958910654563,0.8183183183183184,0.5466966966966967,0.4533033033033033
3140,YKR030W YMR279C,0.0,NA,0.0020028757862746716,545,3640,3020,121,0.48662298662298664,0.13022700119474312,0.8183183183183184,0.5465465465465466,0.45345345345345345
3141,YER148W YGR142W,0.0,NA,0.0020110071636736393,545,3639,3021,121,0.48675948675948677,0.1302581261950287,0.8183183183183184,0.5463963963963964,0.4536036036036036
3142,YOR090C YBR089C-A,0.0,NA,0.0020146085880696774,545,3638,3022,121,0.4868959868959869,0.13028926607697824,0.8183183183183184,0.5462462462462463,0.45375375375375376
3143,YCR096C YJR152W,0.0,NA,0.0020206980407238007,545,3637,3023,121,0.487032487032487,0.13032042085126733,0.8183183183183184,0.5460960960960961,0.4539039039039039
3144,YIL135C YLR220W,0.0,NA,0.0020255616400390863,545,3636,3024,121,0.48716898716898716,0.13035159052858167,0.8183183183183184,0.5459459459459459,0.4540540540540541
3145,YLR359W YKR026C,0.0,NA,0.0020262037869542837,545,3635,3025,121,0.4873054873054873,0.1303827751196172,0.8183183183183184,0.5457957957957958,0.4542042042042042
3146,YIL056W YOR017W,0.0,NA,0.0020363745279610157,545,3634,3026,121,0.48744198744198747,0.13041397463508017,0.8183183183183184,0.5456456456456457,0.45435435435435434
3147,YBR088C YEL004W,0.0,NA,0.0020423992536962032,545,3633,3027,121,0.4875784875784876,0.13044518908568692,0.8183183183183184,0.5454954954954955,0.4545045045045045
3148,YMR257C YDR039C,0.0,NA,0.002051030518487096,545,3632,3028,121,0.4877149877149877,0.13047641848216424,0.8183183183183184,0.5453453453453454,0.45465465465465466
3149,YDR297W YIL126W,0.0,NA,0.002055926015600562,545,3631,3029,121,0.48785148785148785,0.13050766283524903,0.8183183183183184,0.5451951951951952,0.4548048048048048
3150,YIL030C YNL069C,0.0,NA,0.0020570005290210247,545,3630,3030,121,0.487987987987988,0.13053892215568863,0.8183183183183184,0.545045045045045,0.45495495495495497
3151,YDR437W YEL069C,0.0,NA,0.002059499965980649,545,3629,3031,121,0.4881244881244881,0.13057019645424053,0.8183183183183184,0.5448948948948948,0.4551051051051051
3152,YBR018C YER058W,0.0,NA,0.002060060855001211,545,3628,3032,121,0.48826098826098824,0.13060148574167266,0.8183183183183184,0.5447447447447448,0.45525525525525523
3153,YLR359W YFL048C,0.0,NA,0.002060158643871546,545,3627,3033,121,0.4883974883974884,0.13063279002876318,0.8183183183183184,0.5445945945945946,0.4554054054054054
3154,YNL006W YOR106W,0.0,NA,0.002067998517304659,545,3626,3034,121,0.48853398853398855,0.13066410932630065,0.8183183183183184,0.5444444444444444,0.45555555555555555
3155,YGR152C YBR004C,0.0,NA,0.002076955046504736,545,3625,3035,121,0.4886704886704887,0.13069544364508393,0.8183183183183184,0.5442942942942943,0.45570570570570573
3156,YBR223C YBL040C,0.0,NA,0.0020790158305317163,545,3624,3036,121,0.4888069888069888,0.13072679299592227,0.8183183183183184,0.5441441441441441,0.45585585585585586
3157,YHR092C YGL068W,1.0,NA,0.002079443307593465,544,3624,3036,122,0.4886704886704887,0.13051823416506717,0.8168168168168168,0.5441441441441441,0.45585585585585586
3158,YOL032W YJL090C,0.0,NA,0.0020829946734011173,544,3623,3037,122,0.4888069888069888,0.13054955603551716,0.8168168168168168,0.543993993993994,0.456006006006006
3159,YMR295C YJL198W,0.0,NA,0.0020887991413474083,544,3622,3038,122,0.48894348894348894,0.13058089294287087,0.8168168168168168,0.5438438438438439,0.4561561561561562
3160,YDL171C YNL147W,0.0,NA,0.0020903104450553656,544,3621,3039,122,0.48907998907998906,0.1306122448979592,0.8168168168168168,0.5436936936936937,0.4563063063063063
3161,YJR006W YLR259C,0.0,NA,0.00210832292214036,544,3620,3040,122,0.4892164892164892,0.13064361191162344,0.8168168168168168,0.5435435435435435,0.45645645645645644
3162,YMR303C YBR127C,0.0,NA,0.0021089953370392323,544,3619,3041,122,0.4893529893529894,0.13067499399471535,0.8168168168168168,0.5433933933933934,0.4566066066066066
3163,YLR182W YER053C,0.0,NA,0.00211420189589262,544,3618,3042,122,0.4894894894894895,0.13070639115809707,0.8168168168168168,0.5432432432432432,0.45675675675675675
3164,YJL008C YFL003C,0.0,NA,0.0021288858260959387,544,3617,3043,122,0.48962598962598963,0.13073780341264118,0.8168168168168168,0.5430930930930931,0.4569069069069069
3165,YCR055C YOL058W,0.0,NA,0.002137403469532728,544,3616,3044,122,0.48976248976248976,0.13076923076923078,0.8168168168168168,0.542942942942943,0.45705705705705707
3166,YPL111W YOR065W,1.0,NA,0.0021404323633760214,543,3616,3044,123,0.48962598962598963,0.1305602308247175,0.8153153153153153,0.542942942942943,0.45705705705705707
3167,YJL145W YOL058W,0.0,NA,0.002142584417015314,543,3615,3045,123,0.48976248976248976,0.1305916305916306,0.8153153153153153,0.5427927927927928,0.4572072072072072
3168,YDR023W YNL199C,0.0,NA,0.0021456675603985786,543,3614,3046,123,0.4898989898989899,0.13062304546547993,0.8153153153153153,0.5426426426426426,0.45735735735735733
3169,YML016C YMR008C,0.0,NA,0.002150442684069276,543,3613,3047,123,0.49003549003549,0.13065447545717035,0.8153153153153153,0.5424924924924925,0.4575075075075075
3170,YKL099C YCR097WB,0.0,NA,0.002167171100154519,543,3612,3048,123,0.49017199017199015,0.13068592057761733,0.8153153153153153,0.5423423423423424,0.45765765765765765
3171,YLR139C YJL063C,1.0,NA,0.0021720726508647203,542,3612,3048,124,0.49003549003549,0.13047664901299952,0.8138138138138138,0.5423423423423424,0.45765765765765765
3172,YHR096C YJL177W,0.0,NA,0.0021725294645875692,542,3611,3049,124,0.49017199017199015,0.13050806645798219,0.8138138138138138,0.5421921921921922,0.45780780780780783
3173,YGL126W YIR018W,0.0,NA,0.0021739171352237463,542,3610,3050,124,0.49030849030849033,0.13053949903660886,0.8138138138138138,0.5420420420420421,0.45795795795795796
3174,YHR039C YBR121C,0.0,NA,0.0021793998312205076,542,3609,3051,124,0.49044499044499046,0.13057094675981692,0.8138138138138138,0.5418918918918919,0.4581081081081081
3175,YOL142W YDR273W,0.0,NA,0.002182097639888525,542,3608,3052,124,0.4905814905814906,0.1306024096385542,0.8138138138138138,0.5417417417417417,0.4582582582582583
3176,YER072W YPL110C,0.0,NA,0.0021909174975007772,542,3607,3053,124,0.4907179907179907,0.13063388768377923,0.8138138138138138,0.5415915915915915,0.4584084084084084
3177,YOR067C YKL178C,0.0,NA,0.002201324561610818,542,3606,3054,124,0.49085449085449084,0.13066538090646093,0.8138138138138138,0.5414414414414415,0.45855855855855854
3178,YAL001C YDL048C,0.0,NA,0.0022044710349291563,542,3605,3055,124,0.49099099099099097,0.13069688931757897,0.8138138138138138,0.5412912912912913,0.4587087087087087
3179,YLR096W YCR021C,0.0,NA,0.002209082478657365,542,3604,3056,124,0.4911274911274911,0.13072841292812348,0.8138138138138138,0.5411411411411411,0.45885885885885885
3180,YLR336C YDR120C,0.0,NA,0.002210331382229924,542,3603,3057,124,0.4912639912639913,0.1307599517490953,0.8138138138138138,0.540990990990991,0.459009009009009
3181,YLR460C YKL103C,0.0,NA,0.002214837120845914,542,3602,3058,124,0.4914004914004914,0.13079150579150578,0.8138138138138138,0.5408408408408408,0.45915915915915917
3182,YEL040W YEL069C,0.0,NA,0.0022228495217859745,542,3601,3059,124,0.49153699153699154,0.13082307506637703,0.8138138138138138,0.5406906906906906,0.4593093093093093
3183,YOL072W YDR293C,0.0,NA,0.0022250779438763857,542,3600,3060,124,0.49167349167349167,0.13085465958474168,0.8138138138138138,0.5405405405405406,0.4594594594594595
3184,YER122C YHR104W,0.0,NA,0.0022326919715851545,542,3599,3061,124,0.4918099918099918,0.1308862593576431,0.8138138138138138,0.5403903903903904,0.4596096096096096
3185,YOL089C YDR462W,0.0,NA,0.0022344666067510843,542,3598,3062,124,0.4919464919464919,0.13091787439613525,0.8138138138138138,0.5402402402402402,0.45975975975975975
3186,YGL197W YGR208W,0.0,NA,0.002247381955385208,542,3597,3063,124,0.4920829920829921,0.13094950471128292,0.8138138138138138,0.5400900900900901,0.45990990990990993
3187,YEL036C YOR045W,0.0,NA,0.002253887942060828,542,3596,3064,124,0.49221949221949224,0.13098115031416144,0.8138138138138138,0.5399399399399399,0.46006006006006006
3188,YHR001W YDR300C,0.0,NA,0.002254675142467022,542,3595,3065,124,0.49235599235599237,0.1310128112158569,0.8138138138138138,0.5397897897897898,0.4602102102102102
3189,YPL180W YBL079W,0.0,NA,0.002257820451632142,542,3594,3066,124,0.4924924924924925,0.13104448742746616,0.8138138138138138,0.5396396396396397,0.4603603603603604
3190,YLR014C YER043C,0.0,NA,0.002272180514410138,542,3593,3067,124,0.4926289926289926,0.13107617896009674,0.8138138138138138,0.5394894894894895,0.4605105105105105
3191,YPL266W YBR004C,0.0,NA,0.002277021761983633,542,3592,3068,124,0.49276549276549275,0.13110788582486696,0.8138138138138138,0.5393393393393393,0.46066066066066064
3192,YGL238W YJL104W,0.0,NA,0.002285087015479803,542,3591,3069,124,0.4929019929019929,0.1311396080329059,0.8138138138138138,0.5391891891891892,0.4608108108108108
3193,YHR089C YDR405W,0.0,NA,0.0022865727078169584,542,3590,3070,124,0.49303849303849306,0.13117134559535334,0.8138138138138138,0.539039039039039,0.46096096096096095
3194,YNL027W YIR002C,0.0,NA,0.002293630503118038,542,3589,3071,124,0.4931749931749932,0.13120309852335996,0.8138138138138138,0.5388888888888889,0.46111111111111114
3195,YML051W YOR372C,0.0,NA,0.0023003071546554565,542,3588,3072,124,0.4933114933114933,0.13123486682808716,0.8138138138138138,0.5387387387387388,0.46126126126126127
3196,YDL113C YDL227C,0.0,NA,0.0023062527179718018,542,3587,3073,124,0.49344799344799345,0.13126665052070718,0.8138138138138138,0.5385885885885886,0.4614114114114114
3197,YBR223C YLR182W,0.0,NA,0.002317744540050626,542,3586,3074,124,0.4935844935844936,0.1312984496124031,0.8138138138138138,0.5384384384384384,0.4615615615615616
3198,YLR348C YCR105W,0.0,NA,0.002322824439033866,542,3585,3075,124,0.4937209937209937,0.1313302641143688,0.8138138138138138,0.5382882882882883,0.4617117117117117
3199,YIL108W YBL051C,0.0,NA,0.0023293220438063145,542,3584,3076,124,0.49385749385749383,0.13136209403780902,0.8138138138138138,0.5381381381381382,0.46186186186186184
3200,YLR096W YBR013C,0.0,NA,0.00233471835963428,542,3583,3077,124,0.493993993993994,0.1313939393939394,0.8138138138138138,0.537987987987988,0.46201201201201203
3201,YER020W YER075C,0.0,NA,0.0023360447958111763,542,3582,3078,124,0.49413049413049415,0.13142580019398642,0.8138138138138138,0.5378378378378378,0.46216216216216216
3202,YBR173C YGL139W,0.0,NA,0.002336578443646431,542,3581,3079,124,0.4942669942669943,0.1314576764491875,0.8138138138138138,0.5376876876876877,0.4623123123123123
3203,YLR085C YPR106W,0.0,NA,0.002337127458304167,542,3580,3080,124,0.4944034944034944,0.13148956817079088,0.8138138138138138,0.5375375375375375,0.4624624624624625
3204,YPR138C YFL047W,0.0,NA,0.0023516907822340727,542,3579,3081,124,0.49453999453999453,0.13152147537005582,0.8138138138138138,0.5373873873873873,0.4626126126126126
3205,YBL020W YMR316C-A,0.0,NA,0.0023529017344117165,542,3578,3082,124,0.49467649467649466,0.13155339805825242,0.8138138138138138,0.5372372372372373,0.46276276276276274
3206,YPR168W YJL138C,0.0,NA,0.0023610596545040607,542,3577,3083,124,0.4948129948129948,0.1315853362466618,0.8138138138138138,0.5370870870870871,0.4629129129129129
3207,YGL002W YDL132W,0.0,NA,0.002365329535678029,542,3576,3084,124,0.494949494949495,0.131617289946576,0.8138138138138138,0.5369369369369369,0.46306306306306305
3208,YPR023C YDL022W,0.0,NA,0.002380640944465995,542,3575,3085,124,0.4950859950859951,0.13164925916929804,0.8138138138138138,0.5367867867867868,0.46321321321321324
3209,YMR295C YFL002C,0.0,NA,0.002387463813647628,542,3574,3086,124,0.49522249522249523,0.1316812439261419,0.8138138138138138,0.5366366366366366,0.46336336336336337
3210,YER056C YNR047W,0.0,NA,0.0023874773178249598,542,3573,3087,124,0.49535899535899536,0.13171324422843256,0.8138138138138138,0.5364864864864864,0.4635135135135135
3211,YKR026C YNR058W,0.0,NA,0.0024003933649510145,542,3572,3088,124,0.4954954954954955,0.1317452600875061,0.8138138138138138,0.5363363363363364,0.4636636636636637
3212,YHR018C YGR047C,0.0,NA,0.002407661871984601,542,3571,3089,124,0.4956319956319956,0.13177729151470946,0.8138138138138138,0.5361861861861862,0.4638138138138138
3213,YPL111W YPL262W,1.0,NA,0.002416071482002735,541,3571,3089,125,0.4954954954954955,0.13156614785992218,0.8123123123123123,0.5361861861861862,0.4638138138138138
3214,YKL021C YDR089W,0.0,NA,0.002428538864478469,541,3570,3090,125,0.4956319956319956,0.13159815130138652,0.8123123123123123,0.536036036036036,0.46396396396396394
3215,YNL189W YGL263W,0.0,NA,0.0024327938444912434,541,3569,3091,125,0.49576849576849574,0.1316301703163017,0.8123123123123123,0.5358858858858859,0.46411411411411413
3216,YDR295C YNL088W,0.0,NA,0.002437726128846407,541,3568,3092,125,0.4959049959049959,0.13166220491603797,0.8123123123123123,0.5357357357357357,0.46426426426426426
3217,YDL246C YGL004C,0.0,NA,0.0024570650421082973,541,3567,3093,125,0.49604149604149606,0.13169425511197663,0.8123123123123123,0.5355855855855856,0.4644144144144144
3218,YGR068C YCR105W,0.0,NA,0.002457268303260207,541,3566,3094,125,0.4961779961779962,0.1317263209155101,0.8123123123123123,0.5354354354354355,0.4645645645645646
3219,YEL053C YLR380W,0.0,NA,0.002458280650898814,541,3565,3095,125,0.4963144963144963,0.1317584023380419,0.8123123123123123,0.5352852852852853,0.4647147147147147
3220,YNL160W YDL089W,0.0,NA,0.002458973089233041,541,3564,3096,125,0.49645099645099644,0.1317904993909866,0.8123123123123123,0.5351351351351351,0.4648648648648649
3221,YOL109W YDR389W,0.0,NA,0.0024637544993311167,541,3563,3097,125,0.49658749658749657,0.13182261208576998,0.8123123123123123,0.534984984984985,0.465015015015015
3222,YIL051C YJR019C,0.0,NA,0.002473863074555993,541,3562,3098,125,0.4967239967239967,0.13185474043382892,0.8123123123123123,0.5348348348348348,0.46516516516516515
3223,YDL028C YGR057C,0.0,NA,0.002481011440977454,541,3561,3099,125,0.4968604968604969,0.1318868844466114,0.8123123123123123,0.5346846846846847,0.46531531531531534
3224,YOL142W YJL108C,0.0,NA,0.0024833183269947767,541,3560,3100,125,0.496996996996997,0.1319190441355767,0.8123123123123123,0.5345345345345346,0.46546546546546547
3225,YPR133W-A YHR070W,0.0,NA,0.0024920650757849216,541,3559,3101,125,0.49713349713349714,0.13195121951219513,0.8123123123123123,0.5343843843843844,0.4656156156156156
3226,YEL053C YOR211C,0.0,NA,0.0024943703319877386,541,3558,3102,125,0.49726999726999727,0.13198341058794827,0.8123123123123123,0.5342342342342342,0.4657657657657658
3227,YEL053C YER175C,0.0,NA,0.0024991966784000397,541,3557,3103,125,0.4974064974064974,0.13201561737432893,0.8123123123123123,0.534084084084084,0.4659159159159159
3228,YGR258C YLR090W,0.0,NA,0.0025043014902621508,541,3556,3104,125,0.4975429975429975,0.1320478398828411,0.8123123123123123,0.533933933933934,0.46606606606606604
3229,YER190W YOR198C,0.0,NA,0.002505433512851596,541,3555,3105,125,0.4976794976794977,0.132080078125,0.8123123123123123,0.5337837837837838,0.46621621621621623
3230,YGL156W YLR072W,0.0,NA,0.0025075722951442003,541,3554,3106,125,0.49781599781599783,0.13211233211233211,0.8123123123123123,0.5336336336336336,0.46636636636636636
3231,YKL216W YGR271C-A,0.0,NA,0.002512275939807296,541,3553,3107,125,0.49795249795249796,0.1321446018563752,0.8123123123123123,0.5334834834834835,0.46651651651651654
3232,YLR310C YLR160C,0.0,NA,0.002513385144993663,541,3552,3108,125,0.4980889980889981,0.13217688736867822,0.8123123123123123,0.5333333333333333,0.4666666666666667
3233,YCR020C-A YBR072W,0.0,NA,0.0025153346359729767,541,3551,3109,125,0.4982254982254982,0.13220918866080156,0.8123123123123123,0.5331831831831831,0.4668168168168168
3234,YBR229C YOR148C,0.0,NA,0.0025198201183229685,541,3550,3110,125,0.49836199836199835,0.13224150574431678,0.8123123123123123,0.5330330330330331,0.466966966966967
3235,YPL190C YPL086C,0.0,NA,0.0025238431990146637,541,3549,3111,125,0.4984984984984985,0.13227383863080686,0.8123123123123123,0.5328828828828829,0.4671171171171171
3236,YLR034C YOR025W,0.0,NA,0.0025445481296628714,541,3548,3112,125,0.49863499863499866,0.13230618733186597,0.8123123123123123,0.5327327327327327,0.46726726726726725
3237,YGR055W YFL010W-A,0.0,NA,0.002564019989222288,541,3547,3113,125,0.4987714987714988,0.13233855185909982,0.8123123123123123,0.5325825825825826,0.46741741741741744
3238,YDR100W YER148W,0.0,NA,0.0025832694955170155,541,3546,3114,125,0.4989079989079989,0.13237093222412527,0.8123123123123123,0.5324324324324324,0.46756756756756757
3239,YLR025W YBR044C,0.0,NA,0.002587058814242482,541,3545,3115,125,0.49904449904449905,0.13240332843857072,0.8123123123123123,0.5322822822822822,0.4677177177177177
3240,YCL032W YGR080W,0.0,NA,0.002589934505522251,541,3544,3116,125,0.4991809991809992,0.1324357405140759,0.8123123123123123,0.5321321321321322,0.4678678678678679
3241,YNL318C YJR160C,0.0,NA,0.0025969799607992172,541,3543,3117,125,0.4993174993174993,0.13246816846229187,0.8123123123123123,0.531981981981982,0.468018018018018
3242,YJL063C YLR028C,1.0,NA,0.002605258719995618,540,3543,3117,126,0.4991809991809992,0.13225569434239529,0.8108108108108109,0.531981981981982,0.468018018018018
3243,YGR097W YPR021C,0.0,NA,0.0026278768200427294,540,3542,3118,126,0.4993174993174993,0.13228809407153355,0.8108108108108109,0.5318318318318318,0.46816816816816814
3244,YKL156W YEL036C,0.0,NA,0.0026343788485974073,540,3541,3119,126,0.49945399945399943,0.13232050967900025,0.8108108108108109,0.5316816816816817,0.4683183183183183
3245,YJL172W YLR371W,0.0,NA,0.0026352684944868088,540,3540,3120,126,0.4995904995904996,0.1323529411764706,0.8108108108108109,0.5315315315315315,0.46846846846846846
3246,YJL184W YOR346W,0.0,NA,0.002637909259647131,540,3539,3121,126,0.49972699972699974,0.13238538857563129,0.8108108108108109,0.5313813813813814,0.46861861861861864
3247,YJR072C YML102W,0.0,NA,0.0026412985753268003,540,3538,3122,126,0.49986349986349987,0.13241785188818048,0.8108108108108109,0.5312312312312313,0.4687687687687688
3248,YGL126W YOR179C,0.0,NA,0.00265279202722013,540,3537,3123,126,0.5,0.13245033112582782,0.8108108108108109,0.5310810810810811,0.4689189189189189
3249,YIL046W YLR258W,0.0,NA,0.002659127814695239,540,3536,3124,126,0.5001365001365001,0.1324828263002944,0.8108108108108109,0.5309309309309309,0.4690690690690691
3250,YOR130C YPL024W,0.0,NA,0.002661162056028843,540,3535,3125,126,0.5002730002730003,0.1325153374233129,0.8108108108108109,0.5307807807807807,0.4692192192192192
3251,YDR390C YGL091C,0.0,NA,0.0026800143532454967,540,3534,3126,126,0.5004095004095004,0.1325478645066274,0.8108108108108109,0.5306306306306307,0.46936936936936935
3252,YBR192W YLR246W,0.0,NA,0.002682373160496354,540,3533,3127,126,0.5005460005460005,0.13258040756199363,0.8108108108108109,0.5304804804804805,0.46951951951951953
3253,YOR090C YDR237W,0.0,NA,0.002683679573237896,540,3532,3128,126,0.5006825006825006,0.13261296660117877,0.8108108108108109,0.5303303303303303,0.46966966966966966
3254,YJR155W YNL244C,0.0,NA,0.002702541882172227,540,3531,3129,126,0.5008190008190008,0.13264554163596168,0.8108108108108109,0.5301801801801802,0.4698198198198198
3255,YMR289W YDR218C,0.0,NA,0.0027050210628658533,540,3530,3130,126,0.500955500955501,0.13267813267813267,0.8108108108108109,0.53003003003003,0.46996996996997
3256,YDR003W YER143W,0.0,NA,0.002720118500292301,540,3529,3131,126,0.5010920010920011,0.13271073973949374,0.8108108108108109,0.5298798798798798,0.4701201201201201
3257,YGR281W YMR197C,0.0,NA,0.00272354600019753,540,3528,3132,126,0.5012285012285013,0.13274336283185842,0.8108108108108109,0.5297297297297298,0.4702702702702703
3258,YLR459W YDR374C,0.0,NA,0.002731948858126998,540,3527,3133,126,0.5013650013650014,0.1327760019670519,0.8108108108108109,0.5295795795795796,0.4704204204204204
3259,YDR071C YHR104W,0.0,NA,0.002734366338700056,540,3526,3134,126,0.5015015015015015,0.13280865715691098,0.8108108108108109,0.5294294294294294,0.47057057057057056
3260,YLR268W YGL059W,0.0,NA,0.002736720722168684,540,3525,3135,126,0.5016380016380017,0.13284132841328414,0.8108108108108109,0.5292792792792793,0.47072072072072074
3261,YJL108C YLR013W,0.0,NA,0.0027446290478110313,540,3524,3136,126,0.5017745017745018,0.1328740157480315,0.8108108108108109,0.5291291291291291,0.4708708708708709
3262,YGR068C YBR208C,0.0,NA,0.0027571844402700663,540,3523,3137,126,0.5019110019110019,0.13290671917302485,0.8108108108108109,0.5289789789789789,0.471021021021021
3263,YGR091W YDR395W,0.0,NA,0.0027611362747848034,540,3522,3138,126,0.502047502047502,0.1329394387001477,0.8108108108108109,0.5288288288288289,0.4711711711711712
3264,YLR376C YOR045W,0.0,NA,0.0027657514438033104,540,3521,3139,126,0.5021840021840022,0.13297217434129524,0.8108108108108109,0.5286786786786787,0.4713213213213213
3265,YJL132W YPL259C,0.0,NA,0.002770863939076662,540,3520,3140,126,0.5023205023205023,0.1330049261083744,0.8108108108108109,0.5285285285285285,0.47147147147147145
3266,YIL144W YJR155W,0.0,NA,0.0027731049340218306,540,3519,3141,126,0.5024570024570024,0.13303769401330376,0.8108108108108109,0.5283783783783784,0.47162162162162163
3267,YDL132W YHR036W,0.0,NA,0.0027738118078559637,540,3518,3142,126,0.5025935025935026,0.1330704780680138,0.8108108108108109,0.5282282282282282,0.47177177177177176
3268,YPL152W YER024W,0.0,NA,0.0027801236137747765,540,3517,3143,126,0.5027300027300027,0.13310327828444662,0.8108108108108109,0.528078078078078,0.47192192192192195
3269,YPL156C YCL026C-B,0.0,NA,0.002798565197736025,540,3516,3144,126,0.5028665028665029,0.13313609467455623,0.8108108108108109,0.527927927927928,0.4720720720720721
3270,YMR138W YFL017C,0.0,NA,0.002798746107146144,540,3515,3145,126,0.503003003003003,0.13316892725030827,0.8108108108108109,0.5277777777777778,0.4722222222222222
3271,YGR078C YIL062C,0.0,NA,0.0028067745734006166,540,3514,3146,126,0.5031395031395032,0.13320177602368033,0.8108108108108109,0.5276276276276276,0.4723723723723724
3272,YLR139C YOR136W,1.0,NA,0.0028088174294680357,539,3514,3146,127,0.503003003003003,0.13298791018998274,0.8093093093093093,0.5276276276276276,0.4723723723723724
3273,YIR010W YER078C,0.0,NA,0.0028108693659305573,539,3513,3147,127,0.5031395031395032,0.1330207305034551,0.8093093093093093,0.5274774774774775,0.4725225225225225
3274,YHR036W YKR031C,0.0,NA,0.0028210885357111692,539,3512,3148,127,0.5032760032760033,0.13305356702048876,0.8093093093093093,0.5273273273273273,0.47267267267267266
3275,YLR025W YKL135C,0.0,NA,0.002834197599440813,539,3511,3149,127,0.5034125034125034,0.1330864197530864,0.8093093093093093,0.5271771771771772,0.47282282282282284
3276,YDR365C YJR119C,0.0,NA,0.0028425974305719137,539,3510,3150,127,0.5035490035490036,0.13311928871326253,0.8093093093093093,0.527027027027027,0.47297297297297297
3277,YDR255C YMR027W,0.0,NA,0.0028467336669564247,539,3509,3151,127,0.5036855036855037,0.1331521739130435,0.8093093093093093,0.5268768768768769,0.4731231231231231
3278,YLR028C YML025C,1.0,NA,0.002849745564162731,538,3509,3151,128,0.5035490035490036,0.13293797874969113,0.8078078078078078,0.5268768768768769,0.4731231231231231
3279,YCR008W YPL051W,0.0,NA,0.0028521912172436714,538,3508,3152,128,0.5036855036855037,0.1329708353929807,0.8078078078078078,0.5267267267267267,0.4732732732732733
3280,YDR257C YOR056C,0.0,NA,0.002856707898899913,538,3507,3153,128,0.5038220038220038,0.13300370828182942,0.8078078078078078,0.5265765765765765,0.4734234234234234
3281,YOR373W YLR115W,0.0,NA,0.002859325148165226,538,3506,3154,128,0.503958503958504,0.13303659742828883,0.8078078078078078,0.5264264264264265,0.47357357357357355
3282,YGL002W YGR057C,0.0,NA,0.0028625980485230684,538,3505,3155,128,0.5040950040950041,0.13306950284442245,0.8078078078078078,0.5262762762762763,0.47372372372372373
3283,YGL116W YPR168W,0.0,NA,0.002863033441826701,538,3504,3156,128,0.5042315042315042,0.13310242454230578,0.8078078078078078,0.5261261261261261,0.47387387387387386
3284,YHL011C YEL069C,0.0,NA,0.002864035777747631,538,3503,3157,128,0.5043680043680043,0.13313536253402622,0.8078078078078078,0.525975975975976,0.47402402402402405
3285,YDR516C YLR042C,0.0,NA,0.0028672514017671347,538,3502,3158,128,0.5045045045045045,0.13316831683168318,0.8078078078078078,0.5258258258258258,0.4741741741741742
3286,YML082W YNL010W,0.0,NA,0.0028796731494367123,538,3501,3159,128,0.5046410046410046,0.13320128744738796,0.8078078078078078,0.5256756756756756,0.4743243243243243
3287,YOL013C YHR185C,0.0,NA,0.0028866284992545843,538,3500,3160,128,0.5047775047775048,0.133234274393264,0.8078078078078078,0.5255255255255256,0.4744744744744745
3288,YOR130C YDR013W,0.0,NA,0.0028869856614619493,538,3499,3161,128,0.504914004914005,0.1332672776814466,0.8078078078078078,0.5253753753753754,0.4746246246246246
3289,YML051W YDL128W,0.0,NA,0.0028992746956646442,538,3498,3162,128,0.5050505050505051,0.13330029732408324,0.8078078078078078,0.5252252252252252,0.47477477477477475
3290,YBR198C YPL092W,0.0,NA,0.0029065345879644156,538,3497,3163,128,0.5051870051870052,0.13333333333333333,0.8078078078078078,0.5250750750750751,0.47492492492492494
3291,YKL069W YDR237W,0.0,NA,0.00290932459756732,538,3496,3164,128,0.5053235053235053,0.13336638572136836,0.8078078078078078,0.5249249249249249,0.47507507507507507
3292,YOL142W YDR032C,0.0,NA,0.0029160522390156984,538,3495,3165,128,0.5054600054600055,0.13339945450037194,0.8078078078078078,0.5247747747747747,0.4752252252252252
3293,YJL166W YPL111W,1.0,NA,0.002918368438258767,537,3495,3165,129,0.5053235053235053,0.1331845238095238,0.8063063063063063,0.5247747747747747,0.4752252252252252
3294,YLL031C YGR252W,0.0,NA,0.002918376587331295,537,3494,3166,129,0.5054600054600055,0.13321756387993053,0.8063063063063063,0.5246246246246247,0.4753753753753754
3295,YLR348C YBR192W,0.0,NA,0.0029223200399428606,537,3493,3167,129,0.5055965055965056,0.13325062034739454,0.8063063063063063,0.5244744744744745,0.4755255255255255
3296,YDR120C YML015C,0.0,NA,0.002931825118139386,537,3492,3168,129,0.5057330057330057,0.1332836932241251,0.8063063063063063,0.5243243243243243,0.4756756756756757
3297,YDR076W YPL006W,0.0,NA,0.002951701870188117,537,3491,3169,129,0.5058695058695059,0.1333167825223436,0.8063063063063063,0.5241741741741742,0.47582582582582583
3298,YGR292W YPR101W,0.0,NA,0.0029586199671030045,537,3490,3170,129,0.506006006006006,0.1333498882542836,0.8063063063063063,0.524024024024024,0.47597597597597596
3299,YER143W YIR037W,0.0,NA,0.0029599762056022882,537,3489,3171,129,0.5061425061425061,0.13338301043219075,0.8063063063063063,0.5238738738738739,0.47612612612612615
3300,YPR022C YER066W,0.0,NA,0.0029668232891708612,537,3488,3172,129,0.5062790062790062,0.13341614906832297,0.8063063063063063,0.5237237237237238,0.4762762762762763
3301,YDR119W YJL104W,0.0,NA,0.0029793523717671633,537,3487,3173,129,0.5064155064155064,0.1334493041749503,0.8063063063063063,0.5235735735735736,0.4764264264264264
3302,YDR093W YJL223C,0.0,NA,0.0029809644911438227,537,3486,3174,129,0.5065520065520066,0.13348247576435496,0.8063063063063063,0.5234234234234234,0.4765765765765766
3303,YBR172C YNR033W,0.0,NA,0.0029854890890419483,537,3485,3175,129,0.5066885066885067,0.13351566384883143,0.8063063063063063,0.5232732732732732,0.4767267267267267
3304,YBL020W YGL254W,0.0,NA,0.0029905233532190323,537,3484,3176,129,0.5068250068250069,0.1335488684406864,0.8063063063063063,0.5231231231231231,0.47687687687687685
3305,YDR300C YDR481C,0.0,NA,0.0029906313866376877,537,3483,3177,129,0.506961506961507,0.1335820895522388,0.8063063063063063,0.522972972972973,0.47702702702702704
3306,YJL089W YBR211C,0.0,NA,0.0029920649249106646,537,3482,3178,129,0.5070980070980071,0.13361532719581987,0.8063063063063063,0.5228228228228228,0.47717717717717717
3307,YDR283C YDR353W,0.0,NA,0.003004860132932663,537,3481,3179,129,0.5072345072345072,0.13364858138377303,0.8063063063063063,0.5226726726726727,0.4773273273273273
3308,YIR018W YPL232W,0.0,NA,0.003009806852787733,537,3480,3180,129,0.5073710073710074,0.13368185212845407,0.8063063063063063,0.5225225225225225,0.4774774774774775
3309,YML015C YLR246W,0.0,NA,0.0030136925633996725,537,3479,3181,129,0.5075075075075075,0.13371513944223107,0.8063063063063063,0.5223723723723723,0.4776276276276276
3310,YOL091W YHL033C,0.0,NA,0.003015759401023388,537,3478,3182,129,0.5076440076440076,0.13374844333748442,0.8063063063063063,0.5222222222222223,0.4777777777777778
3311,YLL031C YDR128W,0.0,NA,0.0030159656889736652,537,3477,3183,129,0.5077805077805078,0.13378176382660686,0.8063063063063063,0.5220720720720721,0.47792792792792793
3312,YGR194C YPR106W,0.0,NA,0.0030169065576046705,537,3476,3184,129,0.5079170079170079,0.1338151009220035,0.8063063063063063,0.5219219219219219,0.47807807807807806
3313,YGL207W YDR440W,0.0,NA,0.003035003086552024,537,3475,3185,129,0.508053508053508,0.1338484546360917,0.8063063063063063,0.5217717717717718,0.47822822822822825
3314,YGL150C YCL055W,0.0,NA,0.0030430094338953495,537,3474,3186,129,0.5081900081900081,0.1338818249813014,0.8063063063063063,0.5216216216216216,0.4783783783783784
3315,YNL038W YNL006W,0.0,NA,0.0030435535591095686,537,3473,3187,129,0.5083265083265083,0.1339152119700748,0.8063063063063063,0.5214714714714714,0.4785285285285285
3316,YGR032W YDR380W,0.0,NA,0.003054342931136489,537,3472,3188,129,0.5084630084630085,0.13394861561486654,0.8063063063063063,0.5213213213213214,0.4786786786786787
3317,YGR080W YJR025C,0.0,NA,0.003065135795623064,537,3471,3189,129,0.5085995085995086,0.1339820359281437,0.8063063063063063,0.5211711711711712,0.4788288288288288
3318,YDR428C YPL154C,0.0,NA,0.0030776073690503836,537,3470,3190,129,0.5087360087360088,0.13401547292238583,0.8063063063063063,0.521021021021021,0.47897897897897895
3319,YIL129C YPR192W,0.0,NA,0.003092707134783268,537,3469,3191,129,0.5088725088725089,0.13404892661008488,0.8063063063063063,0.5208708708708709,0.47912912912912914
3320,YNR053C YLR445W,0.0,NA,0.003099774941802025,537,3468,3192,129,0.509009009009009,0.13408239700374533,0.8063063063063063,0.5207207207207207,0.47927927927927927
3321,YBR039W YNR053C,0.0,NA,0.0031019800808280706,537,3467,3193,129,0.5091455091455092,0.13411588411588413,0.8063063063063063,0.5205705705705705,0.47942942942942945
3322,YJL061W YER024W,0.0,NA,0.003110171528533101,537,3466,3194,129,0.5092820092820093,0.13414938795903072,0.8063063063063063,0.5204204204204205,0.4795795795795796
3323,YBR222C YMR084W,0.0,NA,0.0031408302020281553,537,3465,3195,129,0.5094185094185094,0.13418290854572715,0.8063063063063063,0.5202702702702703,0.4797297297297297
3324,YGL049C YOL069W,0.0,NA,0.0031485764775425196,537,3464,3196,129,0.5095550095550095,0.13421644588852788,0.8063063063063063,0.5201201201201201,0.4798798798798799
3325,YJR045C YGR006W,0.0,NA,0.0031615756452083588,537,3463,3197,129,0.5096915096915097,0.13425,0.8063063063063063,0.51996996996997,0.48003003003003003
3326,YDR259C YLR013W,0.0,NA,0.0031768265180289745,537,3462,3198,129,0.5098280098280098,0.1342835708927232,0.8063063063063063,0.5198198198198198,0.48018018018018016
3327,YMR029C YJL011C,0.0,NA,0.003184567205607891,537,3461,3199,129,0.5099645099645099,0.13431715857928964,0.8063063063063063,0.5196696696696697,0.48033033033033035
3328,YGR047C YPL006W,0.0,NA,0.003189502749592066,537,3460,3200,129,0.51010101010101,0.13435076307230423,0.8063063063063063,0.5195195195195195,0.4804804804804805
3329,YBL061C YOR236W,0.0,NA,0.0031903821509331465,537,3459,3201,129,0.5102375102375102,0.13438438438438438,0.8063063063063063,0.5193693693693694,0.4806306306306306
3330,YGR281W YPR033C,0.0,NA,0.0032087869476526976,537,3458,3202,129,0.5103740103740104,0.1344180225281602,0.8063063063063063,0.5192192192192192,0.4807807807807808
3331,YJR139C YPL104W,0.0,NA,0.0032099063973873854,537,3457,3203,129,0.5105105105105106,0.1344516775162744,0.8063063063063063,0.519069069069069,0.4809309309309309
3332,YPL240C YOL137W,0.0,NA,0.003218434052541852,537,3456,3204,129,0.5106470106470107,0.13448534936138243,0.8063063063063063,0.518918918918919,0.4810810810810811
3333,YPR118W YJL056C,0.0,NA,0.0032233912497758865,537,3455,3205,129,0.5107835107835108,0.13451903807615231,0.8063063063063063,0.5187687687687688,0.48123123123123124
3334,YKL005C YML126C,0.0,NA,0.003225745167583227,537,3454,3206,129,0.5109200109200109,0.13455274367326484,0.8063063063063063,0.5186186186186186,0.48138138138138137
3335,YBL020W YJL051W,0.0,NA,0.0032307535875588655,537,3453,3207,129,0.5110565110565111,0.13458646616541353,0.8063063063063063,0.5184684684684685,0.48153153153153155
3336,YLR342W YDR255C,0.0,NA,0.003234732896089554,537,3452,3208,129,0.5111930111930112,0.1346202055653046,0.8063063063063063,0.5183183183183183,0.4816816816816817
3337,YJR139C YDR194C,0.0,NA,0.0032420780044049025,537,3451,3209,129,0.5113295113295113,0.13465396188565698,0.8063063063063063,0.5181681681681681,0.4818318318318318
3338,YGR292W YDL085W,0.0,NA,0.0032461732625961304,537,3450,3210,129,0.5114660114660114,0.1346877351392024,0.8063063063063063,0.5180180180180181,0.481981981981982
3339,YOR179C YKR025W,0.0,NA,0.0032508980948477983,537,3449,3211,129,0.5116025116025116,0.1347215253386854,0.8063063063063063,0.5178678678678679,0.48213213213213213
3340,YHR058C YPL092W,0.0,NA,0.003258806187659502,537,3448,3212,129,0.5117390117390117,0.13475533249686325,0.8063063063063063,0.5177177177177177,0.48228228228228226
3341,YJL209W YNL177C,1.0,NA,0.003269579028710723,536,3448,3212,130,0.5116025116025116,0.13453815261044177,0.8048048048048048,0.5177177177177177,0.48228228228228226
3342,YDR179C YLR238W,0.0,NA,0.0032883486710488796,536,3447,3213,130,0.5117390117390117,0.13457193070549836,0.8048048048048048,0.5175675675675676,0.48243243243243245
3343,YDL192W YJL011C,0.0,NA,0.0033032605424523354,536,3446,3214,130,0.5118755118755118,0.13460572576594676,0.8048048048048048,0.5174174174174174,0.4825825825825826
3344,YDR201W YEL034W,0.0,NA,0.003310335800051689,536,3445,3215,130,0.512012012012012,0.13463953780457172,0.8048048048048048,0.5172672672672672,0.4827327327327327
3345,YPL259C YGR133W,0.0,NA,0.0033283985685557127,536,3444,3216,130,0.5121485121485122,0.13467336683417086,0.8048048048048048,0.5171171171171172,0.4828828828828829
3346,YLR241W YOR038C,0.0,NA,0.0033384172711521387,536,3443,3217,130,0.5122850122850123,0.13470721286755466,0.8048048048048048,0.516966966966967,0.483033033033033
3347,YLL035W YOR396W,0.0,NA,0.0033433199860155582,536,3442,3218,130,0.5124215124215125,0.1347410759175465,0.8048048048048048,0.5168168168168168,0.4831831831831832
3348,YJR002W YPL166W,0.0,NA,0.0033649567048996687,536,3441,3219,130,0.5125580125580126,0.13477495599698264,0.8048048048048048,0.5166666666666667,0.48333333333333334
3349,YNL133C YOR215C,0.0,NA,0.0033760317601263523,536,3440,3220,130,0.5126945126945127,0.13480885311871227,0.8048048048048048,0.5165165165165165,0.48348348348348347
3350,YPR119W YHR017W,0.0,NA,0.003378702327609062,536,3439,3221,130,0.5128310128310128,0.1348427672955975,0.8048048048048048,0.5163663663663663,0.48363363363363365
3351,YJL132W YBL027W,0.0,NA,0.0033798841759562492,536,3438,3222,130,0.512967512967513,0.13487669854051335,0.8048048048048048,0.5162162162162162,0.4837837837837838
3352,YGR119C YBL079W,0.0,NA,0.003381034592166543,536,3437,3223,130,0.5131040131040131,0.13491064686634785,0.8048048048048048,0.5160660660660661,0.4839339339339339
3353,YFR026C YDR363W-A,0.0,NA,0.0033859387040138245,536,3436,3224,130,0.5132405132405132,0.13494461228600202,0.8048048048048048,0.5159159159159159,0.4840840840840841
3354,YGL238W YGL111W,0.0,NA,0.0034104911610484123,536,3435,3225,130,0.5133770133770134,0.13497859481238983,0.8048048048048048,0.5157657657657657,0.48423423423423423
3355,YDR342C YJL108C,0.0,NA,0.0034219915978610516,536,3434,3226,130,0.5135135135135135,0.1350125944584383,0.8048048048048048,0.5156156156156156,0.48438438438438436
3356,YOL142W YLR418C,0.0,NA,0.003424470778554678,536,3433,3227,130,0.5136500136500136,0.13504661123708742,0.8048048048048048,0.5154654654654655,0.48453453453453454
3357,YLR250W YOR396W,0.0,NA,0.003438647836446762,536,3432,3228,130,0.5137865137865137,0.1350806451612903,0.8048048048048048,0.5153153153153153,0.4846846846846847
3358,YDL171C YFR032C-A,0.0,NA,0.0034398213028907776,536,3431,3229,130,0.5139230139230139,0.13511469624401312,0.8048048048048048,0.5151651651651652,0.48483483483483486
3359,YDR257C YEL006W,0.0,NA,0.0034442602191120386,536,3430,3230,130,0.5140595140595141,0.13514876449823499,0.8048048048048048,0.515015015015015,0.484984984984985
3360,YDR412W YGL075C,0.0,NA,0.0034528574906289577,536,3429,3231,130,0.5141960141960142,0.1351828499369483,0.8048048048048048,0.5148648648648648,0.4851351351351351
3361,YBR086C YNR047W,0.0,NA,0.0034577634651213884,536,3428,3232,130,0.5143325143325144,0.13521695257315844,0.8048048048048048,0.5147147147147147,0.4852852852852853
3362,YDR341C YER075C,0.0,NA,0.0034794905222952366,536,3427,3233,130,0.5144690144690145,0.13525107241988393,0.8048048048048048,0.5145645645645646,0.48543543543543544
3363,YDR179C YLR053C,0.0,NA,0.003482791827991605,536,3426,3234,130,0.5146055146055146,0.1352852094901565,0.8048048048048048,0.5144144144144144,0.48558558558558557
3364,YER064C YCR096C,0.0,NA,0.0034830665681511164,536,3425,3235,130,0.5147420147420148,0.13531936379702095,0.8048048048048048,0.5142642642642643,0.48573573573573575
3365,YKL059C YPL230W,0.0,NA,0.0035039130598306656,536,3424,3236,130,0.5148785148785149,0.13535353535353536,0.8048048048048048,0.5141141141141141,0.4858858858858859
3366,YBR301W YPL190C,0.0,NA,0.0035062211100012064,536,3423,3237,130,0.515015015015015,0.1353877241727709,0.8048048048048048,0.5139639639639639,0.486036036036036
3367,YCR043C YLR425W,0.0,NA,0.0035198358818888664,536,3422,3238,130,0.5151515151515151,0.13542193026781202,0.8048048048048048,0.5138138138138139,0.4861861861861862
3368,YDR436W YBL095W,0.0,NA,0.0035304920747876167,536,3421,3239,130,0.5152880152880153,0.1354561536517564,0.8048048048048048,0.5136636636636637,0.48633633633633633
3369,YDR324C YER183C,0.0,NA,0.0035330767277628183,536,3420,3240,130,0.5154245154245154,0.13549039433771487,0.8048048048048048,0.5135135135135135,0.4864864864864865
3370,YIL111W YOR136W,1.0,NA,0.0035383887588977814,535,3420,3240,131,0.5152880152880153,0.13527180783817952,0.8033033033033034,0.5135135135135135,0.4864864864864865
3371,YJR111C YGR159C,0.0,NA,0.0035400770138949156,535,3419,3241,131,0.5154245154245154,0.135306019221042,0.8033033033033034,0.5133633633633634,0.48663663663663664
3372,YGR009C YKL135C,0.0,NA,0.0035570457112044096,535,3418,3242,131,0.5155610155610155,0.1353402479129775,0.8033033033033034,0.5132132132132132,0.4867867867867868
3373,YMR289W YDR438W,0.0,NA,0.003564483020454645,535,3417,3243,131,0.5156975156975157,0.1353744939271255,0.8033033033033034,0.513063063063063,0.48693693693693696
3374,YMR091C YNR043W,0.0,NA,0.003570609027519822,535,3416,3244,131,0.5158340158340158,0.1354087572766388,0.8033033033033034,0.512912912912913,0.4870870870870871
3375,YCR063W YGR204W,0.0,NA,0.0035864796955138445,535,3415,3245,131,0.515970515970516,0.13544303797468354,0.8033033033033034,0.5127627627627628,0.4872372372372372
3376,YDL176W YOR026W,0.0,NA,0.003604830941185355,535,3414,3246,131,0.5161070161070161,0.1354773360344391,0.8033033033033034,0.5126126126126126,0.4873873873873874
3377,YBL027W YIL134W,0.0,NA,0.0036090807989239693,535,3413,3247,131,0.5162435162435163,0.13551165146909827,0.8033033033033034,0.5124624624624624,0.48753753753753754
3378,YNL238W YGR057C,0.0,NA,0.003618111601099372,535,3412,3248,131,0.5163800163800164,0.13554598429186723,0.8033033033033034,0.5123123123123123,0.48768768768768767
3379,YPR070W YLR007W,0.0,NA,0.0036185344215482473,535,3411,3249,131,0.5165165165165165,0.13558033451596554,0.8033033033033034,0.5121621621621621,0.48783783783783785
3380,YKL120W YIR028W,0.0,NA,0.003624687669798732,535,3410,3250,131,0.5166530166530167,0.13561470215462612,0.8033033033033034,0.512012012012012,0.487987987987988
3381,YNL320W YGR208W,0.0,NA,0.0036372807808220387,535,3409,3251,131,0.5167895167895168,0.13564908722109534,0.8033033033033034,0.5118618618618619,0.4881381381381381
3382,YLR309C YIL071C,0.0,NA,0.0036491791252046824,535,3408,3252,131,0.5169260169260169,0.13568348972863303,0.8033033033033034,0.5117117117117117,0.4882882882882883
3383,YJL066C YIR028W,0.0,NA,0.003651703940704465,535,3407,3253,131,0.517062517062517,0.13571790969051242,0.8033033033033034,0.5115615615615615,0.4884384384384384
3384,YAL001C YDR494W,0.0,NA,0.003656231565400958,535,3406,3254,131,0.5171990171990172,0.1357523471200203,0.8033033033033034,0.5114114114114114,0.4885885885885886
3385,YJR029W YLR321C,0.0,NA,0.003658052533864975,535,3405,3255,131,0.5173355173355173,0.13578680203045684,0.8033033033033034,0.5112612612612613,0.48873873873873874
3386,YDR224C YHR017W,0.0,NA,0.003663155250251293,535,3404,3256,131,0.5174720174720174,0.1358212744351358,0.8033033033033034,0.5111111111111111,0.4888888888888889
3387,YOR113W YLR160C,0.0,NA,0.0036653243005275726,535,3403,3257,131,0.5176085176085176,0.13585576434738447,0.8033033033033034,0.510960960960961,0.48903903903903906
3388,YKL040C YMR318C,0.0,NA,0.0036763951648026705,535,3402,3258,131,0.5177450177450178,0.13589027178054355,0.8033033033033034,0.5108108108108108,0.4891891891891892
3389,YMR184W YPL231W,0.0,NA,0.0036895284429192543,535,3401,3259,131,0.5178815178815179,0.13592479674796748,0.8033033033033034,0.5106606606606606,0.4893393393393393
3390,YNL067W YJL019W,0.0,NA,0.0036993990652263165,535,3400,3260,131,0.5180180180180181,0.13595933926302414,0.8033033033033034,0.5105105105105106,0.4894894894894895
3391,YNL244C YPR111W,0.0,NA,0.003707756521180272,535,3399,3261,131,0.5181545181545182,0.13599389933909506,0.8033033033033034,0.5103603603603604,0.48963963963963963
3392,YOR394W YNL008C,0.0,NA,0.0037095644511282444,535,3398,3262,131,0.5182910182910183,0.13602847698957538,0.8033033033033034,0.5102102102102102,0.48978978978978976
3393,YOL137W YHR129C,0.0,NA,0.0037168003618717194,535,3397,3263,131,0.5184275184275184,0.13606307222787387,0.8033033033033034,0.5100600600600601,0.48993993993993995
3394,YMR276W YBR289W,0.0,NA,0.003717591520398855,535,3396,3264,131,0.5185640185640186,0.13609768506741288,0.8033033033033034,0.5099099099099099,0.4900900900900901
3395,YKR057W YGL026C,0.0,NA,0.0037197605706751347,535,3395,3265,131,0.5187005187005187,0.1361323155216285,0.8033033033033034,0.5097597597597597,0.49024024024024027
3396,YAL001C YML078W,0.0,NA,0.003731151344254613,535,3394,3266,131,0.5188370188370188,0.1361669636039705,0.8033033033033034,0.5096096096096097,0.4903903903903904
3397,YML081C-A YJL209W,1.0,NA,0.003734375350177288,534,3394,3266,132,0.5187005187005187,0.13594704684317718,0.8018018018018018,0.5096096096096097,0.4903903903903904
3398,YPL243W YGL008C,0.0,NA,0.003738216357305646,534,3393,3267,132,0.5188370188370188,0.1359816653934301,0.8018018018018018,0.5094594594594595,0.4905405405405405
3399,YNR065C YDL058W,0.0,NA,0.0037415490951389074,534,3392,3268,132,0.518973518973519,0.1360163015792155,0.8018018018018018,0.5093093093093093,0.4906906906906907
3400,YNL070W YLR466W,0.0,NA,0.0037492034025490284,534,3391,3269,132,0.5191100191100191,0.13605095541401274,0.8018018018018018,0.5091591591591592,0.49084084084084084
3401,YNR066C YGL031C,0.0,NA,0.003749559400603175,534,3390,3270,132,0.5192465192465192,0.13608562691131498,0.8018018018018018,0.509009009009009,0.49099099099099097
3402,YNR047W YBL068W,0.0,NA,0.0037713104393333197,534,3389,3271,132,0.5193830193830193,0.1361203160846291,0.8018018018018018,0.5088588588588588,0.49114114114114116
3403,YLR204W YJR043C,0.0,NA,0.003776893485337496,534,3388,3272,132,0.5195195195195195,0.13615502294747578,0.8018018018018018,0.5087087087087087,0.4912912912912913
3404,YML124C YBR278W,0.0,NA,0.003777790581807494,534,3387,3273,132,0.5196560196560197,0.13618974751338944,0.8018018018018018,0.5085585585585586,0.4914414414414414
3405,YIL160C YGR032W,0.0,NA,0.0037972829304635525,534,3386,3274,132,0.5197925197925198,0.13622448979591836,0.8018018018018018,0.5084084084084084,0.4915915915915916
3406,YGL049C YPL190C,0.0,NA,0.0037986000534147024,534,3385,3275,132,0.51992901992902,0.13625924980862464,0.8018018018018018,0.5082582582582582,0.49174174174174173
3407,YDR238C YOR270C,0.0,NA,0.0038070073351264,534,3384,3276,132,0.5200655200655201,0.1362940275650842,0.8018018018018018,0.5081081081081081,0.4918918918918919
3408,YMR203W YER147C,0.0,NA,0.003807658329606056,534,3383,3277,132,0.5202020202020202,0.1363288230788869,0.8018018018018018,0.507957957957958,0.49204204204204205
3409,YGL250W YKL135C,0.0,NA,0.003817586228251457,534,3382,3278,132,0.5203385203385203,0.13636363636363635,0.8018018018018018,0.5078078078078078,0.4921921921921922
3410,YDR167W YEL034W,0.0,NA,0.0038271043449640274,534,3381,3279,132,0.5204750204750205,0.1363984674329502,0.8018018018018018,0.5076576576576577,0.49234234234234237
3411,YGL116W YDR273W,0.0,NA,0.0038664552848786116,534,3380,3280,132,0.5206115206115206,0.13643331630045988,0.8018018018018018,0.5075075075075075,0.4924924924924925
3412,YBR211C YNL183C,0.0,NA,0.003894396824762225,534,3379,3281,132,0.5207480207480207,0.1364681829798109,0.8018018018018018,0.5073573573573573,0.4926426426426426
3413,YDL070W YBR208C,0.0,NA,0.0039023070130497217,534,3378,3282,132,0.5208845208845209,0.13650306748466257,0.8018018018018018,0.5072072072072072,0.4927927927927928
3414,YNL082W YPR106W,0.0,NA,0.003914908971637487,534,3377,3283,132,0.521021021021021,0.13653796982868832,0.8018018018018018,0.5070570570570571,0.49294294294294294
3415,YER075C YLR013W,0.0,NA,0.003927260637283325,534,3376,3284,132,0.5211575211575211,0.13657289002557546,0.8018018018018018,0.5069069069069069,0.49309309309309307
3416,YPL164C YER075C,0.0,NA,0.003931164741516113,534,3375,3285,132,0.5212940212940212,0.13660782808902533,0.8018018018018018,0.5067567567567568,0.49324324324324326
3417,YCR096C YBR037C,0.0,NA,0.003939347341656685,534,3374,3286,132,0.5214305214305214,0.13664278403275332,0.8018018018018018,0.5066066066066066,0.4933933933933934
3418,YLR042C YKL197C,0.0,NA,0.003942012786865234,534,3373,3287,132,0.5215670215670216,0.13667775787048886,0.8018018018018018,0.5064564564564564,0.4935435435435435
3419,YHL007C YLR042C,0.0,NA,0.003943877760320902,534,3372,3288,132,0.5217035217035217,0.13671274961597543,0.8018018018018018,0.5063063063063064,0.4936936936936937
3420,YNL082W YJL082W,0.0,NA,0.003945788834244013,534,3371,3289,132,0.5218400218400219,0.13674775928297056,0.8018018018018018,0.5061561561561562,0.49384384384384383
3421,YJR094W-A YER066W,0.0,NA,0.003951479215174913,534,3370,3290,132,0.521976521976522,0.1367827868852459,0.8018018018018018,0.506006006006006,0.493993993993994
3422,YNL339C YIR017C,0.0,NA,0.003971083555370569,534,3369,3291,132,0.5221130221130221,0.13681783243658724,0.8018018018018018,0.5058558558558559,0.49414414414414415
3423,YHR046C YJL197W,0.0,NA,0.003996243234723806,534,3368,3292,132,0.5222495222495223,0.13685289595079447,0.8018018018018018,0.5057057057057057,0.4942942942942943
3424,YFL066C YDR390C,0.0,NA,0.0039982362650334835,534,3367,3293,132,0.5223860223860224,0.13688797744168163,0.8018018018018018,0.5055555555555555,0.49444444444444446
3425,YIL105C YLR359W,0.0,NA,0.004000394139438868,534,3366,3294,132,0.5225225225225225,0.13692307692307693,0.8018018018018018,0.5054054054054054,0.4945945945945946
3426,YHR185C YJL108C,0.0,NA,0.004002579487860203,534,3365,3295,132,0.5226590226590226,0.1369581944088228,0.8018018018018018,0.5052552552552553,0.4947447447447447
3427,YJR155W YBR247C,0.0,NA,0.004003396723419428,534,3364,3296,132,0.5227955227955228,0.13699332991277577,0.8018018018018018,0.5051051051051051,0.4948948948948949
3428,YOR129C YLR020C,0.0,NA,0.00400879280641675,534,3363,3297,132,0.5229320229320229,0.13702848344880678,0.8018018018018018,0.5049549549549549,0.49504504504504504
3429,YBR070C YOR126C,0.0,NA,0.004014271777123213,534,3362,3298,132,0.523068523068523,0.1370636550308008,0.8018018018018018,0.5048048048048048,0.49519519519519517
3430,YDR179C YHR037W,0.0,NA,0.004020224325358868,534,3361,3299,132,0.5232050232050232,0.13709884467265726,0.8018018018018018,0.5046546546546546,0.49534534534534536
3431,YPR106W YPL051W,0.0,NA,0.004022188019007444,534,3360,3300,132,0.5233415233415234,0.13713405238828968,0.8018018018018018,0.5045045045045045,0.4954954954954955
3432,YER037W YBR172C,0.0,NA,0.004037272185087204,534,3359,3301,132,0.5234780234780235,0.137169278191626,0.8018018018018018,0.5043543543543544,0.49564564564564567
3433,YMR262W YIR023W,0.0,NA,0.004043604712933302,534,3358,3302,132,0.5236145236145237,0.13720452209660844,0.8018018018018018,0.5042042042042042,0.4957957957957958
3434,YOL158C YGL004C,0.0,NA,0.004046116955578327,534,3357,3303,132,0.5237510237510238,0.13723978411719354,0.8018018018018018,0.504054054054054,0.49594594594594593
3435,YDR530C YMR036C,0.0,NA,0.004049777518957853,534,3356,3304,132,0.5238875238875239,0.1372750642673522,0.8018018018018018,0.5039039039039039,0.4960960960960961
3436,YDR167W YKL103C,0.0,NA,0.0040550814010202885,534,3355,3305,132,0.524024024024024,0.13731036256106968,0.8018018018018018,0.5037537537537538,0.49624624624624625
3437,YLL002W YKR075C,0.0,NA,0.0040566762909293175,534,3354,3306,132,0.5241605241605242,0.13734567901234568,0.8018018018018018,0.5036036036036036,0.4963963963963964
3438,YKL210W YOR173W,0.0,NA,0.004072755575180054,534,3353,3307,132,0.5242970242970243,0.13738101363519423,0.8018018018018018,0.5034534534534535,0.49654654654654656
3439,YER003C YOR025W,0.0,NA,0.0040731001645326614,534,3352,3308,132,0.5244335244335244,0.13741636644364386,0.8018018018018018,0.5033033033033033,0.4966966966966967
3440,YJR127C YDL058W,0.0,NA,0.004089084919542074,534,3351,3309,132,0.5245700245700246,0.13745173745173744,0.8018018018018018,0.5031531531531531,0.4968468468468468
3441,YKR028W YGL092W,0.0,NA,0.004090110771358013,534,3350,3310,132,0.5247065247065247,0.13748712667353244,0.8018018018018018,0.503003003003003,0.496996996996997
3442,YIL129C YIL051C,0.0,NA,0.004092360381036997,534,3349,3311,132,0.5248430248430248,0.1375225341231007,0.8018018018018018,0.5028528528528529,0.49714714714714714
3443,YIL172C YER147C,0.0,NA,0.00409342534840107,534,3348,3312,132,0.5249795249795249,0.1375579598145286,0.8018018018018018,0.5027027027027027,0.4972972972972973
3444,YDR516C YKL099C,0.0,NA,0.0040968949906528,534,3347,3313,132,0.5251160251160251,0.13759340376191703,0.8018018018018018,0.5025525525525526,0.49744744744744746
3445,YDR146C YHR017W,0.0,NA,0.004117139615118504,534,3346,3314,132,0.5252525252525253,0.13762886597938145,0.8018018018018018,0.5024024024024024,0.4975975975975976
3446,YPL224C YLR071C,0.0,NA,0.004123373422771692,534,3345,3315,132,0.5253890253890254,0.13766434648105183,0.8018018018018018,0.5022522522522522,0.49774774774774777
3447,YGL110C YNL283C,0.0,NA,0.004123697988688946,534,3344,3316,132,0.5255255255255256,0.1376998452810727,0.8018018018018018,0.5021021021021022,0.4978978978978979
3448,YLR254C YBR186W,0.0,NA,0.00413056556135416,534,3343,3317,132,0.5256620256620257,0.1377353623936033,0.8018018018018018,0.501951951951952,0.49804804804804803
3449,YCR063W YPR002W,0.0,NA,0.0041321623139083385,534,3342,3318,132,0.5257985257985258,0.13777089783281735,0.8018018018018018,0.5018018018018018,0.4981981981981982
3450,YGL252C YHR029C,0.0,NA,0.004132742993533611,534,3341,3319,132,0.525935025935026,0.13780645161290322,0.8018018018018018,0.5016516516516516,0.49834834834834835
3451,YBR301W YJL090C,0.0,NA,0.004135024268180132,534,3340,3320,132,0.5260715260715261,0.137842023748064,0.8018018018018018,0.5015015015015015,0.4984984984984985
3452,YLR340W YLR104W,0.0,NA,0.00414562551304698,534,3339,3321,132,0.5262080262080262,0.13787761425251743,0.8018018018018018,0.5013513513513513,0.49864864864864866
3453,YAL036C YNR053C,0.0,NA,0.004146247636526823,534,3338,3322,132,0.5263445263445263,0.13791322314049587,0.8018018018018018,0.5012012012012012,0.4987987987987988
3454,YMR260C YBL072C,0.0,NA,0.004156344570219517,534,3337,3323,132,0.5264810264810265,0.13794885042624644,0.8018018018018018,0.5010510510510511,0.4989489489489489
3455,YHR039C-A YJL089W,0.0,NA,0.0041612619534134865,534,3336,3324,132,0.5266175266175266,0.13798449612403102,0.8018018018018018,0.5009009009009009,0.4990990990990991
3456,YCR089W YGL130W,0.0,NA,0.004162874538451433,534,3335,3325,132,0.5267540267540267,0.13802016024812613,0.8018018018018018,0.5007507507507507,0.49924924924924924
3457,YPR139C YGR271C-A,0.0,NA,0.004167463164776564,534,3334,3326,132,0.5268905268905268,0.13805584281282315,0.8018018018018018,0.5006006006006006,0.4993993993993994
3458,YNR070W YAR027W,0.0,NA,0.004171106033027172,534,3333,3327,132,0.527027027027027,0.13809154383242825,0.8018018018018018,0.5004504504504504,0.49954954954954955
3459,YDL089W YPL074W,0.0,NA,0.004173879511654377,534,3332,3328,132,0.5271635271635272,0.1381272633212623,0.8018018018018018,0.5003003003003003,0.4996996996996997
3460,YJR019C YPL230W,0.0,NA,0.004176548216491938,534,3331,3329,132,0.5273000273000273,0.13816300129366105,0.8018018018018018,0.5001501501501502,0.49984984984984987
3461,YDR167W YLR380W,0.0,NA,0.004181211348623037,534,3330,3330,132,0.5274365274365275,0.13819875776397517,0.8018018018018018,0.5,0.5
3462,YOR339C YNL247W,0.0,NA,0.004181310534477234,534,3329,3331,132,0.5275730275730276,0.13823453274657002,0.8018018018018018,0.49984984984984987,0.5001501501501502
3463,YOR198C YIR028W,0.0,NA,0.004187907557934523,534,3328,3332,132,0.5277095277095277,0.138270326255826,0.8018018018018018,0.4996996996996997,0.5003003003003003
3464,YER144C YNL313C,0.0,NA,0.004195080604404211,534,3327,3333,132,0.5278460278460279,0.1383061383061383,0.8018018018018018,0.49954954954954955,0.5004504504504504
3465,YOR375C YGL004C,0.0,NA,0.004195379558950663,534,3326,3334,132,0.527982527982528,0.1383419689119171,0.8018018018018018,0.4993993993993994,0.5006006006006006
3466,YGR038W YLR008C,0.0,NA,0.004224360454827547,534,3325,3335,132,0.5281190281190281,0.13837781808758745,0.8018018018018018,0.49924924924924924,0.5007507507507507
3467,YCL032W YNR033W,0.0,NA,0.004242527764290571,534,3324,3336,132,0.5282555282555282,0.13841368584758942,0.8018018018018018,0.4990990990990991,0.5009009009009009
3468,YLR028C YGL191W,1.0,NA,0.004243897739797831,533,3324,3336,133,0.5281190281190281,0.1381903033445683,0.8003003003003003,0.4990990990990991,0.5009009009009009
3469,YKL120W YMR012W,0.0,NA,0.004263156559318304,533,3323,3337,133,0.5282555282555282,0.13822614107883818,0.8003003003003003,0.4989489489489489,0.5010510510510511
3470,YDL171C YFL003C,0.0,NA,0.004275542218238115,533,3322,3338,133,0.5283920283920284,0.13826199740596629,0.8003003003003003,0.4987987987987988,0.5012012012012012
3471,YDR134C YCR076C,0.0,NA,0.004280274733901024,533,3321,3339,133,0.5285285285285285,0.13829787234042554,0.8003003003003003,0.49864864864864866,0.5013513513513513
3472,YDL080C YFR052W,0.0,NA,0.004301225300878286,533,3320,3340,133,0.5286650286650286,0.13833376589670388,0.8003003003003003,0.4984984984984985,0.5015015015015015
3473,YGL049C YMR053C,0.0,NA,0.004317999817430973,533,3319,3341,133,0.5288015288015288,0.13836967808930425,0.8003003003003003,0.49834834834834835,0.5016516516516516
3474,YNL010W YLR157C,0.0,NA,0.00432213069871068,533,3318,3342,133,0.528938028938029,0.13840560893274473,0.8003003003003003,0.4981981981981982,0.5018018018018018
3475,YAL038W YDR315C,0.0,NA,0.004326643422245979,533,3317,3343,133,0.5290745290745291,0.13844155844155845,0.8003003003003003,0.49804804804804803,0.501951951951952
3476,YKL005C YLR013W,0.0,NA,0.004329795483499765,533,3316,3344,133,0.5292110292110292,0.13847752663029358,0.8003003003003003,0.4978978978978979,0.5021021021021022
3477,YGR166W YFL053W,0.0,NA,0.004333546385169029,533,3315,3345,133,0.5293475293475294,0.13851351351351351,0.8003003003003003,0.49774774774774777,0.5022522522522522
3478,YOR346W YPL231W,0.0,NA,0.004339080303907394,533,3314,3346,133,0.5294840294840295,0.13854951910579671,0.8003003003003003,0.4975975975975976,0.5024024024024024
3479,YEL053C YHR005C-A,0.0,NA,0.004349966999143362,533,3313,3347,133,0.5296205296205296,0.13858554342173687,0.8003003003003003,0.49744744744744746,0.5025525525525526
3480,YML024W YKL183W,0.0,NA,0.004357011057436466,533,3312,3348,133,0.5297570297570298,0.13862158647594278,0.8003003003003003,0.4972972972972973,0.5027027027027027
3481,YPR185W YBL087C,0.0,NA,0.004361224826425314,533,3311,3349,133,0.5298935298935299,0.1386576482830385,0.8003003003003003,0.49714714714714714,0.5028528528528529
3482,YDR255C YLR445W,0.0,NA,0.004361435770988464,533,3310,3350,133,0.53003003003003,0.1386937288576633,0.8003003003003003,0.496996996996997,0.503003003003003
3483,YDR257C YOR372C,0.0,NA,0.00436779297888279,533,3309,3351,133,0.5301665301665301,0.13872982821447163,0.8003003003003003,0.4968468468468468,0.5031531531531531
3484,YMR026C YDR194C,0.0,NA,0.004380098544061184,533,3308,3352,133,0.5303030303030303,0.1387659463681333,0.8003003003003003,0.4966966966966967,0.5033033033033033
3485,YML039W YEL077C,0.0,NA,0.004388641100376844,533,3307,3353,133,0.5304395304395304,0.13880208333333333,0.8003003003003003,0.49654654654654656,0.5034534534534535
3486,YKL072W YCR038C,0.0,NA,0.004412461072206497,533,3306,3354,133,0.5305760305760305,0.13883823912477208,0.8003003003003003,0.4963963963963964,0.5036036036036036
3487,YJL092W YDR400W,0.0,NA,0.00441706320270896,533,3305,3355,133,0.5307125307125307,0.1388744137571652,0.8003003003003003,0.49624624624624625,0.5037537537537538
3488,YPR185W YBR018C,0.0,NA,0.004426887724548578,533,3304,3356,133,0.5308490308490309,0.13891060724524368,0.8003003003003003,0.4960960960960961,0.5039039039039039
3489,YNL166C YOR020C,0.0,NA,0.004441024269908667,533,3303,3357,133,0.530985530985531,0.1389468196037539,0.8003003003003003,0.49594594594594593,0.504054054054054
3490,YOR099W YBR195C,0.0,NA,0.004445006139576435,533,3302,3358,133,0.5311220311220312,0.13898305084745763,0.8003003003003003,0.4957957957957958,0.5042042042042042
3491,YHR038W YNL145W,0.0,NA,0.004450428299605846,533,3301,3359,133,0.5312585312585313,0.13901930099113197,0.8003003003003003,0.49564564564564567,0.5043543543543544
3492,YER024W YMR106C,0.0,NA,0.004465123172849417,533,3300,3360,133,0.5313950313950314,0.13905557004956953,0.8003003003003003,0.4954954954954955,0.5045045045045045
3493,YMR262W YPR192W,0.0,NA,0.004465483129024506,533,3299,3361,133,0.5315315315315315,0.1390918580375783,0.8003003003003003,0.49534534534534536,0.5046546546546546
3494,YLR359W YDL192W,0.0,NA,0.004482865333557129,533,3298,3362,133,0.5316680316680317,0.13912816496998173,0.8003003003003003,0.49519519519519517,0.5048048048048048
3495,YDR373W YPL189C-A,0.0,NA,0.00451281201094389,533,3297,3363,133,0.5318045318045318,0.1391644908616188,0.8003003003003003,0.49504504504504504,0.5049549549549549
3496,YDR100W YDR238C,0.0,NA,0.004516849759966135,533,3296,3364,133,0.5319410319410319,0.13920083572734396,0.8003003003003003,0.4948948948948949,0.5051051051051051
3497,YMR086W YGR229C,0.0,NA,0.004529810044914484,533,3295,3365,133,0.5320775320775321,0.13923719958202715,0.8003003003003003,0.4947447447447447,0.5052552552552553
3498,YCR092C YJL145W,0.0,NA,0.004530609585344791,533,3294,3366,133,0.5322140322140322,0.13927358244055396,0.8003003003003003,0.4945945945945946,0.5054054054054054
3499,YNL339C YFL010W-A,0.0,NA,0.004539009183645248,533,3293,3367,133,0.5323505323505323,0.1393099843178254,0.8003003003003003,0.49444444444444446,0.5055555555555555
3500,YNR054C YPL024W,0.0,NA,0.004549898207187653,533,3292,3368,133,0.5324870324870324,0.13934640522875816,0.8003003003003003,0.4942942942942943,0.5057057057057057
3501,YOR373W YDR428C,0.0,NA,0.004557342268526554,533,3291,3369,133,0.5326235326235326,0.13938284518828453,0.8003003003003003,0.49414414414414415,0.5058558558558559
3502,YML078W YGR229C,0.0,NA,0.004557662643492222,533,3290,3370,133,0.5327600327600328,0.13941930421135235,0.8003003003003003,0.493993993993994,0.506006006006006
3503,YKL210W YDL092W,0.0,NA,0.004561389330774546,533,3289,3371,133,0.5328965328965329,0.13945578231292516,0.8003003003003003,0.49384384384384383,0.5061561561561562
3504,YML012W YBL054W,0.0,NA,0.00456636305898428,533,3288,3372,133,0.5330330330330331,0.1394922795079822,0.8003003003003003,0.4936936936936937,0.5063063063063064
3505,YGR274C YMR205C,0.0,NA,0.004577321466058493,533,3287,3373,133,0.5331695331695332,0.13952879581151834,0.8003003003003003,0.4935435435435435,0.5064564564564564
3506,YIL053W YGR081C,0.0,NA,0.004588189069181681,533,3286,3374,133,0.5333060333060333,0.13956533123854412,0.8003003003003003,0.4933933933933934,0.5066066066066066
3507,YMR133W YJR006W,0.0,NA,0.0046149794943630695,533,3285,3375,133,0.5334425334425335,0.13960188580408592,0.8003003003003003,0.49324324324324326,0.5067567567567568
3508,YBR196C YGR178C,0.0,NA,0.004615189973264933,533,3284,3376,133,0.5335790335790336,0.13963845952318574,0.8003003003003003,0.49309309309309307,0.5069069069069069
3509,YCR105W YGR188C,0.0,NA,0.004618318751454353,533,3283,3377,133,0.5337155337155337,0.13967505241090147,0.8003003003003003,0.49294294294294294,0.5070570570570571
3510,YKL061W YML069W,0.0,NA,0.004639145452529192,533,3282,3378,133,0.5338520338520338,0.13971166448230668,0.8003003003003003,0.4927927927927928,0.5072072072072072
3511,YPL143W YLR466W,0.0,NA,0.004640978295356035,533,3281,3379,133,0.533988533988534,0.13974829575249081,0.8003003003003003,0.4926426426426426,0.5073573573573573
3512,YIL053W YGR057C,0.0,NA,0.004668296780437231,533,3280,3380,133,0.5341250341250341,0.13978494623655913,0.8003003003003003,0.4924924924924925,0.5075075075075075
3513,YLR086W YNL221C,0.0,NA,0.0046766214072704315,533,3279,3381,133,0.5342615342615342,0.13982161594963274,0.8003003003003003,0.49234234234234237,0.5076576576576577
3514,YGR185C YNL123W,0.0,NA,0.00467666145414114,533,3278,3382,133,0.5343980343980343,0.13985830490684859,0.8003003003003003,0.4921921921921922,0.5078078078078078
3515,YGL238W YKR004C,0.0,NA,0.004679436329752207,533,3277,3383,133,0.5345345345345346,0.13989501312335959,0.8003003003003003,0.49204204204204205,0.507957957957958
3516,YMR133W YKL155C,0.0,NA,0.0046830978244543076,533,3276,3384,133,0.5346710346710347,0.13993174061433447,0.8003003003003003,0.4918918918918919,0.5081081081081081
3517,YOR215C YMR138W,0.0,NA,0.00468457443639636,533,3275,3385,133,0.5348075348075348,0.13996848739495799,0.8003003003003003,0.49174174174174173,0.5082582582582582
3518,YOR067C YIL103W,0.0,NA,0.004706292413175106,533,3274,3386,133,0.534944034944035,0.14000525348043077,0.8003003003003003,0.4915915915915916,0.5084084084084084
3519,YGR041W YHR140W,0.0,NA,0.00472303805872798,533,3273,3387,133,0.5350805350805351,0.14004203888596953,0.8003003003003003,0.4914414414414414,0.5085585585585586
3520,YER183C YJR024C,0.0,NA,0.004732259549200535,533,3272,3388,133,0.5352170352170352,0.14007884362680684,0.8003003003003003,0.4912912912912913,0.5087087087087087
3521,YGR091W YKR025W,0.0,NA,0.004734366666525602,533,3271,3389,133,0.5353535353535354,0.14011566771819137,0.8003003003003003,0.49114114114114116,0.5088588588588588
3522,YPL074W YLL019C,0.0,NA,0.004735598340630531,533,3270,3390,133,0.5354900354900355,0.14015251117538785,0.8003003003003003,0.49099099099099097,0.509009009009009
3523,YLR037C YPR107C,0.0,NA,0.0047486466355621815,533,3269,3391,133,0.5356265356265356,0.140189374013677,0.8003003003003003,0.49084084084084084,0.5091591591591592
3524,YOR025W YNL092W,0.0,NA,0.004763439297676086,533,3268,3392,133,0.5357630357630357,0.1402262562483557,0.8003003003003003,0.4906906906906907,0.5093093093093093
3525,YCR071C YBR085W,1.0,NA,0.004774642176926136,532,3268,3392,134,0.5356265356265356,0.14,0.7987987987987988,0.4906906906906907,0.5093093093093093
3526,YLL025W YGR072W,0.0,NA,0.004774854984134436,532,3267,3393,134,0.5357630357630357,0.14003685180310607,0.7987987987987988,0.4905405405405405,0.5094594594594595
3527,YDR494W YBR289W,0.0,NA,0.004780541639775038,532,3266,3394,134,0.5358995358995359,0.14007372301211163,0.7987987987987988,0.4903903903903904,0.5096096096096097
3528,YFL017C YNL290W,0.0,NA,0.00478320149704814,532,3265,3395,134,0.536036036036036,0.14011061364234922,0.7987987987987988,0.49024024024024027,0.5097597597597597
3529,YJL108C YNL318C,0.0,NA,0.004793658386915922,532,3264,3396,134,0.5361725361725361,0.14014752370916755,0.7987987987987988,0.4900900900900901,0.5099099099099099
3530,YJL019W YER058W,0.0,NA,0.004795201122760773,532,3263,3397,134,0.5363090363090363,0.1401844532279315,0.7987987987987988,0.48993993993993995,0.5100600600600601
3531,YJL058C YPR118W,0.0,NA,0.004801654256880283,532,3262,3398,134,0.5364455364455365,0.14022140221402213,0.7987987987987988,0.48978978978978976,0.5102102102102102
3532,YNL166C YJR108W,0.0,NA,0.004804298281669617,532,3261,3399,134,0.5365820365820366,0.1402583706828368,0.7987987987987988,0.48963963963963963,0.5103603603603604
3533,YIL108W YHR059W,0.0,NA,0.004835642874240875,532,3260,3400,134,0.5367185367185368,0.14029535864978904,0.7987987987987988,0.4894894894894895,0.5105105105105106
3534,YHR010W YNL251C,0.0,NA,0.0048411074094474316,532,3259,3401,134,0.5368550368550369,0.14033236613030864,0.7987987987987988,0.4893393393393393,0.5106606606606606
3535,YPR111W YJL099W,0.0,NA,0.004858464002609253,532,3258,3402,134,0.536991536991537,0.14036939313984167,0.7987987987987988,0.4891891891891892,0.5108108108108108
3536,YDR039C YPL162C,0.0,NA,0.004869542550295591,532,3257,3403,134,0.5371280371280371,0.1404064396938506,0.7987987987987988,0.48903903903903906,0.510960960960961
3537,YLR241W YLR460C,0.0,NA,0.004869889467954636,532,3256,3404,134,0.5372645372645373,0.14044350580781415,0.7987987987987988,0.4888888888888889,0.5111111111111111
3538,YGL026C YBR029C,0.0,NA,0.004873532336205244,532,3255,3405,134,0.5374010374010374,0.14048059149722736,0.7987987987987988,0.48873873873873874,0.5112612612612613
3539,YEL038W YDL132W,0.0,NA,0.004886305425316095,532,3254,3406,134,0.5375375375375375,0.1405176967776017,0.7987987987987988,0.4885885885885886,0.5114114114114114
3540,YDR300C YER075C,0.0,NA,0.004889844451099634,532,3253,3407,134,0.5376740376740377,0.140554821664465,0.7987987987987988,0.4884384384384384,0.5115615615615615
3541,YOL142W YNL290W,0.0,NA,0.00490301800891757,532,3252,3408,134,0.5378105378105378,0.14059196617336153,0.7987987987987988,0.4882882882882883,0.5117117117117117
3542,YLL016W YKL090W,0.0,NA,0.0049204835668206215,532,3251,3409,134,0.5379470379470379,0.14062913031985197,0.7987987987987988,0.4881381381381381,0.5118618618618619
3543,YGL044C YBR173C,0.0,NA,0.004926043562591076,532,3250,3410,134,0.538083538083538,0.1406663141195135,0.7987987987987988,0.487987987987988,0.512012012012012
3544,YGR122W YMR229C,0.0,NA,0.004929209128022194,532,3249,3411,134,0.5382200382200382,0.1407035175879397,0.7987987987987988,0.48783783783783785,0.5121621621621621
3545,YLR028C YJL209W,1.0,NA,0.00493220379576087,531,3249,3411,135,0.538083538083538,0.14047619047619048,0.7972972972972973,0.48783783783783785,0.5121621621621621
3546,YLL034C YMR192W,0.0,NA,0.004932414274662733,531,3248,3412,135,0.5382200382200382,0.1405133633236306,0.7972972972972973,0.48768768768768767,0.5123123123123123
3547,YLR134W YLR310C,0.0,NA,0.004934179596602917,531,3247,3413,135,0.5383565383565384,0.1405505558496559,0.7972972972972973,0.48753753753753754,0.5124624624624624
3548,YDR434W YGR243W,0.0,NA,0.0049356734380126,531,3246,3414,135,0.5384930384930385,0.14058776806989676,0.7972972972972973,0.4873873873873874,0.5126126126126126
3549,YLR348C YMR289W,0.0,NA,0.004947936628013849,531,3245,3415,135,0.5386295386295387,0.140625,0.7972972972972973,0.4872372372372372,0.5127627627627628
3550,YNL298W YJL104W,0.0,NA,0.004951431415975094,531,3244,3416,135,0.5387660387660388,0.14066225165562915,0.7972972972972973,0.4870870870870871,0.512912912912913
3551,YDR218C YLR376C,0.0,NA,0.004960804246366024,531,3243,3417,135,0.5389025389025389,0.14069952305246422,0.7972972972972973,0.48693693693693696,0.513063063063063
3552,YOR039W YMR055C,0.0,NA,0.004988131113350391,531,3242,3418,135,0.539039039039039,0.14073681420620196,0.7972972972972973,0.4867867867867868,0.5132132132132132
3553,YKR028W YMR112C,0.0,NA,0.00499298982322216,531,3241,3419,135,0.5391755391755392,0.14077412513255566,0.7972972972972973,0.48663663663663664,0.5133633633633634
3554,YLR293C YGR159C,0.0,NA,0.004994358867406845,531,3240,3420,135,0.5393120393120393,0.14081145584725538,0.7972972972972973,0.4864864864864865,0.5135135135135135
3555,YKR057W YDL028C,0.0,NA,0.005010103806853294,531,3239,3421,135,0.5394485394485394,0.14084880636604774,0.7972972972972973,0.48633633633633633,0.5136636636636637
3556,YLR325C YNR058W,0.0,NA,0.005013204179704189,531,3238,3422,135,0.5395850395850396,0.1408861767046962,0.7972972972972973,0.4861861861861862,0.5138138138138139
3557,YKL120W YGL073W,0.0,NA,0.005018525291234255,531,3237,3423,135,0.5397215397215397,0.1409235668789809,0.7972972972972973,0.486036036036036,0.5139639639639639
3558,YNL116W YBR029C,0.0,NA,0.005033724941313267,531,3236,3424,135,0.5398580398580398,0.1409609769046987,0.7972972972972973,0.4858858858858859,0.5141141141141141
3559,YLR139C YBR085W,1.0,NA,0.005035602021962404,530,3236,3424,136,0.5397215397215397,0.1407328730748805,0.7957957957957958,0.4858858858858859,0.5141141141141141
3560,YHR140W YJR072C,0.0,NA,0.005044866353273392,530,3235,3425,136,0.5398580398580398,0.1407702523240372,0.7957957957957958,0.48573573573573575,0.5142642642642643
3561,YCL040W YGR266W,0.0,NA,0.005067125894129276,530,3234,3426,136,0.53999453999454,0.140807651434644,0.7957957957957958,0.48558558558558557,0.5144144144144144
3562,YLL034C YHR202W,0.0,NA,0.005079993512481451,530,3233,3427,136,0.5401310401310402,0.14084507042253522,0.7957957957957958,0.48543543543543544,0.5145645645645646
3563,YOR019W YGR055W,0.0,NA,0.005110290367156267,530,3232,3428,136,0.5402675402675403,0.14088250930356194,0.7957957957957958,0.4852852852852853,0.5147147147147147
3564,YLL025W YDR400W,0.0,NA,0.005118991248309612,530,3231,3429,136,0.5404040404040404,0.14091996809359214,0.7957957957957958,0.4851351351351351,0.5148648648648648
3565,YPL031C YGL130W,0.0,NA,0.0051557086408138275,530,3230,3430,136,0.5405405405405406,0.14095744680851063,0.7957957957957958,0.484984984984985,0.515015015015015
3566,YEL053C YCL047C,0.0,NA,0.00516416784375906,530,3229,3431,136,0.5406770406770407,0.1409949454642192,0.7957957957957958,0.48483483483483486,0.5151651651651652
3567,YHR202W YGR260W,0.0,NA,0.005183665081858635,530,3228,3432,136,0.5408135408135408,0.1410324640766365,0.7957957957957958,0.4846846846846847,0.5153153153153153
3568,YDR134C YLR172C,0.0,NA,0.005187783390283585,530,3227,3433,136,0.540950040950041,0.14107000266169817,0.7957957957957958,0.48453453453453454,0.5154654654654655
3569,YKR025W YDR237W,0.0,NA,0.005193352699279785,530,3226,3434,136,0.5410865410865411,0.14110756123535675,0.7957957957957958,0.48438438438438436,0.5156156156156156
3570,YBR070C YLR132C,0.0,NA,0.005239495076239109,530,3225,3435,136,0.5412230412230412,0.1411451398135819,0.7957957957957958,0.48423423423423423,0.5157657657657657
3571,YHR038W YCR021C,0.0,NA,0.005243393592536449,530,3224,3436,136,0.5413595413595413,0.14118273841236015,0.7957957957957958,0.4840840840840841,0.5159159159159159
3572,YIL097W YJR111C,0.0,NA,0.0052549266256392,530,3223,3437,136,0.5414960414960415,0.14122035704769517,0.7957957957957958,0.4839339339339339,0.5160660660660661
3573,YDR323C YGR142W,0.0,NA,0.005265440791845322,530,3222,3438,136,0.5416325416325416,0.14125799573560768,0.7957957957957958,0.4837837837837838,0.5162162162162162
3574,YLR016C YKL183W,0.0,NA,0.005291749723255634,530,3221,3439,136,0.5417690417690417,0.14129565449213544,0.7957957957957958,0.48363363363363365,0.5163663663663663
3575,YEL077C YHL007C,0.0,NA,0.005323691759258509,530,3220,3440,136,0.5419055419055419,0.14133333333333334,0.7957957957957958,0.48348348348348347,0.5165165165165165
3576,YGL250W YLR425W,0.0,NA,0.00532370712608099,530,3219,3441,136,0.5420420420420421,0.1413710322752734,0.7957957957957958,0.48333333333333334,0.5166666666666667
3577,YNL067W YGR081C,0.0,NA,0.00532953767105937,530,3218,3442,136,0.5421785421785422,0.14140875133404482,0.7957957957957958,0.4831831831831832,0.5168168168168168
3578,YIL172C YKR004C,0.0,NA,0.0053453752771019936,530,3217,3443,136,0.5423150423150424,0.14144649052575395,0.7957957957957958,0.483033033033033,0.516966966966967
3579,YPL180W YPR041W,0.0,NA,0.005374202039092779,530,3216,3444,136,0.5424515424515425,0.1414842498665243,0.7957957957957958,0.4828828828828829,0.5171171171171172
3580,YIL108W YKL060C,0.0,NA,0.005374232307076454,530,3215,3445,136,0.5425880425880426,0.14152202937249667,0.7957957957957958,0.4827327327327327,0.5172672672672672
3581,YOR086C YIR005W,0.0,NA,0.005375394597649574,530,3214,3446,136,0.5427245427245427,0.14155982905982906,0.7957957957957958,0.4825825825825826,0.5174174174174174
3582,YML081C-A YDL120W,1.0,NA,0.0053990487940609455,529,3214,3446,137,0.5425880425880426,0.14133048356932942,0.7942942942942943,0.4825825825825826,0.5174174174174174
3583,YNL233W YLR071C,0.0,NA,0.005410860758274794,529,3213,3447,137,0.5427245427245427,0.14136825227151256,0.7942942942942943,0.48243243243243245,0.5175675675675676
3584,YDR297W YMR029C,0.0,NA,0.005411030258983374,529,3212,3448,137,0.5428610428610429,0.1414060411654638,0.7942942942942943,0.48228228228228226,0.5177177177177177
3585,YBR185C YIL111W,1.0,NA,0.005413099192082882,528,3212,3448,138,0.5427245427245427,0.1411764705882353,0.7927927927927928,0.48228228228228226,0.5177177177177177
3586,YMR139W YOR396W,0.0,NA,0.005414680577814579,528,3211,3449,138,0.5428610428610429,0.1412142284033164,0.7927927927927928,0.48213213213213213,0.5178678678678679
3587,YDR437W YPL094C,0.0,NA,0.005429625511169434,528,3210,3450,138,0.542997542997543,0.14125200642054575,0.7927927927927928,0.481981981981982,0.5180180180180181
3588,YNL189W YKL005C,0.0,NA,0.005431387573480606,528,3209,3451,138,0.5431340431340431,0.1412898046561413,0.7927927927927928,0.4818318318318318,0.5181681681681681
3589,YBR192W YFL027C,0.0,NA,0.005437149666249752,528,3208,3452,138,0.5432705432705432,0.14132762312633834,0.7927927927927928,0.4816816816816817,0.5183183183183183
3590,YPL194W YGL004C,0.0,NA,0.005457449704408646,528,3207,3453,138,0.5434070434070434,0.14136546184738955,0.7927927927927928,0.48153153153153155,0.5184684684684685
3591,YDR481C YGR080W,0.0,NA,0.005472367163747549,528,3206,3454,138,0.5435435435435435,0.1414033208355651,0.7927927927927928,0.48138138138138137,0.5186186186186186
3592,YLR007W YPR098C,0.0,NA,0.005480023100972176,528,3205,3455,138,0.5436800436800436,0.14144120010715241,0.7927927927927928,0.48123123123123124,0.5187687687687688
3593,YER020W YDL135C,0.0,NA,0.0054826377891004086,528,3204,3456,138,0.5438165438165438,0.1414790996784566,0.7927927927927928,0.4810810810810811,0.518918918918919
3594,YDR343C YOR396W,0.0,NA,0.0054918392561376095,528,3203,3457,138,0.543953043953044,0.14151701956580007,0.7927927927927928,0.4809309309309309,0.519069069069069
3595,YBR188C YNR047W,0.0,NA,0.005492417141795158,528,3202,3458,138,0.5440895440895441,0.1415549597855228,0.7927927927927928,0.4807807807807808,0.5192192192192192
3596,YIL053W YNL217W,0.0,NA,0.005498051643371582,528,3201,3459,138,0.5442260442260443,0.1415929203539823,0.7927927927927928,0.4806306306306306,0.5193693693693694
3597,YDR182W YLL002W,0.0,NA,0.005510381888598204,528,3200,3460,138,0.5443625443625444,0.14163090128755365,0.7927927927927928,0.4804804804804805,0.5195195195195195
3598,YJR043C YCL029C,0.0,NA,0.005529521498829126,528,3199,3461,138,0.5444990444990445,0.14166890260262946,0.7927927927927928,0.48033033033033035,0.5196696696696697
3599,YCR005C YNL177C,1.0,NA,0.00555475102737546,527,3199,3461,139,0.5443625443625444,0.14143853998926462,0.7912912912912913,0.48033033033033035,0.5196696696696697
3600,YMR069W YFR048W,0.0,NA,0.005555920768529177,527,3198,3462,139,0.5444990444990445,0.1414765100671141,0.7912912912912913,0.48018018018018016,0.5198198198198198
3601,YDR297W YKR004C,0.0,NA,0.005574503447860479,527,3197,3463,139,0.5446355446355446,0.14151450053705691,0.7912912912912913,0.48003003003003003,0.51996996996997
3602,YLR086W YLR025W,0.0,NA,0.0055769626051187515,527,3196,3464,139,0.5447720447720448,0.1415525114155251,0.7912912912912913,0.4798798798798799,0.5201201201201201
3603,YCR077C YBR275C,0.0,NA,0.00559112336486578,527,3195,3465,139,0.5449085449085449,0.1415905427189683,0.7912912912912913,0.4797297297297297,0.5202702702702703
3604,YDL077C YBR101C,0.0,NA,0.005597526673227549,527,3194,3466,139,0.545045045045045,0.1416285944638538,0.7912912912912913,0.4795795795795796,0.5204204204204205
3605,YKL040C YBR192W,0.0,NA,0.00562274968251586,527,3193,3467,139,0.5451815451815452,0.14166666666666666,0.7912912912912913,0.47942942942942945,0.5205705705705705
3606,YOR198C YPL026C,0.0,NA,0.005645772907882929,527,3192,3468,139,0.5453180453180453,0.14170475934390966,0.7912912912912913,0.47927927927927927,0.5207207207207207
3607,YJL092W YKR081C,0.0,NA,0.005659495014697313,527,3191,3469,139,0.5454545454545454,0.14174287251210327,0.7912912912912913,0.47912912912912914,0.5208708708708709
3608,YGL056C YML011C,0.0,NA,0.005660541355609894,527,3190,3470,139,0.5455910455910455,0.14178100618778586,0.7912912912912913,0.47897897897897895,0.521021021021021
3609,YPL164C YDR380W,0.0,NA,0.005670303478837013,527,3189,3471,139,0.5457275457275458,0.14181916038751347,0.7912912912912913,0.4788288288288288,0.5211711711711712
3610,YMR311C YOR017W,0.0,NA,0.005686106625944376,527,3188,3472,139,0.5458640458640459,0.14185733512786003,0.7912912912912913,0.4786786786786787,0.5213213213213214
3611,YFL054C YOR229W,0.0,NA,0.00569009268656373,527,3187,3473,139,0.546000546000546,0.14189553042541733,0.7912912912912913,0.4785285285285285,0.5214714714714714
3612,YLR020C YDR128W,0.0,NA,0.005704917013645172,527,3186,3474,139,0.5461370461370462,0.14193374629679503,0.7912912912912913,0.4783783783783784,0.5216216216216216
3613,YDL232W YPL087W,0.0,NA,0.005713930819183588,527,3185,3475,139,0.5462735462735463,0.1419719827586207,0.7912912912912913,0.47822822822822825,0.5217717717717718
3614,YBR004C YDR482C,0.0,NA,0.005743492394685745,527,3184,3476,139,0.5464100464100464,0.14201023982753974,0.7912912912912913,0.47807807807807806,0.5219219219219219
3615,YCR092C YGR080W,0.0,NA,0.005761361215263605,527,3183,3477,139,0.5465465465465466,0.14204851752021563,0.7912912912912913,0.47792792792792793,0.5220720720720721
3616,YLL031C YIL030C,0.0,NA,0.005786730907857418,527,3182,3478,139,0.5466830466830467,0.14208681585332975,0.7912912912912913,0.4777777777777778,0.5222222222222223
3617,YGL032C YDR389W,0.0,NA,0.005808096379041672,527,3181,3479,139,0.5468195468195468,0.14212513484358144,0.7912912912912913,0.4776276276276276,0.5223723723723723
3618,YFL010W-A YLR182W,0.0,NA,0.005827099084854126,527,3180,3480,139,0.5469560469560469,0.14216347450768815,0.7912912912912913,0.4774774774774775,0.5225225225225225
3619,YKL061W YGR068C,0.0,NA,0.005844410974532366,527,3179,3481,139,0.5470925470925471,0.14220183486238533,0.7912912912912913,0.4773273273273273,0.5226726726726727
3620,YMR061W YOR074C,0.0,NA,0.005847060587257147,527,3178,3482,139,0.5472290472290472,0.14224021592442646,0.7912912912912913,0.47717717717717717,0.5228228228228228
3621,YML104C YOR393W,0.0,NA,0.005854960065335035,527,3177,3483,139,0.5473655473655473,0.14227861771058314,0.7912912912912913,0.47702702702702704,0.522972972972973
3622,YBL013W YMR012W,0.0,NA,0.005877016577869654,527,3176,3484,139,0.5475020475020475,0.14231704023764516,0.7912912912912913,0.47687687687687685,0.5231231231231231
3623,YLR115W YJL172W,0.0,NA,0.00589577853679657,527,3175,3485,139,0.5476385476385477,0.1423554835224203,0.7912912912912913,0.4767267267267267,0.5232732732732732
3624,YHR001W YLR189C,0.0,NA,0.005924432538449764,527,3174,3486,139,0.5477750477750478,0.14239394758173465,0.7912912912912913,0.4765765765765766,0.5234234234234234
3625,YJL089W YDR525W-A,0.0,NA,0.00596071220934391,527,3173,3487,139,0.547911547911548,0.14243243243243242,0.7912912912912913,0.4764264264264264,0.5235735735735736
3626,YLR139C YPR001W,1.0,NA,0.005971158854663372,526,3173,3487,140,0.5477750477750478,0.14220059475533928,0.7897897897897898,0.4764264264264264,0.5235735735735736
3627,YOR367W YMR204C,0.0,NA,0.005976385902613401,526,3172,3488,140,0.547911547911548,0.14223904813412655,0.7897897897897898,0.4762762762762763,0.5237237237237238
3628,YAR027W YPR086W,0.0,NA,0.0059878407046198845,526,3171,3489,140,0.5480480480480481,0.14227752231539087,0.7897897897897898,0.47612612612612615,0.5238738738738739
3629,YLL025W YER083C,0.0,NA,0.005991491489112377,526,3170,3490,140,0.5481845481845482,0.1423160173160173,0.7897897897897898,0.47597597597597596,0.524024024024024
3630,YIL134W YLR025W,0.0,NA,0.0060172067023813725,526,3169,3491,140,0.5483210483210483,0.14235453315290933,0.7897897897897898,0.47582582582582583,0.5241741741741742
3631,YBL107C YPR106W,0.0,NA,0.006024780683219433,526,3168,3492,140,0.5484575484575485,0.14239306984298863,0.7897897897897898,0.4756756756756757,0.5243243243243243
3632,YNL238W YMR058W,0.0,NA,0.006033570971339941,526,3167,3493,140,0.5485940485940486,0.14243162740319523,0.7897897897897898,0.4755255255255255,0.5244744744744745
3633,YPL089C YKR026C,0.0,NA,0.0060460749082267284,526,3166,3494,140,0.5487305487305487,0.14247020585048753,0.7897897897897898,0.4753753753753754,0.5246246246246247
3634,YLR220W YNL027W,0.0,NA,0.006059638224542141,526,3165,3495,140,0.5488670488670488,0.1425088052018423,0.7897897897897898,0.4752252252252252,0.5247747747747747
3635,YHL004W YGL040C,1.0,NA,0.006088904570788145,525,3165,3495,141,0.5487305487305487,0.14227642276422764,0.7882882882882883,0.4752252252252252,0.5247747747747747
3636,YPL266W YPL024W,0.0,NA,0.006103037856519222,525,3164,3496,141,0.5488670488670488,0.14231499051233396,0.7882882882882883,0.47507507507507507,0.5249249249249249
3637,YDR060W YHR059W,0.0,NA,0.006110782735049725,525,3163,3497,141,0.549003549003549,0.142353579175705,0.7882882882882883,0.47492492492492494,0.5250750750750751
3638,YJR013W YJL145W,0.0,NA,0.006115221418440342,525,3162,3498,141,0.5491400491400491,0.14239218877135884,0.7882882882882883,0.47477477477477475,0.5252252252252252
3639,YDR373W YDR182W,0.0,NA,0.006124264094978571,525,3161,3499,141,0.5492765492765492,0.14243081931633206,0.7882882882882883,0.4746246246246246,0.5253753753753754
3640,YLR172C YOL112W,0.0,NA,0.006172638386487961,525,3160,3500,141,0.5494130494130494,0.14246947082767977,0.7882882882882883,0.4744744744744745,0.5255255255255256
3641,YOL057W YDR378C,0.0,NA,0.006176079623401165,525,3159,3501,141,0.5495495495495496,0.14250814332247558,0.7882882882882883,0.4743243243243243,0.5256756756756756
3642,YBR278W YER110C,0.0,NA,0.006182106211781502,525,3158,3502,141,0.5496860496860497,0.14254683681781158,0.7882882882882883,0.4741741741741742,0.5258258258258258
3643,YMR316W YLR336C,0.0,NA,0.006211509928107262,525,3157,3503,141,0.5498225498225499,0.14258555133079848,0.7882882882882883,0.47402402402402405,0.525975975975976
3644,YLR170C YOL007C,0.0,NA,0.0062292576767504215,525,3156,3504,141,0.54995904995905,0.1426242868785656,0.7882882882882883,0.47387387387387386,0.5261261261261261
3645,YHR202W YOR025W,0.0,NA,0.006231312174350023,525,3155,3505,141,0.5500955500955501,0.14266304347826086,0.7882882882882883,0.47372372372372373,0.5262762762762763
3646,YDL171C YDR180W,0.0,NA,0.006246205884963274,525,3154,3506,141,0.5502320502320502,0.14270182114705082,0.7882882882882883,0.47357357357357355,0.5264264264264265
3647,YCR093W YGR166W,0.0,NA,0.006262156181037426,525,3153,3507,141,0.5503685503685504,0.14274061990212072,0.7882882882882883,0.4734234234234234,0.5265765765765765
3648,YMR295C YBR048W,0.0,NA,0.006268135271966457,525,3152,3508,141,0.5505050505050505,0.14277943976067448,0.7882882882882883,0.4732732732732733,0.5267267267267267
3649,YPR118W YDL080C,0.0,NA,0.0062856595031917095,525,3151,3509,141,0.5506415506415506,0.14281828073993472,0.7882882882882883,0.4731231231231231,0.5268768768768769
3650,YHR109W YLR425W,0.0,NA,0.006335582584142685,525,3150,3510,141,0.5507780507780508,0.14285714285714285,0.7882882882882883,0.47297297297297297,0.527027027027027
3651,YMR262W YPR181C,0.0,NA,0.006399268750101328,525,3149,3511,141,0.5509145509145509,0.14289602612955907,0.7882882882882883,0.47282282282282284,0.5271771771771772
3652,YJL020C YNR015W,0.0,NA,0.006472465116530657,525,3148,3512,141,0.551051051051051,0.1429349305744623,0.7882882882882883,0.47267267267267266,0.5273273273273273
3653,YDL061C YIL051C,0.0,NA,0.006488850340247154,525,3147,3513,141,0.5511875511875511,0.14297385620915032,0.7882882882882883,0.4725225225225225,0.5274774774774775
3654,YPR157W YOR152C,0.0,NA,0.006491233594715595,525,3146,3514,141,0.5513240513240514,0.1430128030509398,0.7882882882882883,0.4723723723723724,0.5276276276276276
3655,YGR133W YLR072W,0.0,NA,0.006525896489620209,525,3145,3515,141,0.5514605514605515,0.14305177111716622,0.7882882882882883,0.4722222222222222,0.5277777777777778
3656,YOR130C YNL092W,0.0,NA,0.006537710316479206,525,3144,3516,141,0.5515970515970516,0.14309076042518398,0.7882882882882883,0.4720720720720721,0.527927927927928
3657,YKL019W YLR097C,0.0,NA,0.0065448833629488945,525,3143,3517,141,0.5517335517335518,0.1431297709923664,0.7882882882882883,0.47192192192192195,0.528078078078078
3658,YBL008W YDL128W,0.0,NA,0.006551971659064293,525,3142,3518,141,0.5518700518700519,0.1431688028361058,0.7882882882882883,0.47177177177177176,0.5282282282282282
3659,YJL165C YOR393W,0.0,NA,0.006561886519193649,525,3141,3519,141,0.552006552006552,0.1432078559738134,0.7882882882882883,0.47162162162162163,0.5283783783783784
3660,YBR192W YGR129W,0.0,NA,0.006563534028828144,525,3140,3520,141,0.5521430521430521,0.1432469304229195,0.7882882882882883,0.47147147147147145,0.5285285285285285
3661,YML124C YDR182W,0.0,NA,0.006587331183254719,525,3139,3521,141,0.5522795522795523,0.14328602620087336,0.7882882882882883,0.4713213213213213,0.5286786786786787
3662,YPR192W YJL025W,0.0,NA,0.006588170770555735,525,3138,3522,141,0.5524160524160524,0.14332514332514332,0.7882882882882883,0.4711711711711712,0.5288288288288289
3663,YIL077C YCR096C,0.0,NA,0.006597886327654123,525,3137,3523,141,0.5525525525525525,0.1433642818132168,0.7882882882882883,0.471021021021021,0.5289789789789789
3664,YGR260W YOR270C,0.0,NA,0.0066034141927957535,525,3136,3524,141,0.5526890526890527,0.14340344168260039,0.7882882882882883,0.4708708708708709,0.5291291291291291
3665,YMR053C YHR188C,0.0,NA,0.0066107031889259815,525,3135,3525,141,0.5528255528255528,0.14344262295081966,0.7882882882882883,0.47072072072072074,0.5292792792792793
3666,YDR129C YGR260W,0.0,NA,0.0066192010417580605,525,3134,3526,141,0.5529620529620529,0.1434818256354195,0.7882882882882883,0.47057057057057056,0.5294294294294294
3667,YHL022C YML052W,0.0,NA,0.006621374282985926,525,3133,3527,141,0.553098553098553,0.1435210497539639,0.7882882882882883,0.4704204204204204,0.5295795795795796
3668,YHR002W YGL045W,0.0,NA,0.006623783614486456,525,3132,3528,141,0.5532350532350533,0.1435602953240361,0.7882882882882883,0.4702702702702703,0.5297297297297298
3669,YGR034W YDR128W,0.0,NA,0.006653344724327326,525,3131,3529,141,0.5533715533715534,0.1435995623632385,0.7882882882882883,0.4701201201201201,0.5298798798798798
3670,YNL083W YIR037W,0.0,NA,0.006670065224170685,525,3130,3530,141,0.5535080535080535,0.1436388508891929,0.7882882882882883,0.46996996996997,0.53003003003003
3671,YGL263W YCR073C,0.0,NA,0.006705225445330143,525,3129,3531,141,0.5536445536445537,0.14367816091954022,0.7882882882882883,0.4698198198198198,0.5301801801801802
3672,YGL139W YMR205C,0.0,NA,0.006710239220410585,525,3128,3532,141,0.5537810537810538,0.14371749247194088,0.7882882882882883,0.46966966966966966,0.5303303303303303
3673,YAR027W YBR186W,0.0,NA,0.006726168096065521,525,3127,3533,141,0.5539175539175539,0.14375684556407448,0.7882882882882883,0.46951951951951953,0.5304804804804805
3674,YDR120C YMR012W,0.0,NA,0.006727977655827999,525,3126,3534,141,0.5540540540540541,0.1437962202136401,0.7882882882882883,0.46936936936936935,0.5306306306306307
3675,YGR044C YHR031C,0.0,NA,0.006738417781889439,525,3125,3535,141,0.5541905541905542,0.14383561643835616,0.7882882882882883,0.4692192192192192,0.5307807807807807
3676,YHR092C YBR185C,1.0,NA,0.006754298694431782,524,3125,3535,142,0.5540540540540541,0.14360098657166348,0.7867867867867868,0.4692192192192192,0.5307807807807807
3677,YOL096C YMR322C,0.0,NA,0.006819470785558224,524,3124,3536,142,0.5541905541905542,0.14364035087719298,0.7867867867867868,0.4690690690690691,0.5309309309309309
3678,YJL051W YLR160C,0.0,NA,0.006840022746473551,524,3123,3537,142,0.5543270543270543,0.1436797367699479,0.7867867867867868,0.4689189189189189,0.5310810810810811
3679,YLR028C YJL166W,1.0,NA,0.006843741983175278,523,3123,3537,143,0.5541905541905542,0.14344487109160725,0.7852852852852853,0.4689189189189189,0.5310810810810811
3680,YMR148W YDL092W,0.0,NA,0.006845323834568262,523,3122,3538,143,0.5543270543270543,0.14348422496570645,0.7852852852852853,0.4687687687687688,0.5312312312312313
3681,YIL067C YOR025W,0.0,NA,0.006853205617517233,523,3121,3539,143,0.5544635544635544,0.14352360043907794,0.7852852852852853,0.46861861861861864,0.5313813813813814
3682,YPL110C YBR037C,0.0,NA,0.0068701873533427715,523,3120,3540,143,0.5546000546000546,0.14356299752950866,0.7852852852852853,0.46846846846846846,0.5315315315315315
3683,YDR003W YLR310C,0.0,NA,0.006886056158691645,523,3119,3541,143,0.5547365547365547,0.14360241625480505,0.7852852852852853,0.4683183183183183,0.5316816816816817
3684,YMR016C YHR103W,0.0,NA,0.0069056167267262936,523,3118,3542,143,0.5548730548730548,0.1436418566327932,0.7852852852852853,0.46816816816816814,0.5318318318318318
3685,YDR373W YKR082W,0.0,NA,0.00693273963406682,523,3117,3543,143,0.555009555009555,0.14368131868131867,0.7852852852852853,0.468018018018018,0.531981981981982
3686,YBR044C YOR052C,0.0,NA,0.00696179736405611,523,3116,3544,143,0.5551460551460552,0.14372080241824678,0.7852852852852853,0.4678678678678679,0.5321321321321322
3687,YPL087W YMR204C,0.0,NA,0.006969756446778774,523,3115,3545,143,0.5552825552825553,0.14376030786146235,0.7852852852852853,0.4677177177177177,0.5322822822822822
3688,YKL159C YBR188C,0.0,NA,0.006970806047320366,523,3114,3546,143,0.5554190554190555,0.14379983502886995,0.7852852852852853,0.46756756756756757,0.5324324324324324
3689,YLR028C YKL085W,1.0,NA,0.006987607106566429,522,3114,3546,144,0.5552825552825553,0.14356435643564355,0.7837837837837838,0.46756756756756757,0.5324324324324324
3690,YPL259C YMR040W,0.0,NA,0.006989056710153818,522,3113,3547,144,0.5554190554190555,0.1436038514442916,0.7837837837837838,0.46741741741741744,0.5325825825825826
3691,YOL089C YDR085C,0.0,NA,0.00701481057330966,522,3112,3548,144,0.5555555555555556,0.14364336818932305,0.7837837837837838,0.46726726726726725,0.5327327327327327
3692,YEL053C YDR406W,0.0,NA,0.007021748926490545,522,3111,3549,144,0.5556920556920557,0.14368290668868702,0.7837837837837838,0.4671171171171171,0.5328828828828829
3693,YNL297C YKR075C,0.0,NA,0.007025327533483505,522,3110,3550,144,0.5558285558285558,0.14372246696035243,0.7837837837837838,0.466966966966967,0.5330330330330331
3694,YLL019C YOL112W,0.0,NA,0.007031350862234831,522,3109,3551,144,0.555965055965056,0.1437620490223079,0.7837837837837838,0.4668168168168168,0.5331831831831831
3695,YDL168W YMR084W,0.0,NA,0.007037498988211155,522,3108,3552,144,0.5561015561015561,0.14380165289256197,0.7837837837837838,0.4666666666666667,0.5333333333333333
3696,YOR079C YCL003W,0.0,NA,0.007055468857288361,522,3107,3553,144,0.5562380562380562,0.143841278589143,0.7837837837837838,0.46651651651651654,0.5334834834834835
3697,YLR054C YLR086W,0.0,NA,0.007056437432765961,522,3106,3554,144,0.5563745563745564,0.14388092613009923,0.7837837837837838,0.46636636636636636,0.5336336336336336
3698,YLR139C YJL209W,1.0,NA,0.007064314093440771,521,3106,3554,145,0.5562380562380562,0.14364488558036945,0.7822822822822822,0.46636636636636636,0.5336336336336336
3699,YDR516C YDR438W,0.0,NA,0.007069687359035015,521,3105,3555,145,0.5563745563745564,0.14368450082735798,0.7822822822822822,0.46621621621621623,0.5337837837837838
3700,YHR109W YIR028W,0.0,NA,0.007070865482091904,521,3104,3556,145,0.5565110565110565,0.14372413793103447,0.7822822822822822,0.46606606606606604,0.533933933933934
3701,YMR285C YBL031W,0.0,NA,0.007091951556503773,521,3103,3557,145,0.5566475566475566,0.1437637969094923,0.7822822822822822,0.4659159159159159,0.534084084084084
3702,YLR096W YGR166W,0.0,NA,0.007097146939486265,521,3102,3558,145,0.5567840567840567,0.1438034777808446,0.7822822822822822,0.4657657657657658,0.5342342342342342
3703,YCR086W YBL095W,0.0,NA,0.0070994398556649685,521,3101,3559,145,0.556920556920557,0.14384318056322473,0.7822822822822822,0.4656156156156156,0.5343843843843844
3704,YIL160C YMR276W,0.0,NA,0.007103971671313047,521,3100,3560,145,0.5570570570570571,0.14388290527478598,0.7822822822822822,0.46546546546546547,0.5345345345345346
3705,YNL145W YHR017W,0.0,NA,0.007106205448508263,521,3099,3561,145,0.5571935571935572,0.14392265193370166,0.7822822822822822,0.46531531531531534,0.5346846846846847
3706,YOR358W YER083C,0.0,NA,0.0071320971474051476,521,3098,3562,145,0.5573300573300574,0.14396242055816524,0.7822822822822822,0.46516516516516515,0.5348348348348348
3707,YLR139C YNL185C,1.0,NA,0.007146503310650587,520,3098,3562,146,0.5571935571935572,0.14372581536760642,0.7807807807807807,0.46516516516516515,0.5348348348348348
3708,YPR069C YDR077W,0.0,NA,0.007163958624005318,520,3097,3563,146,0.5573300573300574,0.14376555156206802,0.7807807807807807,0.465015015015015,0.534984984984985
3709,YLR096W YJR025C,0.0,NA,0.007167747709900141,520,3096,3564,146,0.5574665574665575,0.14380530973451328,0.7807807807807807,0.4648648648648649,0.5351351351351351
3710,YGR166W YLL007C,0.0,NA,0.007169410586357117,520,3095,3565,146,0.5576030576030576,0.14384508990318118,0.7807807807807807,0.4647147147147147,0.5352852852852853
3711,YDL225W YOR375C,0.0,NA,0.0071972692385315895,520,3094,3566,146,0.5577395577395577,0.14388489208633093,0.7807807807807807,0.4645645645645646,0.5354354354354355
3712,YLR096W YBR172C,0.0,NA,0.007213963195681572,520,3093,3567,146,0.5578760578760579,0.1439247163022419,0.7807807807807807,0.4644144144144144,0.5355855855855856
3713,YJL198W YLL007C,0.0,NA,0.0072179874405264854,520,3092,3568,146,0.558012558012558,0.14396456256921372,0.7807807807807807,0.46426426426426426,0.5357357357357357
3714,YPR128C YNL239W,0.0,NA,0.007220807019621134,520,3091,3569,146,0.5581490581490581,0.14400443090556633,0.7807807807807807,0.46411411411411413,0.5358858858858859
3715,YIL033C YLR109W,0.0,NA,0.007262186612933874,520,3090,3570,146,0.5582855582855583,0.1440443213296399,0.7807807807807807,0.46396396396396394,0.536036036036036
3716,YDR064W YNL313C,0.0,NA,0.007269843015819788,520,3089,3571,146,0.5584220584220584,0.14408423385979496,0.7807807807807807,0.4638138138138138,0.5361861861861862
3717,YDR429C YER144C,0.0,NA,0.007314879912883043,520,3088,3572,146,0.5585585585585585,0.14412416851441243,0.7807807807807807,0.4636636636636637,0.5363363363363364
3718,YOR388C YHR194W,0.0,NA,0.007338244002312422,520,3087,3573,146,0.5586950586950586,0.14416412531189354,0.7807807807807807,0.4635135135135135,0.5364864864864864
3719,YKR025W YNL290W,0.0,NA,0.007369494531303644,520,3086,3574,146,0.5588315588315589,0.14420410427066002,0.7807807807807807,0.46336336336336337,0.5366366366366366
3720,YCL039W YJR127C,0.0,NA,0.007383222226053476,520,3085,3575,146,0.558968058968059,0.14424410540915394,0.7807807807807807,0.46321321321321324,0.5367867867867868
3721,YFL054C YIL103W,0.0,NA,0.007395337335765362,520,3084,3576,146,0.5591045591045591,0.14428412874583796,0.7807807807807807,0.46306306306306305,0.5369369369369369
3722,YEL060C YDL048C,0.0,NA,0.007424752227962017,520,3083,3577,146,0.5592410592410593,0.1443241742991951,0.7807807807807807,0.4629129129129129,0.5370870870870871
3723,YNL010W YHR104W,0.0,NA,0.007426014170050621,520,3082,3578,146,0.5593775593775594,0.14436424208772905,0.7807807807807807,0.46276276276276274,0.5372372372372373
3724,YMR160W YBR055C,0.0,NA,0.007452787831425667,520,3081,3579,146,0.5595140595140595,0.1444043321299639,0.7807807807807807,0.4626126126126126,0.5373873873873873
3725,YCR005C YGL068W,1.0,NA,0.007463115733116865,519,3081,3579,147,0.5593775593775594,0.14416666666666667,0.7792792792792793,0.4626126126126126,0.5373873873873873
3726,YHR018C YIL056W,0.0,NA,0.007471618242561817,519,3080,3580,147,0.5595140595140595,0.144206724090025,0.7792792792792793,0.4624624624624625,0.5375375375375375
3727,YBR101C YDL191W,0.0,NA,0.007509365677833557,519,3079,3581,147,0.5596505596505597,0.1442468037798777,0.7792792792792793,0.4623123123123123,0.5376876876876877
3728,YOR180C YNR043W,0.0,NA,0.007513670716434717,519,3078,3582,147,0.5597870597870598,0.14428690575479566,0.7792792792792793,0.46216216216216216,0.5378378378378378
3729,YOR198C YPR158W,0.0,NA,0.0075199175626039505,519,3077,3583,147,0.5599235599235599,0.1443270300333704,0.7792792792792793,0.46201201201201203,0.537987987987988
3730,YKL211C YMR315W,0.0,NA,0.007520910352468491,519,3076,3584,147,0.56006006006006,0.1443671766342142,0.7792792792792793,0.46186186186186184,0.5381381381381382
3731,YOR344C YLR441C,0.0,NA,0.007521067280322313,519,3075,3585,147,0.5601965601965602,0.14440734557595994,0.7792792792792793,0.4617117117117117,0.5382882882882883
3732,YDL231C YPL018W,0.0,NA,0.007524299435317516,519,3074,3586,147,0.5603330603330603,0.14444753687726133,0.7792792792792793,0.4615615615615616,0.5384384384384384
3733,YGL001C YMR112C,0.0,NA,0.0075250044465065,519,3073,3587,147,0.5604695604695604,0.14448775055679286,0.7792792792792793,0.4614114114114114,0.5385885885885886
3734,YNL320W YNL113W,0.0,NA,0.007543880492448807,519,3072,3588,147,0.5606060606060606,0.14452798663324978,0.7792792792792793,0.46126126126126127,0.5387387387387388
3735,YML025C YJL209W,1.0,NA,0.007580914068967104,518,3072,3588,148,0.5604695604695604,0.14428969359331476,0.7777777777777778,0.46126126126126127,0.5387387387387388
3736,YGR095C YGL030W,0.0,NA,0.007596718147397041,518,3071,3589,148,0.5606060606060606,0.14432989690721648,0.7777777777777778,0.46111111111111114,0.5388888888888889
3737,YGL207W YDR323C,0.0,NA,0.007606614846736193,518,3070,3590,148,0.5607425607425608,0.1443701226309922,0.7777777777777778,0.46096096096096095,0.539039039039039
3738,YPR168W YOR349W,0.0,NA,0.007612109649926424,518,3069,3591,148,0.5608790608790609,0.14441037078338445,0.7777777777777778,0.4608108108108108,0.5391891891891892
3739,YIR031C YCR071C,1.0,NA,0.0076245469972491264,517,3069,3591,149,0.5607425607425608,0.1441717791411043,0.7762762762762763,0.4608108108108108,0.5391891891891892
3740,YLR376C YML123C,0.0,NA,0.007628270890563726,517,3068,3592,149,0.5608790608790609,0.14421199442119945,0.7762762762762763,0.46066066066066064,0.5393393393393393
3741,YGR260W YBL095W,0.0,NA,0.007667714264243841,517,3067,3593,149,0.561015561015561,0.14425223214285715,0.7762762762762763,0.4605105105105105,0.5394894894894895
3742,YOR003W YKL135C,0.0,NA,0.0076724933460354805,517,3066,3594,149,0.5611520611520612,0.14429249232486743,0.7762762762762763,0.4603603603603604,0.5396396396396397
3743,YHR140W YDR412W,0.0,NA,0.007672842126339674,517,3065,3595,149,0.5612885612885613,0.14433277498604133,0.7762762762762763,0.4602102102102102,0.5397897897897898
3744,YDR497C YHR152W,0.0,NA,0.007696991320699453,517,3064,3596,149,0.5614250614250614,0.14437308014521083,0.7762762762762763,0.46006006006006006,0.5399399399399399
3745,YER003C YKR031C,0.0,NA,0.0077165840193629265,517,3063,3597,149,0.5615615615615616,0.14441340782122905,0.7762762762762763,0.45990990990990993,0.5400900900900901
3746,YKL207W YAL038W,0.0,NA,0.007718855515122414,517,3062,3598,149,0.5616980616980617,0.14445375803297011,0.7762762762762763,0.45975975975975975,0.5402402402402402
3747,YBR223C YEL034W,0.0,NA,0.007727991323918104,517,3061,3599,149,0.5618345618345618,0.14449413079932924,0.7762762762762763,0.4596096096096096,0.5403903903903904
3748,YPR093C YGR129W,0.0,NA,0.007738214451819658,517,3060,3600,149,0.561971061971062,0.14453452613922282,0.7762762762762763,0.4594594594594595,0.5405405405405406
3749,YCL030C YPR033C,0.0,NA,0.007739422842860222,517,3059,3601,149,0.5621075621075621,0.14457494407158836,0.7762762762762763,0.4593093093093093,0.5406906906906906
3750,YPL243W YLR189C,0.0,NA,0.007760847918689251,517,3058,3602,149,0.5622440622440622,0.14461538461538462,0.7762762762762763,0.45915915915915917,0.5408408408408408
3751,YIL111W YGL068W,1.0,NA,0.007804932072758675,516,3058,3602,150,0.5621075621075621,0.14437604924454392,0.7747747747747747,0.45915915915915917,0.5408408408408408
3752,YOR161C YOR003W,0.0,NA,0.007826827466487885,516,3057,3603,150,0.5622440622440622,0.14441645675902604,0.7747747747747747,0.459009009009009,0.540990990990991
3753,YKL085W YBR085W,1.0,NA,0.007827137596905231,515,3057,3603,151,0.5621075621075621,0.14417693169092946,0.7732732732732732,0.459009009009009,0.540990990990991
3754,YNR047W YLR466W,0.0,NA,0.00784403458237648,515,3056,3604,151,0.5622440622440622,0.1442173060767292,0.7732732732732732,0.45885885885885885,0.5411411411411411
3755,YKR100C YMR208W,0.0,NA,0.007847724482417107,515,3055,3605,151,0.5623805623805623,0.14425770308123248,0.7732732732732732,0.4587087087087087,0.5412912912912913
3756,YNR013C YJL053W,0.0,NA,0.007936702109873295,515,3054,3606,151,0.5625170625170626,0.14429812272345194,0.7732732732732732,0.45855855855855854,0.5414414414414415
3757,YNL339C YER024W,0.0,NA,0.007944327779114246,515,3053,3607,151,0.5626535626535627,0.1443385650224215,0.7732732732732732,0.4584084084084084,0.5415915915915915
3758,YGL001C YBR132C,0.0,NA,0.007970655336976051,515,3052,3608,151,0.5627900627900628,0.1443790299971965,0.7732732732732732,0.4582582582582583,0.5417417417417417
3759,YPR139C YOR198C,0.0,NA,0.007998309098184109,515,3051,3609,151,0.562926562926563,0.14441951766685363,0.7732732732732732,0.4581081081081081,0.5418918918918919
3760,YCR077C YAL034C,0.0,NA,0.008027547039091587,515,3050,3610,151,0.5630630630630631,0.14446002805049088,0.7732732732732732,0.45795795795795796,0.5420420420420421
3761,YMR311C YGR092W,0.0,NA,0.008031892590224743,515,3049,3611,151,0.5631995631995632,0.14450056116722784,0.7732732732732732,0.45780780780780783,0.5421921921921922
3762,YCL063W YNL313C,0.0,NA,0.00806835014373064,515,3048,3612,151,0.5633360633360633,0.14454111703620545,0.7732732732732732,0.45765765765765765,0.5423423423423424
3763,YDL077C YPR192W,0.0,NA,0.008076777681708336,515,3047,3613,151,0.5634725634725635,0.14458169567658619,0.7732732732732732,0.4575075075075075,0.5424924924924925
3764,YML131W YBR003W,0.0,NA,0.008086617104709148,515,3046,3614,151,0.5636090636090636,0.14462229710755406,0.7732732732732732,0.45735735735735733,0.5426426426426426
3765,YNL245C YML016C,0.0,NA,0.008088774047791958,515,3045,3615,151,0.5637455637455637,0.1446629213483146,0.7732732732732732,0.4572072072072072,0.5427927927927928
3766,YOR245C YJL104W,0.0,NA,0.008117672055959702,515,3044,3616,151,0.5638820638820639,0.14470356841809498,0.7732732732732732,0.45705705705705707,0.542942942942943
3767,YDL130W-A YNR053C,0.0,NA,0.00812491588294506,515,3043,3617,151,0.564018564018564,0.1447442383361439,0.7732732732732732,0.4569069069069069,0.5430930930930931
3768,YFL048C YBR127C,0.0,NA,0.00815108884125948,515,3042,3618,151,0.5641550641550641,0.1447849311217318,0.7732732732732732,0.45675675675675675,0.5432432432432432
3769,YJR006W YOR020C,0.0,NA,0.008151663467288017,515,3041,3619,151,0.5642915642915642,0.14482564679415072,0.7732732732732732,0.4566066066066066,0.5433933933933934
3770,YER020W YPL042C,0.0,NA,0.008188854902982712,515,3040,3620,151,0.5644280644280645,0.14486638537271448,0.7732732732732732,0.45645645645645644,0.5435435435435435
3771,YLR085C YKR088C,0.0,NA,0.008193178102374077,515,3039,3621,151,0.5645645645645646,0.14490714687675857,0.7732732732732732,0.4563063063063063,0.5436936936936937
3772,YBR014C YPL092W,0.0,NA,0.00819745659828186,515,3038,3622,151,0.5647010647010647,0.1449479313256403,0.7732732732732732,0.4561561561561562,0.5438438438438439
3773,YOR019W YHR082C,0.0,NA,0.008203133940696716,515,3037,3623,151,0.5648375648375649,0.14498873873873874,0.7732732732732732,0.456006006006006,0.543993993993994
3774,YHR109W YLR441C,0.0,NA,0.008214280009269714,515,3036,3624,151,0.564974064974065,0.1450295691354548,0.7732732732732732,0.45585585585585586,0.5441441441441441
3775,YNL115C YHR021C,0.0,NA,0.008216194808483124,515,3035,3625,151,0.5651105651105651,0.14507042253521127,0.7732732732732732,0.45570570570570573,0.5442942942942943
3776,YNL133C YKL072W,0.0,NA,0.00823670532554388,515,3034,3626,151,0.5652470652470653,0.1451112989574528,0.7732732732732732,0.45555555555555555,0.5444444444444444
3777,YFL011W-A YLR117C,0.0,NA,0.008238825015723705,515,3033,3627,151,0.5653835653835654,0.145152198421646,0.7732732732732732,0.4554054054054054,0.5445945945945946
3778,YCL038C YOL022C,0.0,NA,0.008246893994510174,515,3032,3628,151,0.5655200655200655,0.1451931209472794,0.7732732732732732,0.45525525525525523,0.5447447447447448
3779,YDL132W YLR277C,0.0,NA,0.008251871913671494,515,3031,3629,151,0.5656565656565656,0.1452340665538635,0.7732732732732732,0.4551051051051051,0.5448948948948948
3780,YDR100W YBR172C,0.0,NA,0.008260371163487434,515,3030,3630,151,0.5657930657930658,0.14527503526093088,0.7732732732732732,0.45495495495495497,0.545045045045045
3781,YOR373W YLR380W,0.0,NA,0.008267284370958805,515,3029,3631,151,0.5659295659295659,0.14531602708803612,0.7732732732732732,0.4548048048048048,0.5451951951951952
3782,YLR277C YIL103W,0.0,NA,0.008285350166261196,515,3028,3632,151,0.566066066066066,0.14535704205475586,0.7732732732732732,0.45465465465465466,0.5453453453453454
3783,YKR004C YGR178C,0.0,NA,0.008301029913127422,515,3027,3633,151,0.5662025662025661,0.14539808018068887,0.7732732732732732,0.4545045045045045,0.5454954954954955
3784,YPL162C YCR042C,0.0,NA,0.008334698155522346,515,3026,3634,151,0.5663390663390664,0.14543914148545609,0.7732732732732732,0.45435435435435434,0.5456456456456457
3785,YOL049W YKL090W,0.0,NA,0.008337410166859627,515,3025,3635,151,0.5664755664755665,0.14548022598870056,0.7732732732732732,0.4542042042042042,0.5457957957957958
3786,YLR376C YDR194C,0.0,NA,0.008337733335793018,515,3024,3636,151,0.5666120666120666,0.1455213337100876,0.7732732732732732,0.4540540540540541,0.5459459459459459
3787,YMR111C YML012W,0.0,NA,0.008353202603757381,515,3023,3637,151,0.5667485667485668,0.1455624646693047,0.7732732732732732,0.4539039039039039,0.5460960960960961
3788,YMR247C YER058W,0.0,NA,0.008363906294107437,515,3022,3638,151,0.5668850668850669,0.14560361888606163,0.7732732732732732,0.45375375375375376,0.5462462462462463
3789,YOR161C YPL094C,0.0,NA,0.008375980891287327,515,3021,3639,151,0.567021567021567,0.1456447963800905,0.7732732732732732,0.4536036036036036,0.5463963963963964
3790,YGL197W YOL058W,0.0,NA,0.00839712843298912,515,3020,3640,151,0.5671580671580672,0.1456859971711457,0.7732732732732732,0.45345345345345345,0.5465465465465466
3791,YHR018C YGR014W,0.0,NA,0.008401107974350452,515,3019,3641,151,0.5672945672945673,0.14572722127900395,0.7732732732732732,0.4533033033033033,0.5466966966966967
3792,YDR071C YJR019C,0.0,NA,0.00840673502534628,515,3018,3642,151,0.5674310674310674,0.14576846872346447,0.7732732732732732,0.45315315315315313,0.5468468468468468
3793,YMR138W YER024W,0.0,NA,0.00842444971203804,515,3017,3643,151,0.5675675675675675,0.1458097395243488,0.7732732732732732,0.453003003003003,0.546996996996997
3794,YAR027W YJR152W,0.0,NA,0.00846793781965971,515,3016,3644,151,0.5677040677040677,0.145851033701501,0.7732732732732732,0.45285285285285287,0.5471471471471472
3795,YFL054C YDR341C,0.0,NA,0.00846822652965784,515,3015,3645,151,0.5678405678405678,0.14589235127478753,0.7732732732732732,0.4527027027027027,0.5472972972972973
3796,YCR071C YPL111W,1.0,NA,0.008471566252410412,514,3015,3645,152,0.5677040677040677,0.14565032587135165,0.7717717717717718,0.4527027027027027,0.5472972972972973
3797,YKR082W YER024W,0.0,NA,0.008490772917866707,514,3014,3646,152,0.5678405678405678,0.14569160997732428,0.7717717717717718,0.45255255255255256,0.5474474474474474
3798,YPL224C YCR018C,0.0,NA,0.008512880653142929,514,3013,3647,152,0.5679770679770679,0.14573291749362063,0.7717717717717718,0.4524024024024024,0.5475975975975976
3799,YGL107C YLR028C,1.0,NA,0.008522295393049717,513,3013,3647,153,0.5678405678405678,0.14549064095292116,0.7702702702702703,0.4524024024024024,0.5475975975975976
3800,YAR018C YGL079W,0.0,NA,0.008548031561076641,513,3012,3648,153,0.5679770679770679,0.14553191489361703,0.7702702702702703,0.45225225225225224,0.5477477477477477
3801,YIR023W YOR026W,0.0,NA,0.008574160747230053,513,3011,3649,153,0.5681135681135682,0.14557321225879682,0.7702702702702703,0.4521021021021021,0.5478978978978979
3802,YOR086C YLR013W,0.0,NA,0.008576147258281708,513,3010,3650,153,0.5682500682500683,0.1456145330684076,0.7702702702702703,0.4519519519519519,0.5480480480480481
3803,YPL183W-A YLR028C,1.0,NA,0.008594915270805359,512,3010,3650,154,0.5681135681135682,0.14537194775695628,0.7687687687687688,0.4519519519519519,0.5480480480480481
3804,YPL117C YHR103W,0.0,NA,0.008619971573352814,512,3009,3651,154,0.5682500682500683,0.14541323487645555,0.7687687687687688,0.4518018018018018,0.5481981981981981
3805,YIL071C YKL120W,0.0,NA,0.00864486489444971,512,3008,3652,154,0.5683865683865684,0.14545454545454545,0.7687687687687688,0.45165165165165166,0.5483483483483483
3806,YFL003C YLR090W,0.0,NA,0.008645190857350826,512,3007,3653,154,0.5685230685230686,0.14549587951122478,0.7687687687687688,0.4515015015015015,0.5484984984984985
3807,YMR257C YBL084C,0.0,NA,0.008648878894746304,512,3006,3654,154,0.5686595686595687,0.14553723706651506,0.7687687687687688,0.45135135135135135,0.5486486486486486
3808,YPR101W YGL045W,0.0,NA,0.00866356398910284,512,3005,3655,154,0.5687960687960688,0.1455786181404606,0.7687687687687688,0.4512012012012012,0.5487987987987988
3809,YDL246C YML011C,0.0,NA,0.008667136542499065,512,3004,3656,154,0.5689325689325689,0.14562002275312855,0.7687687687687688,0.45105105105105103,0.548948948948949
3810,YOR033C YMR045C,0.0,NA,0.008678799495100975,512,3003,3657,154,0.5690690690690691,0.14566145092460883,0.7687687687687688,0.4509009009009009,0.5490990990990992
3811,YDL028C YDR412W,0.0,NA,0.00869088526815176,512,3002,3658,154,0.5692055692055692,0.14570290267501423,0.7687687687687688,0.4507507507507508,0.5492492492492492
3812,YPL189C-A YBR186W,0.0,NA,0.00872140470892191,512,3001,3659,154,0.5693420693420693,0.1457443780244805,0.7687687687687688,0.4506006006006006,0.5493993993993994
3813,YMR061W YBL107C,0.0,NA,0.008745594881474972,512,3000,3660,154,0.5694785694785695,0.14578587699316628,0.7687687687687688,0.45045045045045046,0.5495495495495496
3814,YKR004C YCR059C,0.0,NA,0.008785110898315907,512,2999,3661,154,0.5696150696150696,0.1458273996012532,0.7687687687687688,0.4503003003003003,0.5496996996996997
3815,YGR122W YGL075C,0.0,NA,0.00878938939422369,512,2998,3662,154,0.5697515697515697,0.14586894586894586,0.7687687687687688,0.45015015015015014,0.5498498498498499
3816,YDR357C YML026C,0.0,NA,0.00879306998103857,512,2997,3663,154,0.5698880698880698,0.14591051581647194,0.7687687687687688,0.45,0.55
3817,YDR182W YPL246C,0.0,NA,0.008800771087408066,512,2996,3664,154,0.5700245700245701,0.1459521094640821,0.7687687687687688,0.4498498498498498,0.5501501501501501
3818,YEL069C YMR208W,0.0,NA,0.008808481507003307,512,2995,3665,154,0.5701610701610702,0.1459937268320502,0.7687687687687688,0.4496996996996997,0.5503003003003003
3819,YPL220W YGR009C,0.0,NA,0.008819608017802238,512,2994,3666,154,0.5702975702975703,0.14603536794067312,0.7687687687687688,0.44954954954954957,0.5504504504504505
3820,YDR300C YJL210W,0.0,NA,0.00882907584309578,512,2993,3667,154,0.5704340704340705,0.14607703281027104,0.7687687687687688,0.4493993993993994,0.5506006006006006
3821,YBR172C YLR090W,0.0,NA,0.008837342262268066,512,2992,3668,154,0.5705705705705706,0.1461187214611872,0.7687687687687688,0.44924924924924925,0.5507507507507508
3822,YBL075C YFL053W,0.0,NA,0.008873905055224895,512,2991,3669,154,0.5707070707070707,0.1461604339137882,0.7687687687687688,0.4490990990990991,0.5509009009009009
3823,YOR113W YCL005W-A,0.0,NA,0.00889903586357832,512,2990,3670,154,0.5708435708435708,0.14620217018846374,0.7687687687687688,0.44894894894894893,0.551051051051051
3824,YLR258W YBR188C,0.0,NA,0.008910511620342731,512,2989,3671,154,0.570980070980071,0.14624393030562696,0.7687687687687688,0.4487987987987988,0.5512012012012012
3825,YML005W YJR152W,0.0,NA,0.00891112256795168,512,2988,3672,154,0.5711165711165711,0.1462857142857143,0.7687687687687688,0.4486486486486487,0.5513513513513514
3826,YJR029W YBR070C,0.0,NA,0.00894150324165821,512,2987,3673,154,0.5712530712530712,0.14632752214918548,0.7687687687687688,0.4484984984984985,0.5515015015015015
3827,YIL047C YGR252W,0.0,NA,0.00895641464740038,512,2986,3674,154,0.5713895713895714,0.14636935391652373,0.7687687687687688,0.44834834834834836,0.5516516516516516
3828,YPL011C YGL203C,0.0,NA,0.008960919454693794,512,2985,3675,154,0.5715260715260715,0.14641120960823564,0.7687687687687688,0.44819819819819817,0.5518018018018018
3829,YML131W YHR196W,0.0,NA,0.008967001922428608,512,2984,3676,154,0.5716625716625716,0.14645308924485126,0.7687687687687688,0.44804804804804804,0.5519519519519519
3830,YKL155C YLR097C,0.0,NA,0.008997360244393349,512,2983,3677,154,0.5717990717990717,0.1464949928469242,0.7687687687687688,0.4478978978978979,0.5521021021021021
3831,YJL209W YKL085W,1.0,NA,0.009061303921043873,511,2983,3677,155,0.5716625716625716,0.1462507155123068,0.7672672672672672,0.4478978978978979,0.5521021021021021
3832,YMR266W YNR043W,0.0,NA,0.009076323360204697,511,2982,3678,155,0.5717990717990717,0.1462925851703407,0.7672672672672672,0.4477477477477477,0.5522522522522523
3833,YDR032C YER078C,0.0,NA,0.009099115617573261,511,2981,3679,155,0.571935571935572,0.14633447880870562,0.7672672672672672,0.4475975975975976,0.5524024024024023
3834,YOL109W YCL026C-B,0.0,NA,0.009102976880967617,511,2980,3680,155,0.5720720720720721,0.14637639644800918,0.7672672672672672,0.44744744744744747,0.5525525525525525
3835,YOL030W YHR080C,0.0,NA,0.009134977124631405,511,2979,3681,155,0.5722085722085722,0.14641833810888252,0.7672672672672672,0.4472972972972973,0.5527027027027027
3836,YOR179C YAR002W,0.0,NA,0.009146979078650475,511,2978,3682,155,0.5723450723450724,0.1464603038119805,0.7672672672672672,0.44714714714714715,0.5528528528528529
3837,YKL210W YKR075C,0.0,NA,0.009214705787599087,511,2977,3683,155,0.5724815724815725,0.14650229357798164,0.7672672672672672,0.446996996996997,0.553003003003003
3838,YOR382W YBR186W,0.0,NA,0.00922389142215252,511,2976,3684,155,0.5726180726180726,0.14654430742758817,0.7672672672672672,0.44684684684684683,0.5531531531531532
3839,YPR145W YOR349W,0.0,NA,0.009263950400054455,511,2975,3685,155,0.5727545727545728,0.1465863453815261,0.7672672672672672,0.4466966966966967,0.5533033033033034
3840,YMR266W YOR033C,0.0,NA,0.009265929460525513,511,2974,3686,155,0.5728910728910729,0.1466284074605452,0.7672672672672672,0.4465465465465465,0.5534534534534534
3841,YKR081C YER078C,0.0,NA,0.009320719167590141,511,2973,3687,155,0.573027573027573,0.14667049368541907,0.7672672672672672,0.4463963963963964,0.5536036036036036
3842,YCL003W YJL177W,0.0,NA,0.009345187805593014,511,2972,3688,155,0.5731640731640731,0.14671260407694517,0.7672672672672672,0.44624624624624626,0.5537537537537538
3843,YPL110C YLR273C,0.0,NA,0.00935201533138752,511,2971,3689,155,0.5733005733005733,0.14675473865594485,0.7672672672672672,0.4460960960960961,0.5539039039039039
3844,YIL017C YLR445W,0.0,NA,0.00938575528562069,511,2970,3690,155,0.5734370734370734,0.14679689744326344,0.7672672672672672,0.44594594594594594,0.5540540540540541
3845,YOR020C YDR238C,0.0,NA,0.009408002719283104,511,2969,3691,155,0.5735735735735735,0.14683908045977012,0.7672672672672672,0.4457957957957958,0.5542042042042042
3846,YKR096W YER003C,0.0,NA,0.009458901360630989,511,2968,3692,155,0.5737100737100738,0.14688128772635814,0.7672672672672672,0.4456456456456456,0.5543543543543543
3847,YER151C YOR116C,0.0,NA,0.009459923952817917,511,2967,3693,155,0.5738465738465739,0.14692351926394479,0.7672672672672672,0.4454954954954955,0.5545045045045045
3848,YOR069W YJL051W,0.0,NA,0.009460522793233395,511,2966,3694,155,0.573983073983074,0.1469657750934714,0.7672672672672672,0.44534534534534537,0.5546546546546547
3849,YER056C YPL193W,0.0,NA,0.009466937743127346,511,2965,3695,155,0.5741195741195741,0.14700805523590335,0.7672672672672672,0.4451951951951952,0.5548048048048048
3850,YOR067C YOR019W,0.0,NA,0.009468994103372097,511,2964,3696,155,0.5742560742560743,0.1470503597122302,0.7672672672672672,0.44504504504504505,0.554954954954955
3851,YBL095W YLR272C,0.0,NA,0.009474706836044788,511,2963,3697,155,0.5743925743925744,0.14709268854346574,0.7672672672672672,0.4448948948948949,0.5551051051051051
3852,YPL250C YDR389W,0.0,NA,0.009500958025455475,511,2962,3698,155,0.5745290745290745,0.14713504175064784,0.7672672672672672,0.44474474474474474,0.5552552552552552
3853,YBL040C YCL029C,0.0,NA,0.009507682174444199,511,2961,3699,155,0.5746655746655747,0.14717741935483872,0.7672672672672672,0.4445945945945946,0.5554054054054054
3854,YCL026C-B YFL002C,0.0,NA,0.009519022889435291,511,2960,3700,155,0.5748020748020748,0.14721982137712475,0.7672672672672672,0.4444444444444444,0.5555555555555556
3855,YJR061W YNL083W,0.0,NA,0.009586308151483536,511,2959,3701,155,0.5749385749385749,0.14726224783861672,0.7672672672672672,0.4442942942942943,0.5557057057057057
3856,YDL048C YFL020C,0.0,NA,0.009595013223588467,511,2958,3702,155,0.575075075075075,0.1473046987604497,0.7672672672672672,0.44414414414414416,0.5558558558558558
3857,YNL100W YOR025W,0.0,NA,0.009615367278456688,511,2957,3703,155,0.5752115752115752,0.14734717416378315,0.7672672672672672,0.443993993993994,0.556006006006006
3858,YJL173C YPR181C,0.0,NA,0.009623121470212936,511,2956,3704,155,0.5753480753480753,0.14738967406980097,0.7672672672672672,0.44384384384384384,0.5561561561561561
3859,YHR038W YCR095C,0.0,NA,0.009624321945011616,511,2955,3705,155,0.5754845754845754,0.14743219849971148,0.7672672672672672,0.4436936936936937,0.5563063063063063
3860,YHR097C YGL135W,0.0,NA,0.009642464108765125,511,2954,3706,155,0.5756210756210757,0.14747474747474748,0.7672672672672672,0.44354354354354353,0.5564564564564565
3861,YIL126W YDR216W,0.0,NA,0.009655952453613281,511,2953,3707,155,0.5757575757575758,0.14751732101616627,0.7672672672672672,0.4433933933933934,0.5566066066066067
3862,YPL214C YDL002C,0.0,NA,0.009664719924330711,511,2952,3708,155,0.5758940758940759,0.1475599191452498,0.7672672672672672,0.44324324324324327,0.5567567567567567
3863,YLR204W YHR066W,0.0,NA,0.009672618471086025,511,2951,3709,155,0.5760305760305761,0.14760254188330446,0.7672672672672672,0.4430930930930931,0.5569069069069069
3864,YAL036C YJR063W,0.0,NA,0.00968353170901537,511,2950,3710,155,0.5761670761670762,0.14764518925166137,0.7672672672672672,0.44294294294294295,0.5570570570570571
3865,YPL237W YML011C,0.0,NA,0.009684937074780464,511,2949,3711,155,0.5763035763035763,0.1476878612716763,0.7672672672672672,0.44279279279279277,0.5572072072072072
3866,YLR414C YOR025W,0.0,NA,0.00969451293349266,511,2948,3712,155,0.5764400764400764,0.1477305579647297,0.7672672672672672,0.44264264264264264,0.5573573573573574
3867,YGL084C YNL290W,0.0,NA,0.009697836823761463,511,2947,3713,155,0.5765765765765766,0.14777327935222673,0.7672672672672672,0.4424924924924925,0.5575075075075075
3868,YGL032C YFR039C,0.0,NA,0.009736554697155952,511,2946,3714,155,0.5767130767130767,0.14781602545559733,0.7672672672672672,0.4423423423423423,0.5576576576576576
3869,YOR167C YLR020C,0.0,NA,0.009801826439797878,511,2945,3715,155,0.5768495768495768,0.1478587962962963,0.7672672672672672,0.4421921921921922,0.5578078078078078
3870,YDL246C YLR320W,0.0,NA,0.00981155876070261,511,2944,3716,155,0.576986076986077,0.14790159189580318,0.7672672672672672,0.44204204204204206,0.557957957957958
3871,YLR436C YOR158W,0.0,NA,0.0098249651491642,511,2943,3717,155,0.5771225771225771,0.14794441227562247,0.7672672672672672,0.4418918918918919,0.5581081081081081
3872,YOR090C YPL026C,0.0,NA,0.009837252087891102,511,2942,3718,155,0.5772590772590772,0.14798725745728353,0.7672672672672672,0.44174174174174174,0.5582582582582583
3873,YER136W YKL143W,0.0,NA,0.009888282977044582,511,2941,3719,155,0.5773955773955773,0.14803012746234068,0.7672672672672672,0.4415915915915916,0.5584084084084084
3874,YBR211C YNL020C,0.0,NA,0.009905613958835602,511,2940,3720,155,0.5775320775320776,0.14807302231237324,0.7672672672672672,0.44144144144144143,0.5585585585585585
3875,YLR360W YKR028W,0.0,NA,0.009917128831148148,511,2939,3721,155,0.5776685776685777,0.1481159420289855,0.7672672672672672,0.4412912912912913,0.5587087087087087
3876,YHL044W YPL156C,0.0,NA,0.009958518669009209,511,2938,3722,155,0.5778050778050778,0.1481588866338069,0.7672672672672672,0.44114114114114117,0.5588588588588589
3877,YDR259C YOR079C,0.0,NA,0.009961170144379139,511,2937,3723,155,0.577941577941578,0.14820185614849188,0.7672672672672672,0.440990990990991,0.559009009009009
3878,YLR134W YPL075W,0.0,NA,0.009988222271203995,511,2936,3724,155,0.5780780780780781,0.14824485059472003,0.7672672672672672,0.44084084084084085,0.5591591591591591
3879,YDL227C YMR230W,0.0,NA,0.010108564049005508,511,2935,3725,155,0.5782145782145782,0.14828786999419616,0.7672672672672672,0.44069069069069067,0.5593093093093093
3880,YGL035C YLR262C-A,0.0,NA,0.010111226700246334,511,2934,3726,155,0.5783510783510784,0.14833091436865023,0.7672672672672672,0.44054054054054054,0.5594594594594594
3881,YJL082W YJL052W,0.0,NA,0.010127992369234562,511,2933,3727,155,0.5784875784875785,0.1483739837398374,0.7672672672672672,0.4403903903903904,0.5596096096096096
3882,YJL056C YOR152C,0.0,NA,0.010129627771675587,511,2932,3728,155,0.5786240786240786,0.1484170781295382,0.7672672672672672,0.4402402402402402,0.5597597597597598
3883,YMR205C YJR152W,0.0,NA,0.010146471671760082,511,2931,3729,155,0.5787605787605787,0.1484601975595584,0.7672672672672672,0.4400900900900901,0.55990990990991
3884,YMR262W YJL223C,0.0,NA,0.010150485672056675,511,2930,3730,155,0.5788970788970789,0.14850334205172916,0.7672672672672672,0.43993993993993996,0.56006006006006
3885,YCR057C YHR097C,0.0,NA,0.010191434063017368,511,2929,3731,155,0.579033579033579,0.14854651162790697,0.7672672672672672,0.4397897897897898,0.5602102102102102
3886,YLR414C YFL047W,0.0,NA,0.01022707112133503,511,2928,3732,155,0.5791700791700791,0.14858970630997384,0.7672672672672672,0.43963963963963965,0.5603603603603604
3887,YJR027W YKL004W,0.0,NA,0.010229186154901981,511,2927,3733,155,0.5793065793065794,0.1486329261198371,0.7672672672672672,0.4394894894894895,0.5605105105105105
3888,YMR133W YKL059C,0.0,NA,0.010238739661872387,511,2926,3734,155,0.5794430794430795,0.14867617107942974,0.7672672672672672,0.43933933933933933,0.5606606606606607
3889,YJR072C YBR096W,0.0,NA,0.010259151458740234,511,2925,3735,155,0.5795795795795796,0.14871944121071012,0.7672672672672672,0.4391891891891892,0.5608108108108109
3890,YKL148C YBR085W,1.0,NA,0.010321087203919888,510,2925,3735,156,0.5794430794430795,0.14847161572052403,0.7657657657657657,0.4391891891891892,0.5608108108108109
3891,YGR068C YLR359W,0.0,NA,0.010333841666579247,510,2924,3736,156,0.5795795795795796,0.1485148514851485,0.7657657657657657,0.439039039039039,0.5609609609609609
3892,YKR097W YFL003C,0.0,NA,0.010344395413994789,510,2923,3737,156,0.5797160797160797,0.1485581124381008,0.7657657657657657,0.4388888888888889,0.5611111111111111
3893,YFR039C YOL080C,0.0,NA,0.010359539650380611,510,2922,3738,156,0.5798525798525799,0.1486013986013986,0.7657657657657657,0.43873873873873875,0.5612612612612613
3894,YKL183W YDL192W,0.0,NA,0.01037240494042635,510,2921,3739,156,0.57998907998908,0.1486447099970854,0.7657657657657657,0.43858858858858857,0.5614114114114114
3895,YFR039C YOR056C,0.0,NA,0.010374440811574459,510,2920,3740,156,0.5801255801255801,0.14868804664723032,0.7657657657657657,0.43843843843843844,0.5615615615615616
3896,YMR315W YDL243C,0.0,NA,0.010407675988972187,510,2919,3741,156,0.5802620802620803,0.14873140857392825,0.7657657657657657,0.4382882882882883,0.5617117117117117
3897,YJL059W YMR203W,0.0,NA,0.010416430421173573,510,2918,3742,156,0.5803985803985804,0.1487747957992999,0.7657657657657657,0.4381381381381381,0.5618618618618618
3898,YGR103W YOR177C,0.0,NA,0.010419252328574657,510,2917,3743,156,0.5805350805350805,0.14881820834549167,0.7657657657657657,0.437987987987988,0.562012012012012
3899,YBR173C YHR005C-A,0.0,NA,0.010441143997013569,510,2916,3744,156,0.5806715806715806,0.14886164623467601,0.7657657657657657,0.43783783783783786,0.5621621621621622
3900,YDL135C YML128C,0.0,NA,0.010457759723067284,510,2915,3745,156,0.5808080808080808,0.14890510948905109,0.7657657657657657,0.4376876876876877,0.5623123123123123
3901,YLR293C YJL061W,0.0,NA,0.010484895668923855,510,2914,3746,156,0.5809445809445809,0.14894859813084113,0.7657657657657657,0.43753753753753755,0.5624624624624625
3902,YGL045W YFL066C,0.0,NA,0.010502947494387627,510,2913,3747,156,0.581081081081081,0.14899211218229624,0.7657657657657657,0.43738738738738736,0.5626126126126126
3903,YGR292W YBL095W,0.0,NA,0.010508226230740547,510,2912,3748,156,0.5812175812175813,0.14903565166569258,0.7657657657657657,0.43723723723723723,0.5627627627627627
3904,YHR070W YOR215C,0.0,NA,0.010509803891181946,510,2911,3749,156,0.5813540813540814,0.14907921660333237,0.7657657657657657,0.4370870870870871,0.5629129129129129
3905,YML131W YLR083C,0.0,NA,0.010532534681260586,510,2910,3750,156,0.5814905814905815,0.14912280701754385,0.7657657657657657,0.4369369369369369,0.5630630630630631
3906,YPR178W YMR098C,0.0,NA,0.01054309494793415,510,2909,3751,156,0.5816270816270817,0.1491664229306815,0.7657657657657657,0.4367867867867868,0.5632132132132132
3907,YOR003W YLR425W,0.0,NA,0.010579359717667103,510,2908,3752,156,0.5817635817635818,0.1492100643651258,0.7657657657657657,0.43663663663663665,0.5633633633633633
3908,YDR257C YKL155C,0.0,NA,0.010633607394993305,510,2907,3753,156,0.5819000819000819,0.14925373134328357,0.7657657657657657,0.43648648648648647,0.5635135135135135
3909,YJL132W YMR111C,0.0,NA,0.010653279721736908,510,2906,3754,156,0.582036582036582,0.14929742388758782,0.7657657657657657,0.43633633633633634,0.5636636636636637
3910,YKL096W YPL267W,0.0,NA,0.010670033283531666,510,2905,3755,156,0.5821730821730822,0.1493411420204978,0.7657657657657657,0.4361861861861862,0.5638138138138138
3911,YDL130W-A YKL139W,0.0,NA,0.010670526884496212,510,2904,3756,156,0.5823095823095823,0.14938488576449913,0.7657657657657657,0.436036036036036,0.563963963963964
3912,YNL302C YNL313C,0.0,NA,0.01070966012775898,510,2903,3757,156,0.5824460824460824,0.1494286551421037,0.7657657657657657,0.4358858858858859,0.5641141141141142
3913,YDL154W YDR216W,0.0,NA,0.010713561438024044,510,2902,3758,156,0.5825825825825826,0.14947245017584995,0.7657657657657657,0.43573573573573576,0.5642642642642642
3914,YNL161W YFL035C,0.0,NA,0.010713940486311913,510,2901,3759,156,0.5827190827190827,0.14951627088830255,0.7657657657657657,0.4355855855855856,0.5644144144144144
3915,YBR275C YGL001C,0.0,NA,0.010714571923017502,510,2900,3760,156,0.5828555828555828,0.1495601173020528,0.7657657657657657,0.43543543543543545,0.5645645645645646
3916,YDL236W YHR039C,0.0,NA,0.01073925569653511,510,2899,3761,156,0.5829920829920829,0.1496039894397184,0.7657657657657657,0.43528528528528526,0.5647147147147147
3917,YJR061W YLR388W,0.0,NA,0.010744190774857998,510,2898,3762,156,0.5831285831285832,0.14964788732394366,0.7657657657657657,0.43513513513513513,0.5648648648648649
3918,YBR003W YGL263W,0.0,NA,0.010799630545079708,510,2897,3763,156,0.5832650832650833,0.14969181097739948,0.7657657657657657,0.434984984984985,0.565015015015015
3919,YDL130W-A YMR025W,0.0,NA,0.010799950920045376,510,2896,3764,156,0.5834015834015834,0.14973576042278333,0.7657657657657657,0.4348348348348348,0.5651651651651651
3920,YOR381W YDR180W,0.0,NA,0.010802886448800564,510,2895,3765,156,0.5835380835380836,0.14977973568281938,0.7657657657657657,0.4346846846846847,0.5653153153153153
3921,YJL018W YNL297C,0.0,NA,0.010821225121617317,510,2894,3766,156,0.5836745836745837,0.1498237367802585,0.7657657657657657,0.43453453453453456,0.5654654654654655
3922,YMR315W YLR042C,0.0,NA,0.010843895375728607,510,2893,3767,156,0.5838110838110838,0.14986776373787833,0.7657657657657657,0.43438438438438437,0.5656156156156156
3923,YLR182W YDR323C,0.0,NA,0.010856331326067448,510,2892,3768,156,0.583947583947584,0.14991181657848324,0.7657657657657657,0.43423423423423424,0.5657657657657658
3924,YDR208W YPR145W,0.0,NA,0.010930989868938923,510,2891,3769,156,0.5840840840840841,0.14995589532490444,0.7657657657657657,0.4340840840840841,0.565915915915916
3925,YGR281W YCR020C-A,0.0,NA,0.010964685119688511,510,2890,3770,156,0.5842205842205842,0.15,0.7657657657657657,0.4339339339339339,0.566066066066066
3926,YBR012W-B YGR188C,0.0,NA,0.010964814573526382,510,2889,3771,156,0.5843570843570843,0.1500441306266549,0.7657657657657657,0.4337837837837838,0.5662162162162162
3927,YPR033C YLR445W,0.0,NA,0.010972672142088413,510,2888,3772,156,0.5844935844935845,0.15008828722778106,0.7657657657657657,0.4336336336336336,0.5663663663663664
3928,YJL058C YGR078C,0.0,NA,0.011078082956373692,510,2887,3773,156,0.5846300846300846,0.15013246982631734,0.7657657657657657,0.4334834834834835,0.5665165165165165
3929,YNR039C YPL216W,0.0,NA,0.011122206225991249,510,2886,3774,156,0.5847665847665847,0.1501766784452297,0.7657657657657657,0.43333333333333335,0.5666666666666667
3930,YML078W YDR026C,0.0,NA,0.011151173152029514,510,2885,3775,156,0.584903084903085,0.15022091310751104,0.7657657657657657,0.43318318318318316,0.5668168168168168
3931,YLL031C YJR019C,0.0,NA,0.01115565374493599,510,2884,3776,156,0.5850395850395851,0.1502651738361815,0.7657657657657657,0.43303303303303303,0.5669669669669669
3932,YNL157W YBL031W,0.0,NA,0.01117640733718872,510,2883,3777,156,0.5851760851760852,0.15030946065428824,0.7657657657657657,0.4328828828828829,0.5671171171171171
3933,YPR106W YLR072W,0.0,NA,0.011221352964639664,510,2882,3778,156,0.5853125853125853,0.15035377358490565,0.7657657657657657,0.4327327327327327,0.5672672672672673
3934,YCR071C YJL209W,1.0,NA,0.011225099675357342,509,2882,3778,157,0.5851760851760852,0.1501032143910351,0.7642642642642643,0.4327327327327327,0.5672672672672673
3935,YGR262C YCR096C,0.0,NA,0.01127771195024252,509,2881,3779,157,0.5853125853125853,0.15014749262536872,0.7642642642642643,0.4325825825825826,0.5674174174174175
3936,YCR060W YDR400W,0.0,NA,0.01128367893397808,509,2880,3780,157,0.5854490854490855,0.1501917969902626,0.7642642642642643,0.43243243243243246,0.5675675675675675
3937,YPL057C YDR216W,0.0,NA,0.011300981044769287,509,2879,3781,157,0.5855855855855856,0.1502361275088548,0.7642642642642643,0.43228228228228227,0.5677177177177177
3938,YHR070W YMR149W,0.0,NA,0.011318374425172806,509,2878,3782,157,0.5857220857220857,0.1502804842043106,0.7642642642642643,0.43213213213213214,0.5678678678678679
3939,YKL165C YFL002C,0.0,NA,0.011319281533360481,509,2877,3783,157,0.5858585858585859,0.1503248670998228,0.7642642642642643,0.43198198198198196,0.568018018018018
3940,YBR192W YDR141C,0.0,NA,0.011335451155900955,509,2876,3784,157,0.585995085995086,0.15036927621861151,0.7642642642642643,0.4318318318318318,0.5681681681681682
3941,YML082W YJL052W,0.0,NA,0.011348625645041466,509,2875,3785,157,0.5861315861315861,0.15041371158392436,0.7642642642642643,0.4316816816816817,0.5683183183183184
3942,YDR447C YIL166C,0.0,NA,0.01135031133890152,509,2874,3786,157,0.5862680862680862,0.15045817321903635,0.7642642642642643,0.4315315315315315,0.5684684684684684
3943,YJL018W YGR046W,0.0,NA,0.01137648057192564,509,2873,3787,157,0.5864045864045864,0.15050266114725014,0.7642642642642643,0.4313813813813814,0.5686186186186186
3944,YGL048C YGL075C,0.0,NA,0.011377789080142975,509,2872,3788,157,0.5865410865410865,0.15054717539189588,0.7642642642642643,0.43123123123123125,0.5687687687687688
3945,YKL073W YBR101C,0.0,NA,0.011395023204386234,509,2871,3789,157,0.5866775866775866,0.15059171597633136,0.7642642642642643,0.43108108108108106,0.5689189189189189
3946,YLR117C YOR223W,0.0,NA,0.011416331864893436,509,2870,3790,157,0.5868140868140869,0.150636282923942,0.7642642642642643,0.43093093093093093,0.5690690690690691
3947,YNL177C YBR085W,1.0,NA,0.011449465528130531,508,2870,3790,158,0.5866775866775866,0.15038484310242747,0.7627627627627628,0.43093093093093093,0.5690690690690691
3948,YGR127W YOR224C,0.0,NA,0.011471138335764408,508,2869,3791,158,0.5868140868140869,0.15042937518507551,0.7627627627627628,0.4307807807807808,0.5692192192192193
3949,YGR152C YAR028W,0.0,NA,0.011483927257359028,508,2868,3792,158,0.586950586950587,0.1504739336492891,0.7627627627627628,0.4306306306306306,0.5693693693693693
3950,YNL328C YKL156W,0.0,NA,0.011490251868963242,508,2867,3793,158,0.5870870870870871,0.15051851851851852,0.7627627627627628,0.4304804804804805,0.5695195195195195
3951,YKL159C YHR080C,0.0,NA,0.011544853448867798,508,2866,3794,158,0.5872235872235873,0.15056312981624184,0.7627627627627628,0.43033033033033036,0.5696696696696697
3952,YJL173C YGR252W,0.0,NA,0.011736246757209301,508,2865,3795,158,0.5873600873600874,0.15060776756596503,0.7627627627627628,0.43018018018018017,0.5698198198198198
3953,YKR051W YDR434W,0.0,NA,0.01179603859782219,508,2864,3796,158,0.5874965874965875,0.1506524317912218,0.7627627627627628,0.43003003003003004,0.56996996996997
3954,YEL053C YER113C,0.0,NA,0.011868863366544247,508,2863,3797,158,0.5876330876330876,0.15069712251557402,0.7627627627627628,0.42987987987987986,0.5701201201201201
3955,YDR134C YJR075W,0.0,NA,0.0118962861597538,508,2862,3798,158,0.5877695877695878,0.15074183976261127,0.7627627627627628,0.4297297297297297,0.5702702702702702
3956,YNL147W YHR185C,0.0,NA,0.011920244432985783,508,2861,3799,158,0.5879060879060879,0.15078658355595131,0.7627627627627628,0.4295795795795796,0.5704204204204204
3957,YIL005W YDR438W,0.0,NA,0.011943629942834377,508,2860,3800,158,0.588042588042588,0.1508313539192399,0.7627627627627628,0.4294294294294294,0.5705705705705706
3958,YDR071C YGL004C,0.0,NA,0.011961312033236027,508,2859,3801,158,0.5881790881790881,0.1508761508761509,0.7627627627627628,0.4292792792792793,0.5707207207207208
3959,YGL070C YLR115W,0.0,NA,0.012025556527078152,508,2858,3802,158,0.5883155883155883,0.1509209744503862,0.7627627627627628,0.42912912912912915,0.5708708708708709
3960,YGL044C YKL116C,0.0,NA,0.012032276950776577,508,2857,3803,158,0.5884520884520884,0.15096582466567607,0.7627627627627628,0.42897897897897896,0.571021021021021
3961,YOR167C YMR058W,0.0,NA,0.012057062238454819,508,2856,3804,158,0.5885885885885885,0.15101070154577884,0.7627627627627628,0.42882882882882883,0.5711711711711712
3962,YGL070C YPL156C,0.0,NA,0.012059135362505913,508,2855,3805,158,0.5887250887250888,0.15105560511448113,0.7627627627627628,0.4286786786786787,0.5713213213213213
3963,YNL298W YKL004W,0.0,NA,0.012062379159033298,508,2854,3806,158,0.5888615888615889,0.15110053539559787,0.7627627627627628,0.4285285285285285,0.5714714714714715
3964,YNL038W YIL126W,0.0,NA,0.012068421579897404,508,2853,3807,158,0.588998088998089,0.15114549241297234,0.7627627627627628,0.4283783783783784,0.5716216216216217
3965,YER037W YOR211C,0.0,NA,0.012105517089366913,508,2852,3808,158,0.5891345891345892,0.15119047619047618,0.7627627627627628,0.4282282282282282,0.5717717717717717
3966,YDR026C YPR158W,0.0,NA,0.012162445113062859,508,2851,3809,158,0.5892710892710893,0.15123548675200954,0.7627627627627628,0.4280780780780781,0.5719219219219219
3967,YBL028C YJR111C,0.0,NA,0.012165430001914501,508,2850,3810,158,0.5894075894075894,0.1512805241215009,0.7627627627627628,0.42792792792792794,0.5720720720720721
3968,YDR221W YMR192W,0.0,NA,0.012188080698251724,508,2849,3811,158,0.5895440895440895,0.15132558832290735,0.7627627627627628,0.42777777777777776,0.5722222222222222
3969,YMR289W YHR109W,0.0,NA,0.012227905914187431,508,2848,3812,158,0.5896805896805897,0.15137067938021453,0.7627627627627628,0.4276276276276276,0.5723723723723724
3970,YLR020C YEL069C,0.0,NA,0.012265191413462162,508,2847,3813,158,0.5898170898170898,0.15141579731743665,0.7627627627627628,0.4274774774774775,0.5725225225225226
3971,YKL171W YDR060W,0.0,NA,0.01227766927331686,508,2846,3814,158,0.5899535899535899,0.15146094215861658,0.7627627627627628,0.4273273273273273,0.5726726726726726
3972,YLR367W YBL039W-B,0.0,NA,0.012278901413083076,508,2845,3815,158,0.5900900900900901,0.15150611392782581,0.7627627627627628,0.4271771771771772,0.5728228228228228
3973,YGR041W YDL192W,0.0,NA,0.012281631119549274,508,2844,3816,158,0.5902265902265902,0.1515513126491647,0.7627627627627628,0.42702702702702705,0.572972972972973
3974,YKL156W YMR190C,0.0,NA,0.012285541743040085,508,2843,3817,158,0.5903630903630903,0.15159653834676215,0.7627627627627628,0.42687687687687687,0.5731231231231231
3975,YGR119C YOL069W,0.0,NA,0.012287995778024197,508,2842,3818,158,0.5904995904995906,0.15164179104477613,0.7627627627627628,0.42672672672672673,0.5732732732732733
3976,YEL006W YLR117C,0.0,NA,0.012314344756305218,508,2841,3819,158,0.5906360906360907,0.15168707076739324,0.7627627627627628,0.42657657657657655,0.5734234234234235
3977,YOR273C YHL022C,0.0,NA,0.012319321744143963,508,2840,3820,158,0.5907725907725908,0.15173237753882915,0.7627627627627628,0.4264264264264264,0.5735735735735735
3978,YML012W YCR042C,0.0,NA,0.012335159815847874,508,2839,3821,158,0.5909090909090909,0.15177771138332835,0.7627627627627628,0.4262762762762763,0.5737237237237237
3979,YGR122W YPL026C,0.0,NA,0.012349458411335945,508,2838,3822,158,0.5910455910455911,0.15182307232516437,0.7627627627627628,0.4261261261261261,0.5738738738738739
3980,YDR128W YDR438W,0.0,NA,0.01235569454729557,508,2837,3823,158,0.5911820911820912,0.15186846038863977,0.7627627627627628,0.425975975975976,0.574024024024024
3981,YPL193W YKL072W,0.0,NA,0.012358698062598705,508,2836,3824,158,0.5913185913185913,0.1519138755980861,0.7627627627627628,0.42582582582582584,0.5741741741741742
3982,YNR070W YOR270C,0.0,NA,0.012360024265944958,508,2835,3825,158,0.5914550914550915,0.1519593179778642,0.7627627627627628,0.42567567567567566,0.5743243243243243
3983,YNR066C YJR094W-A,0.0,NA,0.012389548122882843,508,2834,3826,158,0.5915915915915916,0.15200478755236385,0.7627627627627628,0.4255255255255255,0.5744744744744745
3984,YKL210W YDR440W,0.0,NA,0.012400884181261063,508,2833,3827,158,0.5917280917280917,0.15205028434600418,0.7627627627627628,0.4253753753753754,0.5746246246246246
3985,YPL259C YKL086W,0.0,NA,0.012427834793925285,508,2832,3828,158,0.5918645918645918,0.15209580838323353,0.7627627627627628,0.4252252252252252,0.5747747747747748
3986,YOR396W YIL076W,0.0,NA,0.012473272159695625,508,2831,3829,158,0.592001092001092,0.1521413596885295,0.7627627627627628,0.4250750750750751,0.574924924924925
3987,YOR273C YDR414C,0.0,NA,0.012507609091699123,508,2830,3830,158,0.5921375921375921,0.15218693828639904,0.7627627627627628,0.42492492492492495,0.575075075075075
3988,YKL096W YBR072W,0.0,NA,0.012521792203187943,508,2829,3831,158,0.5922740922740922,0.1522325442013785,0.7627627627627628,0.42477477477477477,0.5752252252252252
3989,YJR045C YER024W,0.0,NA,0.012530350126326084,508,2828,3832,158,0.5924105924105925,0.15227817745803357,0.7627627627627628,0.42462462462462464,0.5753753753753754
3990,YPL279C YML026C,0.0,NA,0.012543573044240475,508,2827,3833,158,0.5925470925470926,0.15232383808095953,0.7627627627627628,0.42447447447447445,0.5755255255255255
3991,YPL231W YLR132C,0.0,NA,0.012551750987768173,508,2826,3834,158,0.5926835926835927,0.15236952609478105,0.7627627627627628,0.4243243243243243,0.5756756756756757
3992,YGR044C YPL193W,0.0,NA,0.012551892548799515,508,2825,3835,158,0.5928200928200928,0.15241524152415242,0.7627627627627628,0.4241741741741742,0.5758258258258259
3993,YPL074W YGR252W,0.0,NA,0.012605728581547737,508,2824,3836,158,0.592956592956593,0.1524609843937575,0.7627627627627628,0.424024024024024,0.5759759759759759
3994,YPL214C YOR009W,0.0,NA,0.012625710107386112,508,2823,3837,158,0.5930930930930931,0.15250675472830982,0.7627627627627628,0.4238738738738739,0.5761261261261261
3995,YCR077C YGL156W,0.0,NA,0.012650141492486,508,2822,3838,158,0.5932295932295932,0.15255255255255254,0.7627627627627628,0.42372372372372374,0.5762762762762763
3996,YDL089W YPL246C,0.0,NA,0.012680921703577042,508,2821,3839,158,0.5933660933660934,0.15259837789125863,0.7627627627627628,0.42357357357357356,0.5764264264264264
3997,YJR061W YPL258C,0.0,NA,0.012684468179941177,508,2820,3840,158,0.5935025935025935,0.15264423076923078,0.7627627627627628,0.42342342342342343,0.5765765765765766
3998,YIL030C YKL156W,0.0,NA,0.012742632068693638,508,2819,3841,158,0.5936390936390936,0.15269011121130147,0.7627627627627628,0.4232732732732733,0.5767267267267268
3999,YCR077C YMR106C,0.0,NA,0.012759500183165073,508,2818,3842,158,0.5937755937755937,0.15273601924233313,0.7627627627627628,0.4231231231231231,0.5768768768768768
4000,YJR155W YNL157W,0.0,NA,0.01275978796184063,508,2817,3843,158,0.5939120939120939,0.15278195488721805,0.7627627627627628,0.422972972972973,0.577027027027027
4001,YPL193W YER053C,0.0,NA,0.012787256389856339,508,2816,3844,158,0.594048594048594,0.15282791817087846,0.7627627627627628,0.4228228228228228,0.5771771771771772
4002,YGR271C-A YKL119C,0.0,NA,0.01279424037784338,508,2815,3845,158,0.5941850941850941,0.15287390911826662,0.7627627627627628,0.42267267267267267,0.5773273273273273
4003,YIR031C YHR092C,1.0,NA,0.012800239957869053,507,2815,3845,159,0.594048594048594,0.15261890427453342,0.7612612612612613,0.42267267267267267,0.5773273273273273
4004,YLR027C YGL091C,0.0,NA,0.012862609699368477,507,2814,3846,159,0.5941850941850941,0.15266485998193316,0.7612612612612613,0.42252252252252254,0.5774774774774775
4005,YBR229C YGL091C,0.0,NA,0.012918551452457905,507,2813,3847,159,0.5943215943215944,0.15271084337349397,0.7612612612612613,0.42237237237237235,0.5776276276276276
4006,YKR061W YLR262C-A,0.0,NA,0.012962398119270802,507,2812,3848,159,0.5944580944580945,0.15275685447423923,0.7612612612612613,0.4222222222222222,0.5777777777777777
4007,YNR035C YPL104W,0.0,NA,0.012989580631256104,507,2811,3849,159,0.5945945945945946,0.15280289330922242,0.7612612612612613,0.4220720720720721,0.5779279279279279
4008,YCR093W YPL104W,0.0,NA,0.012990571558475494,507,2810,3850,159,0.5947310947310948,0.1528489599035273,0.7612612612612613,0.4219219219219219,0.5780780780780781
4009,YBR278W YNR043W,0.0,NA,0.013004519045352936,507,2809,3851,159,0.5948675948675949,0.1528950542822678,0.7612612612612613,0.4217717717717718,0.5782282282282283
4010,YBR301W YHR196W,0.0,NA,0.013004923239350319,507,2808,3852,159,0.595004095004095,0.15294117647058825,0.7612612612612613,0.42162162162162165,0.5783783783783784
4011,YHR073W YNL020C,0.0,NA,0.013022415339946747,507,2807,3853,159,0.5951405951405951,0.15298732649366326,0.7612612612612613,0.42147147147147146,0.5785285285285285
4012,YOR245C YOR124C,0.0,NA,0.013094007968902588,507,2806,3854,159,0.5952770952770953,0.15303350437669785,0.7612612612612613,0.42132132132132133,0.5786786786786787
4013,YDR343C YKL207W,0.0,NA,0.013101748190820217,507,2805,3855,159,0.5954135954135954,0.15307971014492755,0.7612612612612613,0.42117117117117114,0.5788288288288288
4014,YPR128C YOL124C,0.0,NA,0.013116616755723953,507,2804,3856,159,0.5955500955500955,0.15312594382361824,0.7612612612612613,0.421021021021021,0.578978978978979
4015,YIL030C YAR010C,0.0,NA,0.013164055533707142,507,2803,3857,159,0.5956865956865957,0.15317220543806648,0.7612612612612613,0.4208708708708709,0.5791291291291292
4016,YOL069W YDR440W,0.0,NA,0.013168652541935444,507,2802,3858,159,0.5958230958230958,0.15321849501359927,0.7612612612612613,0.4207207207207207,0.5792792792792792
4017,YML081W YNL230C,0.0,NA,0.01326661929488182,507,2801,3859,159,0.5959595959595959,0.15326481257557437,0.7612612612612613,0.42057057057057057,0.5794294294294294
4018,YER123W YNL330C,0.0,NA,0.013281733728945255,507,2800,3860,159,0.5960960960960962,0.1533111581493801,0.7612612612612613,0.42042042042042044,0.5795795795795796
4019,YNL129W YLR320W,0.0,NA,0.013300701044499874,507,2799,3861,159,0.5962325962325963,0.15335753176043557,0.7612612612612613,0.42027027027027025,0.5797297297297297
4020,YHR097C YGL130W,0.0,NA,0.01330791786313057,507,2798,3862,159,0.5963690963690964,0.15340393343419062,0.7612612612612613,0.4201201201201201,0.5798798798798799
4021,YDR297W YKL146W,0.0,NA,0.013350600376725197,507,2797,3863,159,0.5965055965055965,0.1534503631961259,0.7612612612612613,0.41996996996997,0.5800300300300301
4022,YAR018C YMR047C,0.0,NA,0.013357862830162048,507,2796,3864,159,0.5966420966420967,0.15349682107175294,0.7612612612612613,0.4198198198198198,0.5801801801801801
4023,YLR254C YHR079C-A,0.0,NA,0.013365103863179684,507,2795,3865,159,0.5967785967785968,0.15354330708661418,0.7612612612612613,0.4196696696696697,0.5803303303303303
4024,YOL007C YEL077C,0.0,NA,0.013413266278803349,507,2794,3866,159,0.5969150969150969,0.15358982126628296,0.7612612612612613,0.41951951951951955,0.5804804804804805
4025,YER012W YMR036C,0.0,NA,0.01348213292658329,507,2793,3867,159,0.597051597051597,0.15363636363636363,0.7612612612612613,0.41936936936936936,0.5806306306306306
4026,YPR185W YDR525W-A,0.0,NA,0.013509227894246578,507,2792,3868,159,0.5971880971880972,0.15368293422249166,0.7612612612612613,0.41921921921921923,0.5807807807807808
4027,YDR341C YDR143C,0.0,NA,0.01358253974467516,507,2791,3869,159,0.5973245973245973,0.15372953305033354,0.7612612612612613,0.41906906906906904,0.580930930930931
4028,YGR014W YOR007C,0.0,NA,0.013600880280137062,507,2790,3870,159,0.5974610974610974,0.1537761601455869,0.7612612612612613,0.4189189189189189,0.581081081081081
4029,YDL135C YKL088W,0.0,NA,0.013632718473672867,507,2789,3871,159,0.5975975975975976,0.15382281553398058,0.7612612612612613,0.4187687687687688,0.5812312312312312
4030,YLR258W YDL243C,0.0,NA,0.013637899421155453,507,2788,3872,159,0.5977340977340977,0.15386949924127466,0.7612612612612613,0.4186186186186186,0.5813813813813814
4031,YJR015W YOR079C,0.0,NA,0.01364085078239441,507,2787,3873,159,0.5978705978705978,0.15391621129326047,0.7612612612612613,0.41846846846846847,0.5815315315315316
4032,YGL008C YMR244W,0.0,NA,0.013665740378201008,507,2786,3874,159,0.5980070980070981,0.15396295171576072,0.7612612612612613,0.41831831831831834,0.5816816816816817
4033,YMR045C YPR093C,0.0,NA,0.013688639737665653,507,2785,3875,159,0.5981435981435982,0.1540097205346294,0.7612612612612613,0.41816816816816815,0.5818318318318318
4034,YJL090C YOR396W,0.0,NA,0.013690018095076084,507,2784,3876,159,0.5982800982800983,0.15405651777575205,0.7612612612612613,0.418018018018018,0.581981981981982
4035,YJR111C YPR145W,0.0,NA,0.01371444296091795,507,2783,3877,159,0.5984165984165984,0.1541033434650456,0.7612612612612613,0.4178678678678679,0.5821321321321321
4036,YOR223W YPL006W,0.0,NA,0.013751099817454815,507,2782,3878,159,0.5985530985530986,0.1541501976284585,0.7612612612612613,0.4177177177177177,0.5822822822822823
4037,YLR037C YKR088C,0.0,NA,0.013773505575954914,507,2781,3879,159,0.5986895986895987,0.1541970802919708,0.7612612612612613,0.4175675675675676,0.5824324324324325
4038,YER148W YOR086C,0.0,NA,0.013776952400803566,507,2780,3880,159,0.5988260988260988,0.15424399148159415,0.7612612612612613,0.4174174174174174,0.5825825825825826
4039,YDR224C YGL126W,0.0,NA,0.013796558603644371,507,2779,3881,159,0.598962598962599,0.15429093122337187,0.7612612612612613,0.41726726726726726,0.5827327327327327
4040,YNL081C YBL068W,0.0,NA,0.013821741566061974,507,2778,3882,159,0.5990990990990991,0.154337899543379,0.7612612612612613,0.41711711711711713,0.5828828828828829
4041,YOR372C YKR049C,0.0,NA,0.013841644860804081,507,2777,3883,159,0.5992355992355992,0.1543848964677223,0.7612612612612613,0.41696696696696695,0.583033033033033
4042,YMR111C YHR075C,0.0,NA,0.013858798891305923,507,2776,3884,159,0.5993720993720993,0.15443192202254036,0.7612612612612613,0.4168168168168168,0.5831831831831832
4043,YDL002C YBR018C,0.0,NA,0.013874003663659096,507,2775,3885,159,0.5995085995085995,0.15447897623400367,0.7612612612612613,0.4166666666666667,0.5833333333333334
4044,YNL083W YAR028W,0.0,NA,0.013876236043870449,507,2774,3886,159,0.5996450996450996,0.15452605912831455,0.7612612612612613,0.4165165165165165,0.5834834834834834
4045,YDR216W YNL251C,0.0,NA,0.01390205230563879,507,2773,3887,159,0.5997815997815997,0.15457317073170732,0.7612612612612613,0.41636636636636637,0.5836336336336336
4046,YDR315C YJR058C,0.0,NA,0.013915609568357468,507,2772,3888,159,0.5999180999181,0.1546203110704483,0.7612612612612613,0.41621621621621624,0.5837837837837838
4047,YLR348C YPR193C,0.0,NA,0.013968287967145443,507,2771,3889,159,0.6000546000546001,0.15466748017083587,0.7612612612612613,0.41606606606606605,0.5839339339339339
4048,YBR101C YLR071C,0.0,NA,0.014048045501112938,507,2770,3890,159,0.6001911001911002,0.1547146780592005,0.7612612612612613,0.4159159159159159,0.5840840840840841
4049,YML024W YGL195W,0.0,NA,0.014077207073569298,507,2769,3891,159,0.6003276003276004,0.15476190476190477,0.7612612612612613,0.4157657657657658,0.5842342342342343
4050,YFL066C YCR059C,0.0,NA,0.014104347676038742,507,2768,3892,159,0.6004641004641005,0.1548091603053435,0.7612612612612613,0.4156156156156156,0.5843843843843843
4051,YGL211W YNL247W,0.0,NA,0.014132383279502392,507,2767,3893,159,0.6006006006006006,0.1548564447159438,0.7612612612612613,0.4154654654654655,0.5845345345345345
4052,YCR005C YKL141W,1.0,NA,0.014197957701981068,506,2767,3893,160,0.6004641004641005,0.15459822792545067,0.7597597597597597,0.4154654654654655,0.5845345345345345
4053,YBL020W YJR061W,0.0,NA,0.014204980805516243,506,2766,3894,160,0.6006006006006006,0.15464547677261614,0.7597597597597597,0.4153153153153153,0.5846846846846847
4054,YOR177C YKL039W,0.0,NA,0.014205140992999077,506,2765,3895,160,0.6007371007371007,0.15469275450932438,0.7597597597597597,0.41516516516516516,0.5848348348348348
4055,YOR393W YPL224C,0.0,NA,0.014247363433241844,506,2764,3896,160,0.6008736008736009,0.1547400611620795,0.7597597597597597,0.41501501501501503,0.584984984984985
4056,YML003W YNL158W,0.0,NA,0.014279933646321297,506,2763,3897,160,0.601010101010101,0.15478739675741818,0.7597597597597597,0.41486486486486485,0.5851351351351352
4057,YNL070W YPL129W,0.0,NA,0.014281462877988815,506,2762,3898,160,0.6011466011466011,0.15483476132190943,0.7597597597597597,0.4147147147147147,0.5852852852852853
4058,YFL011W-A YOL084W,0.0,NA,0.014338444918394089,506,2761,3899,160,0.6012831012831013,0.15488215488215487,0.7597597597597597,0.4145645645645646,0.5854354354354354
4059,YNL083W YGR072W,0.0,NA,0.014341209083795547,506,2760,3900,160,0.6014196014196014,0.15492957746478872,0.7597597597597597,0.4144144144144144,0.5855855855855856
4060,YLR250W YER112W,0.0,NA,0.01441115327179432,506,2759,3901,160,0.6015561015561015,0.1549770290964778,0.7597597597597597,0.41426426426426427,0.5857357357357358
4061,YPL243W YMR208W,0.0,NA,0.01441250741481781,506,2758,3902,160,0.6016926016926017,0.15502450980392157,0.7597597597597597,0.41411411411411414,0.5858858858858859
4062,YCL055W YJR058C,0.0,NA,0.014418048784136772,506,2757,3903,160,0.6018291018291019,0.15507201961385228,0.7597597597597597,0.41396396396396395,0.586036036036036
4063,YDR216W YEL065W,0.0,NA,0.014450948685407639,506,2756,3904,160,0.601965601965602,0.15511955855303494,0.7597597597597597,0.4138138138138138,0.5861861861861862
4064,YBR185C YJL209W,1.0,NA,0.014485243707895279,505,2756,3904,161,0.6018291018291019,0.15486047224777674,0.7582582582582582,0.4138138138138138,0.5861861861861862
4065,YFL054C YJR013W,0.0,NA,0.014487305656075478,505,2755,3905,161,0.601965601965602,0.1549079754601227,0.7582582582582582,0.41366366366366364,0.5863363363363363
4066,YOR019W YBL051C,0.0,NA,0.01449025422334671,505,2754,3906,161,0.6021021021021021,0.15495550782448603,0.7582582582582582,0.4135135135135135,0.5864864864864865
4067,YJL145W YOR052C,0.0,NA,0.014492413960397243,505,2753,3907,161,0.6022386022386023,0.15500306936771024,0.7582582582582582,0.4133633633633634,0.5866366366366367
4068,YOR179C YPR107C,0.0,NA,0.014495008625090122,505,2752,3908,161,0.6023751023751024,0.1550506601166718,0.7582582582582582,0.4132132132132132,0.5867867867867868
4069,YPR128C YOR389W,0.0,NA,0.014550784602761269,505,2751,3909,161,0.6025116025116025,0.1550982800982801,0.7582582582582582,0.41306306306306306,0.5869369369369369
4070,YDR234W YJL197W,0.0,NA,0.014557329937815666,505,2750,3910,161,0.6026481026481026,0.15514592933947774,0.7582582582582582,0.41291291291291293,0.5870870870870871
4071,YNR017W YGL151W,0.0,NA,0.014656546525657177,505,2749,3911,161,0.6027846027846028,0.15519360786724032,0.7582582582582582,0.41276276276276275,0.5872372372372372
4072,YPL134C YER110C,0.0,NA,0.01471473928540945,505,2748,3912,161,0.6029211029211029,0.1552413157085767,0.7582582582582582,0.4126126126126126,0.5873873873873874
4073,YDR023W YLR098C,0.0,NA,0.014718224294483662,505,2747,3913,161,0.603057603057603,0.1552890528905289,0.7582582582582582,0.4124624624624625,0.5875375375375376
4074,YML081W YDR092W,0.0,NA,0.01474169734865427,505,2746,3914,161,0.6031941031941032,0.15533681944017225,0.7582582582582582,0.4123123123123123,0.5876876876876876
4075,YOR229W YMR315W,0.0,NA,0.014787117019295692,505,2745,3915,161,0.6033306033306033,0.15538461538461537,0.7582582582582582,0.41216216216216217,0.5878378378378378
4076,YNL157W YOR021C,0.0,NA,0.014825833030045033,505,2744,3916,161,0.6034671034671034,0.1554324407510003,0.7582582582582582,0.412012012012012,0.587987987987988
4077,YKL003C YMR318C,0.0,NA,0.014873448759317398,505,2743,3917,161,0.6036036036036037,0.15548029556650247,0.7582582582582582,0.41186186186186186,0.5881381381381381
4078,YGR292W YMR008C,0.0,NA,0.01487832609564066,505,2742,3918,161,0.6037401037401038,0.15552817985833076,0.7582582582582582,0.4117117117117117,0.5882882882882883
4079,YDR516C YER071C,0.0,NA,0.014882463961839676,505,2741,3919,161,0.6038766038766039,0.15557609365372765,0.7582582582582582,0.41156156156156154,0.5884384384384385
4080,YOR389W YDR143C,0.0,NA,0.014891820959746838,505,2740,3920,161,0.604013104013104,0.15562403697996918,0.7582582582582582,0.4114114114114114,0.5885885885885885
4081,YJL063C YKL141W,1.0,NA,0.014919854700565338,504,2740,3920,162,0.6038766038766039,0.15536374845869297,0.7567567567567568,0.4114114114114114,0.5885885885885885
4082,YDR224C YDR494W,0.0,NA,0.014956735074520111,504,2739,3921,162,0.604013104013104,0.15541165587419056,0.7567567567567568,0.4112612612612613,0.5887387387387387
4083,YLR034C YNL010W,0.0,NA,0.014974912628531456,504,2738,3922,162,0.6041496041496042,0.1554595928439235,0.7567567567567568,0.4111111111111111,0.5888888888888889
4084,YML131W YHL022C,0.0,NA,0.015012512914836407,504,2737,3923,162,0.6042861042861043,0.15550755939524838,0.7567567567567568,0.41096096096096096,0.5890390390390391
4085,YIL053W YGR122W,0.0,NA,0.01502834353595972,504,2736,3924,162,0.6044226044226044,0.15555555555555556,0.7567567567567568,0.41081081081081083,0.5891891891891892
4086,YGL133W YMR047C,0.0,NA,0.015045794658362865,504,2735,3925,162,0.6045591045591046,0.15560358135226923,0.7567567567567568,0.41066066066066065,0.5893393393393394
4087,YBR101C YBR070C,0.0,NA,0.01505222637206316,504,2734,3926,162,0.6046956046956047,0.15565163681284744,0.7567567567567568,0.4105105105105105,0.5894894894894895
4088,YIL046W YER075C,0.0,NA,0.015069188550114632,504,2733,3927,162,0.6048321048321048,0.1556997219647822,0.7567567567567568,0.4103603603603604,0.5896396396396396
4089,YGR057C YLR093C,0.0,NA,0.015093192458152771,504,2732,3928,162,0.6049686049686049,0.1557478368355995,0.7567567567567568,0.4102102102102102,0.5897897897897898
4090,YML096W YBR003W,0.0,NA,0.015172394923865795,504,2731,3929,162,0.6051051051051051,0.15579598145285936,0.7567567567567568,0.41006006006006007,0.58993993993994
4091,YDR406W YIL083C,0.0,NA,0.015188520774245262,504,2730,3930,162,0.6052416052416052,0.15584415584415584,0.7567567567567568,0.4099099099099099,0.5900900900900901
4092,YML064C YNR015W,0.0,NA,0.015223436988890171,504,2729,3931,162,0.6053781053781053,0.15589236003711723,0.7567567567567568,0.40975975975975976,0.5902402402402402
4093,YMR315W YBL068W,0.0,NA,0.015239101834595203,504,2728,3932,162,0.6055146055146056,0.15594059405940594,0.7567567567567568,0.4096096096096096,0.5903903903903904
4094,YJR029W YMR160W,0.0,NA,0.015270547941327095,504,2727,3933,162,0.6056511056511057,0.15598885793871867,0.7567567567567568,0.40945945945945944,0.5905405405405405
4095,YBR048W YJR111C,0.0,NA,0.015309086069464684,504,2726,3934,162,0.6057876057876058,0.15603715170278637,0.7567567567567568,0.4093093093093093,0.5906906906906907
4096,YKL158W YCL012W,0.0,NA,0.015314103104174137,504,2725,3935,162,0.605924105924106,0.15608547537937442,0.7567567567567568,0.4091591591591592,0.5908408408408409
4097,YJL063C YIL111W,1.0,NA,0.015361316502094269,503,2725,3935,163,0.6057876057876058,0.15582403965303593,0.7552552552552553,0.4091591591591592,0.5908408408408409
4098,YCL014W YGR119C,0.0,NA,0.015374491922557354,503,2724,3936,163,0.605924105924106,0.1558723272389216,0.7552552552552553,0.409009009009009,0.590990990990991
4099,YFL017C YKL170W,0.0,NA,0.015383228659629822,503,2723,3937,163,0.6060606060606061,0.15592064476131431,0.7552552552552553,0.40885885885885886,0.5911411411411411
4100,YJR045C YOR349W,0.0,NA,0.015390106476843357,503,2722,3938,163,0.6061971061971062,0.15596899224806202,0.7552552552552553,0.40870870870870873,0.5912912912912913
4101,YER147C YDR378C,0.0,NA,0.015396278351545334,503,2721,3939,163,0.6063336063336063,0.15601736972704713,0.7552552552552553,0.40855855855855855,0.5914414414414414
4102,YMR138W YKR025W,0.0,NA,0.015398401767015457,503,2720,3940,163,0.6064701064701065,0.15606577722618678,0.7552552552552553,0.4084084084084084,0.5915915915915916
4103,YML123C YLR284C,0.0,NA,0.015431331470608711,503,2719,3941,163,0.6066066066066066,0.15611421477343265,0.7552552552552553,0.40825825825825823,0.5917417417417418
4104,YMR111C YDR395W,0.0,NA,0.015480302274227142,503,2718,3942,163,0.6067431067431067,0.1561626823967712,0.7552552552552553,0.4081081081081081,0.5918918918918918
4105,YAR015W YBR003W,0.0,NA,0.015543406829237938,503,2717,3943,163,0.6068796068796068,0.1562111801242236,0.7552552552552553,0.407957957957958,0.592042042042042
4106,YDL083C YDR234W,0.0,NA,0.015631508082151413,503,2716,3944,163,0.607016107016107,0.15625970798384592,0.7552552552552553,0.4078078078078078,0.5921921921921922
4107,YNL213C YOR214C,0.0,NA,0.015725215896964073,503,2715,3945,163,0.6071526071526071,0.15630826600372902,0.7552552552552553,0.40765765765765766,0.5923423423423423
4108,YML096W YPL258C,0.0,NA,0.015746809542179108,503,2714,3946,163,0.6072891072891073,0.15635685421199877,0.7552552552552553,0.4075075075075075,0.5924924924924925
4109,YOR106W YER183C,0.0,NA,0.015748806297779083,503,2713,3947,163,0.6074256074256075,0.15640547263681592,0.7552552552552553,0.40735735735735734,0.5926426426426427
4110,YCR084C YLR109W,0.0,NA,0.015755770727992058,503,2712,3948,163,0.6075621075621076,0.15645412130637637,0.7552552552552553,0.4072072072072072,0.5927927927927928
4111,YOR197W YOR152C,0.0,NA,0.015831684693694115,503,2711,3949,163,0.6076986076986077,0.15650280024891103,0.7552552552552553,0.4070570570570571,0.5929429429429429
4112,YKL040C YPL134C,0.0,NA,0.01590701937675476,503,2710,3950,163,0.6078351078351079,0.15655150949268595,0.7552552552552553,0.4069069069069069,0.5930930930930931
4113,YGL126W YGL254W,0.0,NA,0.016011543571949005,503,2709,3951,163,0.607971607971608,0.15660024906600248,0.7552552552552553,0.40675675675675677,0.5932432432432433
4114,YKL207W YCR095C,0.0,NA,0.016062574461102486,503,2708,3952,163,0.6081081081081081,0.15664901899719713,0.7552552552552553,0.4066066066066066,0.5933933933933934
4115,YML131W YJL090C,0.0,NA,0.016147060319781303,503,2707,3953,163,0.6082446082446082,0.15669781931464175,0.7552552552552553,0.40645645645645645,0.5935435435435436
4116,YKR017C YML111W,0.0,NA,0.01615261472761631,503,2706,3954,163,0.6083811083811084,0.15674665004674354,0.7552552552552553,0.4063063063063063,0.5936936936936937
4117,YGR266W YDL022W,0.0,NA,0.016180668026208878,503,2705,3955,163,0.6085176085176085,0.15679551122194513,0.7552552552552553,0.40615615615615613,0.5938438438438438
4118,YDR146C YGR142W,0.0,NA,0.016181763261556625,503,2704,3956,163,0.6086541086541086,0.15684440286872467,0.7552552552552553,0.406006006006006,0.593993993993994
4119,YGR262C YNL283C,0.0,NA,0.016203951090574265,503,2703,3957,163,0.6087906087906088,0.15689332501559575,0.7552552552552553,0.4058558558558559,0.5941441441441442
4120,YDL113C YDR194C,0.0,NA,0.016210952773690224,503,2702,3958,163,0.6089271089271089,0.15694227769110763,0.7552552552552553,0.4057057057057057,0.5942942942942943
4121,YLL016W YGR072W,0.0,NA,0.016252275556325912,503,2701,3959,163,0.609063609063609,0.1569912609238452,0.7552552552552553,0.40555555555555556,0.5944444444444444
4122,YPL111W YBR085W,1.0,NA,0.016255516558885574,502,2701,3959,164,0.6089271089271089,0.15672806743677803,0.7537537537537538,0.40555555555555556,0.5944444444444444
4123,YOR236W YHR079C-A,0.0,NA,0.01633017510175705,502,2700,3960,164,0.609063609063609,0.15677701436602123,0.7537537537537538,0.40540540540540543,0.5945945945945946
4124,YER159C YPR107C,0.0,NA,0.016355525702238083,502,2699,3961,164,0.6092001092001093,0.15682599187753826,0.7537537537537538,0.40525525525525524,0.5947447447447447
4125,YGR221C YAL034C,0.0,NA,0.01636333577334881,502,2698,3962,164,0.6093366093366094,0.156875,0.7537537537537538,0.4051051051051051,0.5948948948948949
4126,YGR097W YLR093C,0.0,NA,0.016387952491641045,502,2697,3963,164,0.6094731094731095,0.15692403876211317,0.7537537537537538,0.404954954954955,0.5950450450450451
4127,YHR185C YMR244W,0.0,NA,0.01652798429131508,502,2696,3964,164,0.6096096096096096,0.1569731081926204,0.7537537537537538,0.4048048048048048,0.5951951951951951
4128,YOL032W YMR315W,0.0,NA,0.016528060659766197,502,2695,3965,164,0.6097461097461098,0.15702220832030028,0.7537537537537538,0.40465465465465467,0.5953453453453453
4129,YOR396W YOR337W,0.0,NA,0.01654719188809395,502,2694,3966,164,0.6098826098826099,0.15707133917396746,0.7537537537537538,0.4045045045045045,0.5954954954954955
4130,YML096W YBR132C,0.0,NA,0.016571996733546257,502,2693,3967,164,0.61001911001911,0.1571205007824726,0.7537537537537538,0.40435435435435435,0.5956456456456456
4131,YDR524C YKR088C,0.0,NA,0.01658441871404648,502,2692,3968,164,0.6101556101556102,0.15716969317470256,0.7537537537537538,0.4042042042042042,0.5957957957957958
4132,YNL071W YCR059C,0.0,NA,0.016596920788288116,502,2691,3969,164,0.6102921102921103,0.15721891637958033,0.7537537537537538,0.40405405405405403,0.595945945945946
4133,YFL017C YER037W,0.0,NA,0.01661595329642296,502,2690,3970,164,0.6104286104286104,0.15726817042606517,0.7537537537537538,0.4039039039039039,0.5960960960960962
4134,YGR221C YOR173W,0.0,NA,0.016641879454255104,502,2689,3971,164,0.6105651105651105,0.1573174553431526,0.7537537537537538,0.4037537537537538,0.5962462462462462
4135,YMR205C YIL005W,0.0,NA,0.016665805131196976,502,2688,3972,164,0.6107016107016107,0.1573667711598746,0.7537537537537538,0.4036036036036036,0.5963963963963964
4136,YGR251W YNR066C,0.0,NA,0.016673153266310692,502,2687,3973,164,0.6108381108381108,0.15741611790529947,0.7537537537537538,0.40345345345345346,0.5965465465465466
4137,YGR274C YMR045C,0.0,NA,0.016677476465702057,502,2686,3974,164,0.6109746109746109,0.15746549560853199,0.7537537537537538,0.40330330330330333,0.5966966966966967
4138,YML058W-A YDR085C,0.0,NA,0.01667817309498787,502,2685,3975,164,0.6111111111111112,0.15751490429871354,0.7537537537537538,0.40315315315315314,0.5968468468468469
4139,YHR080C YOR025W,0.0,NA,0.016698455438017845,502,2684,3976,164,0.6112476112476113,0.15756434400502198,0.7537537537537538,0.403003003003003,0.596996996996997
4140,YNL213C YMR139W,0.0,NA,0.016750724986195564,502,2683,3977,164,0.6113841113841114,0.1576138147566719,0.7537537537537538,0.4028528528528528,0.5971471471471471
4141,YFR026C YOR393W,0.0,NA,0.016757937148213387,502,2682,3978,164,0.6115206115206115,0.15766331658291458,0.7537537537537538,0.4027027027027027,0.5972972972972973
4142,YHR038W YLL014W,0.0,NA,0.016806380823254585,502,2681,3979,164,0.6116571116571117,0.15771284951303802,0.7537537537537538,0.40255255255255257,0.5974474474474475
4143,YGR122W YJR064W,0.0,NA,0.016818873584270477,502,2680,3980,164,0.6117936117936118,0.15776241357636706,0.7537537537537538,0.4024024024024024,0.5975975975975976
4144,YIR042C YCR105W,0.0,NA,0.016829609870910645,502,2679,3981,164,0.6119301119301119,0.15781200880226343,0.7537537537537538,0.40225225225225225,0.5977477477477477
4145,YOR393W YPL092W,0.0,NA,0.016843097284436226,502,2678,3982,164,0.6120666120666121,0.15786163522012578,0.7537537537537538,0.4021021021021021,0.5978978978978979
4146,YMR040W YBR018C,0.0,NA,0.016885964199900627,502,2677,3983,164,0.6122031122031122,0.15791129285938973,0.7537537537537538,0.40195195195195194,0.598048048048048
4147,YGR221C YKL119C,0.0,NA,0.016952482983469963,502,2676,3984,164,0.6123396123396123,0.157960981749528,0.7537537537537538,0.4018018018018018,0.5981981981981982
4148,YGR081C YBR137W,0.0,NA,0.016977349296212196,502,2675,3985,164,0.6124761124761124,0.15801070192005037,0.7537537537537538,0.4016516516516517,0.5983483483483484
4149,YGR055W YLR160C,0.0,NA,0.016979530453681946,502,2674,3986,164,0.6126126126126126,0.1580604534005038,0.7537537537537538,0.4015015015015015,0.5984984984984985
4150,YPL143W YMR244W,0.0,NA,0.01698814332485199,502,2673,3987,164,0.6127491127491127,0.15811023622047243,0.7537537537537538,0.40135135135135136,0.5986486486486486
4151,YDR300C YOL096C,0.0,NA,0.017044302076101303,502,2672,3988,164,0.6128856128856129,0.1581600504095778,0.7537537537537538,0.4012012012012012,0.5987987987987988
4152,YLR005W YPL162C,0.0,NA,0.0170480664819479,502,2671,3989,164,0.6130221130221131,0.15820989599747873,0.7537537537537538,0.40105105105105104,0.5989489489489489
4153,YMR316W YDR039C,0.0,NA,0.017085950821638107,502,2670,3990,164,0.6131586131586132,0.15825977301387137,0.7537537537537538,0.4009009009009009,0.5990990990990991
4154,YGL026C YBR200W,0.0,NA,0.017108242958784103,502,2669,3991,164,0.6132951132951133,0.15830968148848942,0.7537537537537538,0.40075075075075073,0.5992492492492493
4155,YPL239W YFR051C,0.0,NA,0.017126213759183884,502,2668,3992,164,0.6134316134316135,0.1583596214511041,0.7537537537537538,0.4006006006006006,0.5993993993993993
4156,YER064C YBR004C,0.0,NA,0.01720426231622696,502,2667,3993,164,0.6135681135681136,0.15840959293152415,0.7537537537537538,0.40045045045045047,0.5995495495495495
4157,YHR080C YKL145W,0.0,NA,0.017230547964572906,502,2666,3994,164,0.6137046137046137,0.15845959595959597,0.7537537537537538,0.4003003003003003,0.5996996996996997
4158,YOR152C YHR084W,0.0,NA,0.01723119430243969,502,2665,3995,164,0.6138411138411138,0.15850963056520367,0.7537537537537538,0.40015015015015015,0.5998498498498499
4159,YJL105W YKR081C,0.0,NA,0.017235830426216125,502,2664,3996,164,0.613977613977614,0.15855969677826912,0.7537537537537538,0.4,0.6
4160,YGL107C YCR005C,1.0,NA,0.017245380207896233,501,2664,3996,165,0.6138411138411138,0.15829383886255924,0.7522522522522522,0.4,0.6
4161,YBR195C YPR158W,0.0,NA,0.01730865053832531,501,2663,3997,165,0.613977613977614,0.15834386852085966,0.7522522522522522,0.39984984984984984,0.6001501501501502
4162,YIR035C YML052W,0.0,NA,0.017324578016996384,501,2662,3998,165,0.6141141141141141,0.15839392981346823,0.7522522522522522,0.3996996996996997,0.6003003003003003
4163,YOR389W YHR039C,0.0,NA,0.017477938905358315,501,2661,3999,165,0.6142506142506142,0.15844402277039848,0.7522522522522522,0.3995495495495496,0.6004504504504504
4164,YHR092C YHL004W,1.0,NA,0.017481835559010506,500,2661,3999,166,0.6141141141141141,0.15817779183802594,0.7507507507507507,0.3995495495495496,0.6004504504504504
4165,YDL045W-A YBR247C,0.0,NA,0.017496012151241302,500,2660,4000,166,0.6142506142506142,0.15822784810126583,0.7507507507507507,0.3993993993993994,0.6006006006006006
4166,YMR106C YNL316C,0.0,NA,0.017506899312138557,500,2659,4001,166,0.6143871143871144,0.15827793605571383,0.7507507507507507,0.39924924924924926,0.6007507507507508
4167,YHR097C YER075C,0.0,NA,0.017543943598866463,500,2658,4002,166,0.6145236145236145,0.15832805573147563,0.7507507507507507,0.3990990990990991,0.6009009009009009
4168,YOR344C YBR004C,0.0,NA,0.017655592411756516,500,2657,4003,166,0.6146601146601146,0.15837820715869497,0.7507507507507507,0.39894894894894894,0.601051051051051
4169,YDL065C YDR293C,0.0,NA,0.017691487446427345,500,2656,4004,166,0.6147966147966148,0.15842839036755388,0.7507507507507507,0.3987987987987988,0.6012012012012012
4170,YAL038W YDR367W,0.0,NA,0.01770806685090065,500,2655,4005,166,0.614933114933115,0.15847860538827258,0.7507507507507507,0.39864864864864863,0.6013513513513513
4171,YLR234W YIL108W,0.0,NA,0.017724232748150826,500,2654,4006,166,0.6150696150696151,0.15852885225110971,0.7507507507507507,0.3984984984984985,0.6015015015015015
4172,YOL109W YHR152W,0.0,NA,0.017747825011610985,500,2653,4007,166,0.6152061152061152,0.1585791309863622,0.7507507507507507,0.39834834834834837,0.6016516516516517
4173,YCR098C YDR129C,0.0,NA,0.01778721995651722,500,2652,4008,166,0.6153426153426154,0.15862944162436549,0.7507507507507507,0.3981981981981982,0.6018018018018018
4174,YIR035C YKR031C,0.0,NA,0.017787469550967216,500,2651,4009,166,0.6154791154791155,0.1586797841954935,0.7507507507507507,0.39804804804804805,0.601951951951952
4175,YDR367W YDL065C,0.0,NA,0.017821425572037697,500,2650,4010,166,0.6156156156156156,0.15873015873015872,0.7507507507507507,0.3978978978978979,0.6021021021021021
4176,YPL266W YDL065C,0.0,NA,0.01783609576523304,500,2649,4011,166,0.6157521157521157,0.15878056525881232,0.7507507507507507,0.39774774774774774,0.6022522522522522
4177,YML078W YHR194W,0.0,NA,0.01789681613445282,500,2648,4012,166,0.6158886158886159,0.1588310038119441,0.7507507507507507,0.3975975975975976,0.6024024024024024
4178,YPL279C YGL139W,0.0,NA,0.01791088469326496,500,2647,4013,166,0.616025116025116,0.15888147442008263,0.7507507507507507,0.3974474474474474,0.6025525525525526
4179,YKL198C YNL088W,0.0,NA,0.017924653366208076,500,2646,4014,166,0.6161616161616161,0.1589319771137953,0.7507507507507507,0.3972972972972973,0.6027027027027027
4180,YMR016C YKL019W,0.0,NA,0.018034689128398895,500,2645,4015,166,0.6162981162981163,0.1589825119236884,0.7507507507507507,0.39714714714714716,0.6028528528528528
4181,YPR134W YPL026C,0.0,NA,0.018049316480755806,500,2644,4016,166,0.6164346164346164,0.15903307888040713,0.7507507507507507,0.396996996996997,0.603003003003003
4182,YLR234W YER107C,0.0,NA,0.01805923692882061,500,2643,4017,166,0.6165711165711165,0.1590836780146357,0.7507507507507507,0.39684684684684685,0.6031531531531531
4183,YOR396W YGR120C,0.0,NA,0.01806851103901863,500,2642,4018,166,0.6167076167076168,0.15913430935709738,0.7507507507507507,0.3966966966966967,0.6033033033033033
4184,YMR016C YCR043C,0.0,NA,0.018111929297447205,500,2641,4019,166,0.6168441168441169,0.1591849729385546,0.7507507507507507,0.39654654654654653,0.6034534534534535
4185,YML102W YLR272C,0.0,NA,0.018117347732186317,500,2640,4020,166,0.616980616980617,0.1592356687898089,0.7507507507507507,0.3963963963963964,0.6036036036036037
4186,YOR113W YDR151C,0.0,NA,0.018171874806284904,500,2639,4021,166,0.6171171171171171,0.15928639694170119,0.7507507507507507,0.39624624624624627,0.6037537537537537
4187,YOR179C YGL062W,0.0,NA,0.018215833231806755,500,2638,4022,166,0.6172536172536173,0.15933715742511154,0.7507507507507507,0.3960960960960961,0.6039039039039039
4188,YDR225W YLR460C,0.0,NA,0.018289761617779732,500,2637,4023,166,0.6173901173901174,0.1593879502709595,0.7507507507507507,0.39594594594594595,0.6040540540540541
4189,YDR412W YMR229C,0.0,NA,0.018319005146622658,500,2636,4024,166,0.6175266175266175,0.15943877551020408,0.7507507507507507,0.39579579579579577,0.6042042042042042
4190,YOR106W YNL247W,0.0,NA,0.018319109454751015,500,2635,4025,166,0.6176631176631177,0.1594896331738437,0.7507507507507507,0.39564564564564564,0.6043543543543544
4191,YGL135W YNL313C,0.0,NA,0.018357641994953156,500,2634,4026,166,0.6177996177996178,0.1595405232929164,0.7507507507507507,0.3954954954954955,0.6045045045045045
4192,YOR040W YOR003W,0.0,NA,0.018384359776973724,500,2633,4027,166,0.6179361179361179,0.15959144589849983,0.7507507507507507,0.3953453453453453,0.6046546546546546
4193,YMR115W YPL123C,0.0,NA,0.0183891411870718,500,2632,4028,166,0.618072618072618,0.15964240102171137,0.7507507507507507,0.3951951951951952,0.6048048048048048
4194,YKL197C YBL084C,0.0,NA,0.01848743110895157,500,2631,4029,166,0.6182091182091182,0.15969338869370808,0.7507507507507507,0.39504504504504506,0.604954954954955
4195,YNR013C YER044C,0.0,NA,0.01856732927262783,500,2630,4030,166,0.6183456183456183,0.1597444089456869,0.7507507507507507,0.3948948948948949,0.6051051051051051
4196,YFL035C YMR183C,0.0,NA,0.01860852539539337,500,2629,4031,166,0.6184821184821185,0.15979546180888463,0.7507507507507507,0.39474474474474475,0.6052552552552553
4197,YIL134W YNL059C,0.0,NA,0.01861465349793434,500,2628,4032,166,0.6186186186186187,0.159846547314578,0.7507507507507507,0.3945945945945946,0.6054054054054054
4198,YPL096C-A YJL010C,0.0,NA,0.01864371821284294,500,2627,4033,166,0.6187551187551188,0.1598976654940838,0.7507507507507507,0.39444444444444443,0.6055555555555555
4199,YGL061C YLR392C,0.0,NA,0.018691809847950935,500,2626,4034,166,0.6188916188916189,0.1599488163787588,0.7507507507507507,0.3942942942942943,0.6057057057057057
4200,YEL053C YNL241C,0.0,NA,0.0187034010887146,500,2625,4035,166,0.619028119028119,0.16,0.7507507507507507,0.39414414414414417,0.6058558558558559
4201,YBR223C YLR254C,0.0,NA,0.01874665357172489,500,2624,4036,166,0.6191646191646192,0.16005121638924455,0.7507507507507507,0.393993993993994,0.606006006006006
4202,YOR346W YBR058C,0.0,NA,0.018781952559947968,500,2623,4037,166,0.6193011193011193,0.1601024655779699,0.7507507507507507,0.39384384384384385,0.6061561561561561
4203,YJL063C YGL040C,1.0,NA,0.01880272477865219,499,2623,4037,167,0.6191646191646192,0.1598334401024984,0.7492492492492493,0.39384384384384385,0.6061561561561561
4204,YDL092W YLR071C,0.0,NA,0.018810106441378593,499,2622,4038,167,0.6193011193011193,0.15988465235501442,0.7492492492492493,0.39369369369369367,0.6063063063063063
4205,YBL063W YJL197W,0.0,NA,0.018826095387339592,499,2621,4039,167,0.6194376194376194,0.15993589743589742,0.7492492492492493,0.39354354354354354,0.6064564564564564
4206,YIR031C YOR136W,1.0,NA,0.019018620252609253,498,2621,4039,168,0.6193011193011193,0.15966655979480604,0.7477477477477478,0.39354354354354354,0.6064564564564564
4207,YCR084C YJL025W,0.0,NA,0.019072413444519043,498,2620,4040,168,0.6194376194376194,0.1597177677998717,0.7477477477477478,0.3933933933933934,0.6066066066066066
4208,YPR176C YNL045W,0.0,NA,0.019077451899647713,498,2619,4041,168,0.6195741195741196,0.15976900866217517,0.7477477477477478,0.3932432432432432,0.6067567567567568
4209,YPL279C YOR273C,0.0,NA,0.019082527607679367,498,2618,4042,168,0.6197106197106197,0.15982028241335045,0.7477477477477478,0.3930930930930931,0.606906906906907
4210,YOR223W YMR012W,0.0,NA,0.019101539626717567,498,2617,4043,168,0.6198471198471198,0.15987158908507224,0.7477477477477478,0.39294294294294296,0.607057057057057
4211,YBL040C YDR389W,0.0,NA,0.019126804545521736,498,2616,4044,168,0.61998361998362,0.1599229287090559,0.7477477477477478,0.3927927927927928,0.6072072072072072
4212,YHR097C YNR030W,0.0,NA,0.019137145951390266,498,2615,4045,168,0.6201201201201201,0.1599743013170575,0.7477477477477478,0.39264264264264265,0.6073573573573574
4213,YKL108W YER066W,0.0,NA,0.0191473551094532,498,2614,4046,168,0.6202566202566202,0.16002570694087404,0.7477477477477478,0.3924924924924925,0.6075075075075075
4214,YHR202W YJL104W,0.0,NA,0.01917562261223793,498,2613,4047,168,0.6203931203931204,0.1600771456123433,0.7477477477477478,0.39234234234234233,0.6076576576576577
4215,YLL025W YDR273W,0.0,NA,0.019259681925177574,498,2612,4048,168,0.6205296205296206,0.16012861736334405,0.7477477477477478,0.3921921921921922,0.6078078078078079
4216,YMR149W YIL077C,0.0,NA,0.01929580606520176,498,2611,4049,168,0.6206661206661207,0.16018012222579608,0.7477477477477478,0.392042042042042,0.6079579579579579
4217,YKL090W YLR042C,0.0,NA,0.019362544640898705,498,2610,4050,168,0.6208026208026208,0.16023166023166024,0.7477477477477478,0.3918918918918919,0.6081081081081081
4218,YPL152W YDR237W,0.0,NA,0.01936994679272175,498,2609,4051,168,0.620939120939121,0.16028323141293851,0.7477477477477478,0.39174174174174176,0.6082582582582583
4219,YML102W YNL088W,0.0,NA,0.01946433074772358,498,2608,4052,168,0.6210756210756211,0.16033483580167418,0.7477477477477478,0.39159159159159157,0.6084084084084084
4220,YNL230C YKL054C,0.0,NA,0.019503813236951828,498,2607,4053,168,0.6212121212121212,0.1603864734299517,0.7477477477477478,0.39144144144144144,0.6085585585585586
4221,YAR010C YFL066C,0.0,NA,0.01953721232712269,498,2606,4054,168,0.6213486213486213,0.16043814432989692,0.7477477477477478,0.3912912912912913,0.6087087087087087
4222,YPR111W YMR325W,0.0,NA,0.019537948071956635,498,2605,4055,168,0.6214851214851215,0.1604898485336771,0.7477477477477478,0.3911411411411411,0.6088588588588588
4223,YGR251W YGR081C,0.0,NA,0.019543418660759926,498,2604,4056,168,0.6216216216216216,0.16054158607350097,0.7477477477477478,0.390990990990991,0.609009009009009
4224,YNL339C YMR160W,0.0,NA,0.01956094056367874,498,2603,4057,168,0.6217581217581217,0.16059335698161883,0.7477477477477478,0.39084084084084086,0.6091591591591592
4225,YLL031C YOR348C,0.0,NA,0.019593175500631332,498,2602,4058,168,0.6218946218946219,0.16064516129032258,0.7477477477477478,0.3906906906906907,0.6093093093093093
4226,YNL010W YER155C,0.0,NA,0.019617529585957527,498,2601,4059,168,0.622031122031122,0.1606969990319458,0.7477477477477478,0.39054054054054055,0.6094594594594595
4227,YPL082C YOR129C,0.0,NA,0.0196752417832613,498,2600,4060,168,0.6221676221676221,0.16074887023886378,0.7477477477477478,0.39039039039039036,0.6096096096096096
4228,YIL160C YLR097C,0.0,NA,0.01972269080579281,498,2599,4061,168,0.6223041223041224,0.1608007749434937,0.7477477477477478,0.39024024024024023,0.6097597597597597
4229,YPL180W YKL040C,0.0,NA,0.019785866141319275,498,2598,4062,168,0.6224406224406225,0.16085271317829458,0.7477477477477478,0.3900900900900901,0.6099099099099099
4230,YGL238W YFL010W-A,0.0,NA,0.01980467513203621,498,2597,4063,168,0.6225771225771226,0.16090468497576738,0.7477477477477478,0.3899399399399399,0.6100600600600601
4231,YLR085C YGL062W,0.0,NA,0.019826000556349754,498,2596,4064,168,0.6227136227136227,0.16095669036845509,0.7477477477477478,0.3897897897897898,0.6102102102102102
4232,YHR074W YKR004C,0.0,NA,0.01986805349588394,498,2595,4065,168,0.6228501228501229,0.16100872938894278,0.7477477477477478,0.38963963963963966,0.6103603603603603
4233,YGL156W YPR192W,0.0,NA,0.01987539604306221,498,2594,4066,168,0.622986622986623,0.1610608020698577,0.7477477477477478,0.38948948948948947,0.6105105105105105
4234,YKL061W YGR129W,0.0,NA,0.019901825115084648,498,2593,4067,168,0.6231231231231231,0.1611129084438693,0.7477477477477478,0.38933933933933934,0.6106606606606607
4235,YML082W YDR380W,0.0,NA,0.01992793008685112,498,2592,4068,168,0.6232596232596233,0.16116504854368932,0.7477477477477478,0.3891891891891892,0.6108108108108108
4236,YHR069C YER037W,0.0,NA,0.019940238445997238,498,2591,4069,168,0.6233961233961234,0.16121722240207187,0.7477477477477478,0.389039039039039,0.610960960960961
4237,YJL058C YMR244W,0.0,NA,0.020061315968632698,498,2590,4070,168,0.6235326235326235,0.16126943005181346,0.7477477477477478,0.3888888888888889,0.6111111111111112
4238,YMR266W YBL095W,0.0,NA,0.0200972817838192,498,2589,4071,168,0.6236691236691236,0.16132167152575316,0.7477477477477478,0.38873873873873876,0.6112612612612612
4239,YIL079C YGL049C,0.0,NA,0.02010032907128334,498,2588,4072,168,0.6238056238056238,0.16137394685677253,0.7477477477477478,0.3885885885885886,0.6114114114114114
4240,YKL170W YIL077C,0.0,NA,0.020106736570596695,498,2587,4073,168,0.6239421239421239,0.1614262560777958,0.7477477477477478,0.38843843843843845,0.6115615615615616
4241,YMR048W YCL012W,0.0,NA,0.020143888890743256,498,2586,4074,168,0.6240786240786241,0.1614785992217899,0.7477477477477478,0.38828828828828826,0.6117117117117117
4242,YJL063C YPL262W,1.0,NA,0.02014412358403206,497,2586,4074,169,0.6239421239421239,0.16120661693156016,0.7462462462462462,0.38828828828828826,0.6117117117117117
4243,YER056C YBR039W,0.0,NA,0.02016197144985199,497,2585,4075,169,0.6240786240786241,0.16125892277741727,0.7462462462462462,0.38813813813813813,0.6118618618618619
4244,YLR097C YER083C,0.0,NA,0.020170381292700768,497,2584,4076,169,0.6242151242151243,0.16131126257708536,0.7462462462462462,0.387987987987988,0.612012012012012
4245,YNR039C YGR034W,0.0,NA,0.020200999453663826,497,2583,4077,169,0.6243516243516244,0.16136363636363638,0.7462462462462462,0.3878378378378378,0.6121621621621621
4246,YDR374C YDR482C,0.0,NA,0.02021641656756401,497,2582,4078,169,0.6244881244881245,0.16141604417018512,0.7462462462462462,0.3876876876876877,0.6123123123123123
4247,YDR530C YDR341C,0.0,NA,0.020224597305059433,497,2581,4079,169,0.6246246246246246,0.16146848602988953,0.7462462462462462,0.38753753753753756,0.6124624624624625
4248,YBR211C YIL047C,0.0,NA,0.020288784056901932,497,2580,4080,169,0.6247611247611248,0.1615209619759506,0.7462462462462462,0.38738738738738737,0.6126126126126126
4249,YNL067W YLR392C,0.0,NA,0.02031322754919529,497,2579,4081,169,0.6248976248976249,0.1615734720416125,0.7462462462462462,0.38723723723723724,0.6127627627627628
4250,YPL111W YDL120W,1.0,NA,0.020386481657624245,496,2579,4081,170,0.6247611247611248,0.1613008130081301,0.7447447447447447,0.38723723723723724,0.6127627627627628
4251,YDL045C YDR179C,0.0,NA,0.020409198477864265,496,2578,4082,170,0.6248976248976249,0.16135328562134027,0.7447447447447447,0.3870870870870871,0.6129129129129129
4252,YNL147W YGL061C,0.0,NA,0.020475251600146294,496,2577,4083,170,0.625034125034125,0.16140579238529124,0.7447447447447447,0.3869369369369369,0.613063063063063
4253,YMR160W YNL233W,0.0,NA,0.020534619688987732,496,2576,4084,170,0.6251706251706252,0.16145833333333334,0.7447447447447447,0.3867867867867868,0.6132132132132132
4254,YCR097WB YEL065W,0.0,NA,0.020576750859618187,496,2575,4085,170,0.6253071253071253,0.1615109084988603,0.7447447447447447,0.3866366366366366,0.6133633633633634
4255,YGR251W YOR177C,0.0,NA,0.020596522837877274,496,2574,4086,170,0.6254436254436254,0.16156351791530946,0.7447447447447447,0.3864864864864865,0.6135135135135135
4256,YCR097WB YAL036C,0.0,NA,0.02060130424797535,496,2573,4087,170,0.6255801255801255,0.16161616161616163,0.7447447447447447,0.38633633633633635,0.6136636636636636
4257,YHR092C YGL040C,1.0,NA,0.02062983065843582,495,2573,4087,171,0.6254436254436254,0.16134289439374186,0.7432432432432432,0.38633633633633635,0.6136636636636636
4258,YGR053C YPL267W,0.0,NA,0.020643217489123344,495,2572,4088,171,0.6255801255801255,0.16139550048907728,0.7432432432432432,0.38618618618618616,0.6138138138138138
4259,YER190W YDR395W,0.0,NA,0.020677365362644196,495,2571,4089,171,0.6257166257166257,0.16144814090019569,0.7432432432432432,0.38603603603603603,0.6139639639639639
4260,YJL210W YIR002C,0.0,NA,0.020677844062447548,495,2570,4090,171,0.6258531258531258,0.16150081566068517,0.7432432432432432,0.3858858858858859,0.6141141141141141
4261,YPR015C YFL020C,0.0,NA,0.020743893459439278,495,2569,4091,171,0.625989625989626,0.16155352480417753,0.7432432432432432,0.3857357357357357,0.6142642642642643
4262,YML025C YPL111W,1.0,NA,0.020759928971529007,494,2569,4091,172,0.6258531258531258,0.1612797910545217,0.7417417417417418,0.3857357357357357,0.6142642642642643
4263,YOR117W YIL166C,0.0,NA,0.020835591480135918,494,2568,4092,172,0.625989625989626,0.16133246244284782,0.7417417417417418,0.3855855855855856,0.6144144144144145
4264,YLR139C YML025C,1.0,NA,0.020867198705673218,493,2568,4092,173,0.6258531258531258,0.16105847762169226,0.7402402402402403,0.3855855855855856,0.6144144144144145
4265,YDL085W YGL116W,0.0,NA,0.020876139402389526,493,2567,4093,173,0.625989625989626,0.16111111111111112,0.7402402402402403,0.38543543543543546,0.6145645645645645
4266,YLR028C YNL177C,1.0,NA,0.0210287906229496,492,2567,4093,174,0.6258531258531258,0.16083687479568487,0.7387387387387387,0.38543543543543546,0.6145645645645645
4267,YDR508C YER129W,0.0,NA,0.02108667604625225,492,2566,4094,174,0.625989625989626,0.16088947024198821,0.7387387387387387,0.3852852852852853,0.6147147147147147
4268,YOR130C YPL162C,0.0,NA,0.021123006939888,492,2565,4095,174,0.6261261261261262,0.16094210009813542,0.7387387387387387,0.38513513513513514,0.6148648648648649
4269,YJL184W YDR382W,0.0,NA,0.02115272358059883,492,2564,4096,174,0.6262626262626263,0.16099476439790575,0.7387387387387387,0.384984984984985,0.615015015015015
4270,YIL062C YHR069C,0.0,NA,0.021189643070101738,492,2563,4097,174,0.6263991263991264,0.16104746317512275,0.7387387387387387,0.3848348348348348,0.6151651651651652
4271,YLL031C YAR010C,0.0,NA,0.021357383579015732,492,2562,4098,174,0.6265356265356266,0.16110019646365423,0.7387387387387387,0.3846846846846847,0.6153153153153154
4272,YGL156W YOR372C,0.0,NA,0.021389249712228775,492,2561,4099,174,0.6266721266721267,0.16115296429741238,0.7387387387387387,0.3845345345345345,0.6154654654654654
4273,YPL266W YGL030W,0.0,NA,0.02140148915350437,492,2560,4100,174,0.6268086268086268,0.16120576671035386,0.7387387387387387,0.3843843843843844,0.6156156156156156
4274,YPL230W YHR029C,0.0,NA,0.021441558375954628,492,2559,4101,174,0.6269451269451269,0.16125860373647985,0.7387387387387387,0.38423423423423425,0.6157657657657658
4275,YAL027W YLR090W,0.0,NA,0.021448422223329544,492,2558,4102,174,0.6270816270816271,0.16131147540983606,0.7387387387387387,0.38408408408408407,0.6159159159159159
4276,YCR005C YMR188C,1.0,NA,0.021474938839673996,491,2558,4102,175,0.6269451269451269,0.16103640537881272,0.7372372372372372,0.38408408408408407,0.6159159159159159
4277,YHR202W YCR042C,0.0,NA,0.02153766341507435,491,2557,4103,175,0.6270816270816271,0.16108923884514437,0.7372372372372372,0.38393393393393394,0.6160660660660661
4278,YGR221C YIL076W,0.0,NA,0.02158641442656517,491,2556,4104,175,0.6272181272181272,0.16114210699048245,0.7372372372372372,0.3837837837837838,0.6162162162162163
4279,YNL297C YMR047C,0.0,NA,0.02158992923796177,491,2555,4105,175,0.6273546273546273,0.16119500984898227,0.7372372372372372,0.3836336336336336,0.6163663663663663
4280,YGR220C YGL004C,0.0,NA,0.021609390154480934,491,2554,4106,175,0.6274911274911275,0.161247947454844,0.7372372372372372,0.3834834834834835,0.6165165165165165
4281,YFL066C YNL020C,0.0,NA,0.02161394990980625,491,2553,4107,175,0.6276276276276276,0.16130091984231273,0.7372372372372372,0.38333333333333336,0.6166666666666667
4282,YDL236W YOL089C,0.0,NA,0.0216628760099411,491,2552,4108,175,0.6277641277641277,0.1613539270456786,0.7372372372372372,0.3831831831831832,0.6168168168168168
4283,YML124C YCR042C,0.0,NA,0.021692803129553795,491,2551,4109,175,0.627900627900628,0.1614069690992768,0.7372372372372372,0.38303303303303304,0.616966966966967
4284,YML051W YGL263W,0.0,NA,0.02174603007733822,491,2550,4110,175,0.6280371280371281,0.16146004603748768,0.7372372372372372,0.38288288288288286,0.6171171171171171
4285,YPL117C YOR311C,0.0,NA,0.021758418530225754,491,2549,4111,175,0.6281736281736282,0.16151315789473683,0.7372372372372372,0.38273273273273273,0.6172672672672672
4286,YPR139C YMR016C,0.0,NA,0.02182963117957115,491,2548,4112,175,0.6283101283101283,0.16156630470549524,0.7372372372372372,0.3825825825825826,0.6174174174174174
4287,YLR348C YML095C,0.0,NA,0.02186555229127407,491,2547,4113,175,0.6284466284466285,0.16161948650427913,0.7372372372372372,0.3824324324324324,0.6175675675675676
4288,YMR027W YPR033C,0.0,NA,0.021892031654715538,491,2546,4114,175,0.6285831285831286,0.1616727033256503,0.7372372372372372,0.3822822822822823,0.6177177177177177
4289,YFL011W-A YIL071C,0.0,NA,0.021900741383433342,491,2545,4115,175,0.6287196287196287,0.16172595520421607,0.7372372372372372,0.38213213213213215,0.6178678678678678
4290,YLL031C YPL153C,0.0,NA,0.02192426286637783,491,2544,4116,175,0.6288561288561288,0.16177924217462933,0.7372372372372372,0.38198198198198197,0.618018018018018
4291,YPL051W YGR188C,0.0,NA,0.021967019885778427,491,2543,4117,175,0.628992628992629,0.16183256427158865,0.7372372372372372,0.38183183183183184,0.6181681681681682
4292,YCR005C YBR185C,1.0,NA,0.022092465311288834,490,2543,4117,176,0.6288561288561288,0.16155621496867786,0.7357357357357357,0.38183183183183184,0.6181681681681682
4293,YEL051W YDR378C,0.0,NA,0.02216152474284172,490,2542,4118,176,0.628992628992629,0.1616094986807388,0.7357357357357357,0.3816816816816817,0.6183183183183183
4294,YGL238W YGR260W,0.0,NA,0.022186947986483574,490,2541,4119,176,0.6291291291291291,0.16166281755196305,0.7357357357357357,0.3815315315315315,0.6184684684684685
4295,YOR167C YMR190C,0.0,NA,0.02223340794444084,490,2540,4120,176,0.6292656292656292,0.1617161716171617,0.7357357357357357,0.3813813813813814,0.6186186186186187
4296,YGR221C YDR152W,0.0,NA,0.022242195904254913,490,2539,4121,176,0.6294021294021294,0.16176956091119182,0.7357357357357357,0.3812312312312312,0.6187687687687687
4297,YEL036C YCR066W,0.0,NA,0.022243492305278778,490,2538,4122,176,0.6295386295386295,0.1618229854689564,0.7357357357357357,0.3810810810810811,0.6189189189189189
4298,YNL239W YJR160C,0.0,NA,0.022307613864541054,490,2537,4123,176,0.6296751296751297,0.16187644532540468,0.7357357357357357,0.38093093093093094,0.6190690690690691
4299,YPR001W YBR085W,1.0,NA,0.0223248228430748,489,2537,4123,177,0.6295386295386295,0.16159947124917382,0.7342342342342343,0.38093093093093094,0.6190690690690691
4300,YIL105C YAL046C,0.0,NA,0.022341402247548103,489,2536,4124,177,0.6296751296751297,0.16165289256198348,0.7342342342342343,0.38078078078078076,0.6192192192192192
4301,YLR142W YGL091C,0.0,NA,0.02234315127134323,489,2535,4125,177,0.6298116298116299,0.16170634920634921,0.7342342342342343,0.38063063063063063,0.6193693693693694
4302,YJR072C YBR012W-B,0.0,NA,0.02240976132452488,489,2534,4126,177,0.62994812994813,0.16175984121733378,0.7342342342342343,0.3804804804804805,0.6195195195195196
4303,YPR134W YPL234C,0.0,NA,0.022521978244185448,489,2533,4127,177,0.6300846300846301,0.16181336863004633,0.7342342342342343,0.3803303303303303,0.6196696696696696
4304,YGR127W YGR262C,0.0,NA,0.02252337336540222,489,2532,4128,177,0.6302211302211302,0.1618669314796425,0.7342342342342343,0.3801801801801802,0.6198198198198198
4305,YMR061W YPR114W,0.0,NA,0.022691939026117325,489,2531,4129,177,0.6303576303576304,0.16192052980132451,0.7342342342342343,0.38003003003003005,0.61996996996997
4306,YGR260W YPL104W,0.0,NA,0.022708766162395477,489,2530,4130,177,0.6304941304941305,0.16197416363034117,0.7342342342342343,0.37987987987987987,0.6201201201201201
4307,YOL030W YLR246W,0.0,NA,0.022719476372003555,489,2529,4131,177,0.6306306306306306,0.16202783300198806,0.7342342342342343,0.37972972972972974,0.6202702702702703
4308,YBR044C YPL001W,0.0,NA,0.02273034304380417,489,2528,4132,177,0.6307671307671308,0.16208153795160757,0.7342342342342343,0.3795795795795796,0.6204204204204204
4309,YHR038W YJL145W,0.0,NA,0.022793419659137726,489,2527,4133,177,0.6309036309036309,0.16213527851458887,0.7342342342342343,0.3794294294294294,0.6205705705705705
4310,YGR119C YDR128W,0.0,NA,0.02286035381257534,489,2526,4134,177,0.631040131040131,0.16218905472636816,0.7342342342342343,0.3792792792792793,0.6207207207207207
4311,YLL034C YER071C,0.0,NA,0.022863885387778282,489,2525,4135,177,0.6311766311766311,0.16224286662242868,0.7342342342342343,0.3791291291291291,0.6208708708708709
4312,YGR251W YEL051W,0.0,NA,0.02295634336769581,489,2524,4136,177,0.6313131313131313,0.1622967142383007,0.7342342342342343,0.378978978978979,0.621021021021021
4313,YNL053W YDR400W,0.0,NA,0.022961150854825974,489,2523,4137,177,0.6314496314496314,0.16235059760956175,0.7342342342342343,0.37882882882882885,0.6211711711711712
4314,YPR143W YGR072W,0.0,NA,0.023064114153385162,489,2522,4138,177,0.6315861315861316,0.1624045167718366,0.7342342342342343,0.37867867867867866,0.6213213213213213
4315,YKR004C YOL124C,0.0,NA,0.02309355139732361,489,2521,4139,177,0.6317226317226318,0.16245847176079733,0.7342342342342343,0.37852852852852853,0.6214714714714715
4316,YLR139C YPL215W,1.0,NA,0.02316267229616642,488,2521,4139,178,0.6315861315861316,0.16218012628780326,0.7327327327327328,0.37852852852852853,0.6214714714714715
4317,YOR009W YER053C,0.0,NA,0.023169221356511116,488,2520,4140,178,0.6317226317226318,0.1622340425531915,0.7327327327327328,0.3783783783783784,0.6216216216216216
4318,YJL090C YDR351W,0.0,NA,0.023259354755282402,488,2519,4141,178,0.6318591318591319,0.16228799467908214,0.7327327327327328,0.3782282282282282,0.6217717717717718
4319,YPR022C YJR108W,0.0,NA,0.023312874138355255,488,2518,4142,178,0.631995631995632,0.16234198270126413,0.7327327327327328,0.3780780780780781,0.621921921921922
4320,YNL070W YFL048C,0.0,NA,0.023438721895217896,488,2517,4143,178,0.6321321321321322,0.16239600665557405,0.7327327327327328,0.37792792792792795,0.622072072072072
4321,YGR078C YBR127C,0.0,NA,0.023551320657134056,488,2516,4144,178,0.6322686322686323,0.16245006657789615,0.7327327327327328,0.37777777777777777,0.6222222222222222
4322,YMR111C YOR349W,0.0,NA,0.02356344647705555,488,2515,4145,178,0.6324051324051324,0.1625041625041625,0.7327327327327328,0.37762762762762764,0.6223723723723724
4323,YOR348C YER024W,0.0,NA,0.023595532402396202,488,2514,4146,178,0.6325416325416325,0.1625582944703531,0.7327327327327328,0.37747747747747745,0.6225225225225225
4324,YLR380W YLR098C,0.0,NA,0.023716643452644348,488,2513,4147,178,0.6326781326781327,0.16261246251249584,0.7327327327327328,0.3773273273273273,0.6226726726726727
4325,YJR120W YJL209W,1.0,NA,0.023762410506606102,487,2513,4147,179,0.6325416325416325,0.16233333333333333,0.7312312312312312,0.3773273273273273,0.6226726726726727
4326,YJL018W YDR201W,0.0,NA,0.023808233439922333,487,2512,4148,179,0.6326781326781327,0.16238746248749583,0.7312312312312312,0.3771771771771772,0.6228228228228229
4327,YNR030W YIL076W,0.0,NA,0.02381271682679653,487,2511,4149,179,0.6328146328146328,0.16244162775183454,0.7312312312312312,0.377027027027027,0.6229729729729729
4328,YGL126W YIL062C,0.0,NA,0.02387220226228237,487,2510,4150,179,0.6329511329511329,0.16249582916249583,0.7312312312312312,0.3768768768768769,0.6231231231231231
4329,YNL083W YFR032C-A,0.0,NA,0.023893538862466812,487,2509,4151,179,0.633087633087633,0.16255006675567424,0.7312312312312312,0.37672672672672675,0.6232732732732733
4330,YOR367W YLR459W,0.0,NA,0.02395673841238022,487,2508,4152,179,0.6332241332241332,0.1626043405676127,0.7312312312312312,0.37657657657657656,0.6234234234234234
4331,YPL189W YGL139W,0.0,NA,0.023958170786499977,487,2507,4153,179,0.6333606333606333,0.16265865063460253,0.7312312312312312,0.37642642642642643,0.6235735735735736
4332,YGR133W YHR085W,0.0,NA,0.02404947392642498,487,2506,4154,179,0.6334971334971335,0.16271299699298364,0.7312312312312312,0.3762762762762763,0.6237237237237238
4333,YKR051W YOL096C,0.0,NA,0.0242404043674469,487,2505,4155,179,0.6336336336336337,0.1627673796791444,0.7312312312312312,0.3761261261261261,0.6238738738738738
4334,YCR029C-A YER003C,0.0,NA,0.024262305349111557,487,2504,4156,179,0.6337701337701338,0.1628217987295219,0.7312312312312312,0.375975975975976,0.624024024024024
4335,YJR027W YPR093C,0.0,NA,0.024388734251260757,487,2503,4157,179,0.6339066339066339,0.162876254180602,0.7312312312312312,0.3758258258258258,0.6241741741741742
4336,YGR046W YMR112C,0.0,NA,0.024425083771348,487,2502,4158,179,0.6340431340431341,0.16293074606891936,0.7312312312312312,0.37567567567567567,0.6243243243243243
4337,YMR101C YIL166C,0.0,NA,0.02445313148200512,487,2501,4159,179,0.6341796341796342,0.16298527443105756,0.7312312312312312,0.37552552552552554,0.6244744744744745
4338,YGL045W YER112W,0.0,NA,0.024583352729678154,487,2500,4160,179,0.6343161343161343,0.16303983930364915,0.7312312312312312,0.37537537537537535,0.6246246246246246
4339,YAR010C YOR046C,0.0,NA,0.024585280567407608,487,2499,4161,179,0.6344526344526344,0.16309444072337576,0.7312312312312312,0.3752252252252252,0.6247747747747747
4340,YNL166C YFR015C,0.0,NA,0.024601511657238007,487,2498,4162,179,0.6345891345891346,0.16314907872696818,0.7312312312312312,0.3750750750750751,0.6249249249249249
4341,YDL135C YEL069C,0.0,NA,0.02462228201329708,487,2497,4163,179,0.6347256347256347,0.16320375335120643,0.7312312312312312,0.3749249249249249,0.6250750750750751
4342,YDR248C YLR320W,0.0,NA,0.024643873795866966,487,2496,4164,179,0.6348621348621348,0.16325846463291988,0.7312312312312312,0.3747747747747748,0.6252252252252253
4343,YER151C YFR039C,0.0,NA,0.024667836725711823,487,2495,4165,179,0.634998634998635,0.16331321260898726,0.7312312312312312,0.37462462462462465,0.6253753753753754
4344,YOR358W YJR043C,0.0,NA,0.024671725928783417,487,2494,4166,179,0.6351351351351351,0.1633679973163368,0.7312312312312312,0.37447447447447446,0.6255255255255255
4345,YJR029W YLR220W,0.0,NA,0.02472461573779583,487,2493,4167,179,0.6352716352716353,0.1634228187919463,0.7312312312312312,0.37432432432432433,0.6256756756756757
4346,YHR074W YHR104W,0.0,NA,0.024726208299398422,487,2492,4168,179,0.6354081354081355,0.16347767707284325,0.7312312312312312,0.3741741741741742,0.6258258258258258
4347,YDL085W YJR094C,0.0,NA,0.02472865767776966,487,2491,4169,179,0.6355446355446356,0.16353257219610476,0.7312312312312312,0.374024024024024,0.625975975975976
4348,YJR108W YDR378C,0.0,NA,0.024740245193243027,487,2490,4170,179,0.6356811356811357,0.1635875041988579,0.7312312312312312,0.3738738738738739,0.6261261261261262
4349,YPR101W YML096W,0.0,NA,0.024746326729655266,487,2489,4171,179,0.6358176358176358,0.16364247311827956,0.7312312312312312,0.3737237237237237,0.6262762762762762
4350,YKL073W YOR009W,0.0,NA,0.024763215333223343,487,2488,4172,179,0.635954135954136,0.16369747899159665,0.7312312312312312,0.37357357357357357,0.6264264264264264
4351,YJR120W YBR085W,1.0,NA,0.024857182055711746,486,2488,4172,180,0.6358176358176358,0.16341627437794218,0.7297297297297297,0.37357357357357357,0.6264264264264264
4352,YMR260C YLR132C,0.0,NA,0.024873167276382446,486,2487,4173,180,0.635954135954136,0.16347124117053483,0.7297297297297297,0.37342342342342344,0.6265765765765766
4353,YHR001W YKL088W,0.0,NA,0.024879157543182373,486,2486,4174,180,0.6360906360906361,0.16352624495289367,0.7297297297297297,0.37327327327327325,0.6267267267267267
4354,YNL070W YNR065C,0.0,NA,0.024949410930275917,486,2485,4175,180,0.6362271362271362,0.16358128576236958,0.7297297297297297,0.3731231231231231,0.6268768768768769
4355,YOL089C YDR237W,0.0,NA,0.024966493248939514,486,2484,4176,180,0.6363636363636364,0.16363636363636364,0.7297297297297297,0.372972972972973,0.6270270270270271
4356,YIR031C YKL085W,1.0,NA,0.025094732642173767,485,2484,4176,181,0.6362271362271362,0.1633546648703267,0.7282282282282282,0.372972972972973,0.6270270270270271
4357,YGR108W YDL061C,0.0,NA,0.025163771584630013,485,2483,4177,181,0.6363636363636364,0.16340970350404313,0.7282282282282282,0.3728228228228228,0.6271771771771771
4358,YER071C YIL047C,0.0,NA,0.02520778961479664,485,2482,4178,181,0.6365001365001365,0.16346477923828784,0.7282282282282282,0.3726726726726727,0.6273273273273273
4359,YJL132W YMR138W,0.0,NA,0.025250306352972984,485,2481,4179,181,0.6366366366366366,0.16351989211058665,0.7282282282282282,0.37252252252252255,0.6274774774774775
4360,YOR046C YML052W,0.0,NA,0.025250887498259544,485,2480,4180,181,0.6367731367731367,0.163575042158516,0.7282282282282282,0.37237237237237236,0.6276276276276276
4361,YIL155C YDR093W,0.0,NA,0.02525639720261097,485,2479,4181,181,0.6369096369096369,0.1636302294197031,0.7282282282282282,0.37222222222222223,0.6277777777777778
4362,YEL034W YFL047W,0.0,NA,0.025294624269008636,485,2478,4182,181,0.637046137046137,0.16368545393182585,0.7282282282282282,0.37207207207207205,0.627927927927928
4363,YLR266C YPL075W,0.0,NA,0.02535492181777954,485,2477,4183,181,0.6371826371826372,0.1637407157326131,0.7282282282282282,0.3719219219219219,0.628078078078078
4364,YCR005C YPR100W,1.0,NA,0.025357479229569435,484,2477,4183,182,0.637046137046137,0.16345829111786558,0.7267267267267268,0.3719219219219219,0.628078078078078
4365,YHR202W YPL051W,0.0,NA,0.025369135662913322,484,2476,4184,182,0.6371826371826372,0.1635135135135135,0.7267267267267268,0.3717717717717718,0.6282282282282282
4366,YPL111W YMR188C,1.0,NA,0.02541038766503334,483,2476,4184,183,0.637046137046137,0.16323082122338628,0.7252252252252253,0.3717717717717718,0.6282282282282282
4367,YAR027W YPR002W,0.0,NA,0.02543652057647705,483,2475,4185,183,0.6371826371826372,0.16328600405679514,0.7252252252252253,0.3716216216216216,0.6283783783783784
4368,YHR074W YAR028W,0.0,NA,0.025459617376327515,483,2474,4186,183,0.6373191373191374,0.16334122421373012,0.7252252252252253,0.37147147147147147,0.6285285285285285
4369,YPL111W YGL068W,1.0,NA,0.025474444031715393,482,2474,4186,184,0.6371826371826372,0.16305818673883626,0.7237237237237237,0.37147147147147147,0.6285285285285285
4370,YGL110C YMR008C,0.0,NA,0.025519834831357002,482,2473,4187,184,0.6373191373191374,0.16311336717428088,0.7237237237237237,0.37132132132132134,0.6286786786786787
4371,YIL097W YHR097C,0.0,NA,0.025548694655299187,482,2472,4188,184,0.6374556374556375,0.16316858496953285,0.7237237237237237,0.37117117117117115,0.6288288288288288
4372,YGR229C YER083C,0.0,NA,0.025602463632822037,482,2471,4189,184,0.6375921375921376,0.16322384016254657,0.7237237237237237,0.371021021021021,0.628978978978979
4373,YBL095W YDR141C,0.0,NA,0.025650493800640106,482,2470,4190,184,0.6377286377286377,0.1632791327913279,0.7237237237237237,0.3708708708708709,0.6291291291291291
4374,YCL012W YPL232W,0.0,NA,0.025663403794169426,482,2469,4191,184,0.6378651378651379,0.16333446289393425,0.7237237237237237,0.3707207207207207,0.6292792792792793
4375,YDR497C YER129W,0.0,NA,0.02569887600839138,482,2468,4192,184,0.638001638001638,0.16338983050847458,0.7237237237237237,0.3705705705705706,0.6294294294294295
4376,YGL211W YLL007C,0.0,NA,0.025747325271368027,482,2467,4193,184,0.6381381381381381,0.16344523567310953,0.7237237237237237,0.3704204204204204,0.6295795795795796
4377,YHR018C YLR265C,0.0,NA,0.025953801348805428,482,2466,4194,184,0.6382746382746383,0.16350067842605157,0.7237237237237237,0.37027027027027026,0.6297297297297297
4378,YDR182W YNL330C,0.0,NA,0.026051543653011322,482,2465,4195,184,0.6384111384111384,0.16355615880556498,0.7237237237237237,0.37012012012012013,0.6298798798798799
4379,YGL079W YOR382W,0.0,NA,0.02606099471449852,482,2464,4196,184,0.6385476385476385,0.16361167684996605,0.7237237237237237,0.36996996996996995,0.63003003003003
4380,YHR202W YGR274C,0.0,NA,0.02611813135445118,482,2463,4197,184,0.6386841386841386,0.16366723259762309,0.7237237237237237,0.3698198198198198,0.6301801801801802
4381,YLR028C YCR071C,1.0,NA,0.026127971708774567,481,2463,4197,185,0.6385476385476385,0.16338315217391305,0.7222222222222222,0.3698198198198198,0.6301801801801802
4382,YPR086W YPL189C-A,0.0,NA,0.02612917125225067,481,2462,4198,185,0.6386841386841386,0.163438668025824,0.7222222222222222,0.3696696696696697,0.6303303303303304
4383,YMR133W YBL039W-B,0.0,NA,0.026141861453652382,481,2461,4199,185,0.6388206388206388,0.16349422161794697,0.7222222222222222,0.3695195195195195,0.6304804804804804
4384,YNL219C YMR190C,0.0,NA,0.02622050605714321,481,2460,4200,185,0.6389571389571389,0.16354981298877933,0.7222222222222222,0.36936936936936937,0.6306306306306306
4385,YLR117C YBR186W,0.0,NA,0.026243947446346283,481,2459,4201,185,0.6390936390936391,0.16360544217687076,0.7222222222222222,0.36921921921921924,0.6307807807807808
4386,YLR348C YLR325C,0.0,NA,0.026315415278077126,481,2458,4202,185,0.6392301392301393,0.16366110922082341,0.7222222222222222,0.36906906906906906,0.6309309309309309
4387,YJR072C YJL099W,0.0,NA,0.026350172236561775,481,2457,4203,185,0.6393666393666394,0.16371681415929204,0.7222222222222222,0.3689189189189189,0.6310810810810811
4388,YPR111W YGR229C,0.0,NA,0.026367131620645523,481,2456,4204,185,0.6395031395031395,0.163772557030984,0.7222222222222222,0.3687687687687688,0.6312312312312313
4389,YIR031C YGL068W,1.0,NA,0.026404615491628647,480,2456,4204,186,0.6393666393666394,0.16348773841961853,0.7207207207207207,0.3687687687687688,0.6312312312312313
4390,YGR023W YBR096W,0.0,NA,0.026455271989107132,480,2455,4205,186,0.6395031395031395,0.1635434412265758,0.7207207207207207,0.3686186186186186,0.6313813813813813
4391,YHL040C YLR394W,0.0,NA,0.026484893634915352,480,2454,4206,186,0.6396396396396397,0.16359918200409,0.7207207207207207,0.3684684684684685,0.6315315315315315
4392,YPR015C YBR089C-A,0.0,NA,0.026493579149246216,480,2453,4207,186,0.6397761397761398,0.16365496079099898,0.7207207207207207,0.3683183183183183,0.6316816816816817
4393,YPL189C-A YGR229C,0.0,NA,0.0265370961278677,480,2452,4208,186,0.6399126399126399,0.16371077762619374,0.7207207207207207,0.36816816816816816,0.6318318318318318
4394,YDR351W YAR028W,0.0,NA,0.026560625061392784,480,2451,4209,186,0.64004914004914,0.16376663254861823,0.7207207207207207,0.36801801801801803,0.631981981981982
4395,YBR188C YPL096C-A,0.0,NA,0.02661708928644657,480,2450,4210,186,0.6401856401856402,0.16382252559726962,0.7207207207207207,0.36786786786786785,0.6321321321321322
4396,YDR365C YNR070W,0.0,NA,0.02663557045161724,480,2449,4211,186,0.6403221403221403,0.16387845681119836,0.7207207207207207,0.3677177177177177,0.6322822822822823
4397,YGR294W YNL241C,0.0,NA,0.02672332525253296,480,2448,4212,186,0.6404586404586404,0.16393442622950818,0.7207207207207207,0.3675675675675676,0.6324324324324324
4398,YIL047C YPL018W,0.0,NA,0.02673562988638878,480,2447,4213,186,0.6405951405951406,0.16399043389135634,0.7207207207207207,0.3674174174174174,0.6325825825825826
4399,YCR071C YGL068W,1.0,NA,0.026790328323841095,479,2447,4213,187,0.6404586404586404,0.1637047163362953,0.7192192192192193,0.3674174174174174,0.6325825825825826
4400,YLR088W YLR466W,0.0,NA,0.0268197450786829,479,2446,4214,187,0.6405951405951406,0.16376068376068376,0.7192192192192193,0.36726726726726727,0.6327327327327328
4401,YDL248W YOR372C,0.0,NA,0.026827121153473854,479,2445,4215,187,0.6407316407316407,0.16381668946648426,0.7192192192192193,0.36711711711711714,0.6328828828828829
4402,YGR159C YLR445W,0.0,NA,0.026828447356820107,479,2444,4216,187,0.6408681408681409,0.16387273349298664,0.7192192192192193,0.36696696696696696,0.633033033033033
4403,YBR196C YBR283C,0.0,NA,0.02687295340001583,479,2443,4217,187,0.641004641004641,0.16392881587953456,0.7192192192192193,0.3668168168168168,0.6331831831831832
4404,YBR222C YPR118W,0.0,NA,0.02687469869852066,479,2442,4218,187,0.6411411411411412,0.1639849366655255,0.7192192192192193,0.36666666666666664,0.6333333333333333
4405,YOL165C YPL096C-A,0.0,NA,0.02688208967447281,479,2441,4219,187,0.6412776412776413,0.16404109589041097,0.7192192192192193,0.3665165165165165,0.6334834834834835
4406,YJL099W YCR105W,0.0,NA,0.026896456256508827,479,2440,4220,187,0.6414141414141414,0.16409729359369646,0.7192192192192193,0.3663663663663664,0.6336336336336337
4407,YOL073C YKL054C,0.0,NA,0.026928363367915154,479,2439,4221,187,0.6415506415506416,0.16415352981494175,0.7192192192192193,0.3662162162162162,0.6337837837837837
4408,YDL225W YHR082C,0.0,NA,0.02693268470466137,479,2438,4222,187,0.6416871416871417,0.16420980459376072,0.7192192192192193,0.36606606606606606,0.6339339339339339
4409,YLR205C YDR315C,0.0,NA,0.02694898657500744,479,2437,4223,187,0.6418236418236418,0.16426611796982168,0.7192192192192193,0.36591591591591593,0.6340840840840841
4410,YDL246C YHR005C-A,0.0,NA,0.026985369622707367,479,2436,4224,187,0.641960141960142,0.16432246998284733,0.7192192192192193,0.36576576576576575,0.6342342342342342
4411,YDR221W YBR192W,0.0,NA,0.02700091153383255,479,2435,4225,187,0.6420966420966421,0.16437886067261495,0.7192192192192193,0.3656156156156156,0.6343843843843844
4412,YLR414C YFL066C,0.0,NA,0.027023708447813988,479,2434,4226,187,0.6422331422331422,0.1644352900789564,0.7192192192192193,0.3654654654654655,0.6345345345345346
4413,YJL105W YBL008W,0.0,NA,0.027033917605876923,479,2433,4227,187,0.6423696423696423,0.16449175824175824,0.7192192192192193,0.3653153153153153,0.6346846846846846
4414,YNL147W YGR119C,0.0,NA,0.027072085067629814,479,2432,4228,187,0.6425061425061425,0.16454826520096186,0.7192192192192193,0.3651651651651652,0.6348348348348348
4415,YLR115W YDL089W,0.0,NA,0.02709214761853218,479,2431,4229,187,0.6426426426426426,0.16460481099656357,0.7192192192192193,0.365015015015015,0.634984984984985
4416,YDR494W YOR124C,0.0,NA,0.027186313644051552,479,2430,4230,187,0.6427791427791428,0.16466139566861465,0.7192192192192193,0.36486486486486486,0.6351351351351351
4417,YBR302C YJR117W,0.0,NA,0.02719011716544628,479,2429,4231,187,0.642915642915643,0.16471801925722146,0.7192192192192193,0.3647147147147147,0.6352852852852853
4418,YMR016C YLR460C,0.0,NA,0.027332039549946785,479,2428,4232,187,0.6430521430521431,0.1647746818025456,0.7192192192192193,0.36456456456456454,0.6354354354354355
4419,YGR047C YDR221W,0.0,NA,0.027333753183484077,479,2427,4233,187,0.6431886431886432,0.16483138334480385,0.7192192192192193,0.3644144144144144,0.6355855855855855
4420,YGR221C YPL123C,0.0,NA,0.027356263250112534,479,2426,4234,187,0.6433251433251433,0.1648881239242685,0.7192192192192193,0.3642642642642643,0.6357357357357357
4421,YIL017C YBL095W,0.0,NA,0.02739160880446434,479,2425,4235,187,0.6434616434616435,0.1649449035812672,0.7192192192192193,0.3641141141141141,0.6358858858858859
4422,YHR091C YMR079W,0.0,NA,0.027408812195062637,479,2424,4236,187,0.6435981435981436,0.16500172235618327,0.7192192192192193,0.36396396396396397,0.6360360360360361
4423,YNL038W YLR020C,0.0,NA,0.027425218373537064,479,2423,4237,187,0.6437346437346437,0.16505858028945555,0.7192192192192193,0.36381381381381384,0.6361861861861862
4424,YDR437W YJR139C,0.0,NA,0.02742660418152809,479,2422,4238,187,0.6438711438711439,0.16511547742157875,0.7192192192192193,0.36366366366366365,0.6363363363363364
4425,YMR244C-A YJR127C,0.0,NA,0.027509251609444618,479,2421,4239,187,0.644007644007644,0.16517241379310346,0.7192192192192193,0.3635135135135135,0.6364864864864865
4426,YLR268W YLL067C,0.0,NA,0.027542099356651306,479,2420,4240,187,0.6441441441441441,0.16522938944463608,0.7192192192192193,0.3633633633633634,0.6366366366366366
4427,YMR160W YOR021C,0.0,NA,0.02759696915745735,479,2419,4241,187,0.6442806442806442,0.1652864044168392,0.7192192192192193,0.3632132132132132,0.6367867867867868
4428,YML088W YDL227C,0.0,NA,0.02765420451760292,479,2418,4242,187,0.6444171444171444,0.1653434587504315,0.7192192192192193,0.3630630630630631,0.636936936936937
4429,YBR204C YHR079C-A,0.0,NA,0.027706196531653404,479,2417,4243,187,0.6445536445536445,0.16540055248618785,0.7192192192192193,0.3629129129129129,0.6370870870870871
4430,YLR414C YHR179W,0.0,NA,0.02773771621286869,479,2416,4244,187,0.6446901446901447,0.16545768566493954,0.7192192192192193,0.36276276276276276,0.6372372372372372
4431,YGL107C YDL120W,1.0,NA,0.027876174077391624,478,2416,4244,188,0.6445536445536445,0.16516931582584657,0.7177177177177178,0.36276276276276276,0.6372372372372372
4432,YBR204C YFL047W,0.0,NA,0.027909699827432632,478,2415,4245,188,0.6446901446901447,0.1652264085724162,0.7177177177177178,0.36261261261261263,0.6373873873873874
4433,YDR497C YGR046W,0.0,NA,0.027924083173274994,478,2414,4246,188,0.6448266448266449,0.165283540802213,0.7177177177177178,0.36246246246246244,0.6375375375375375
4434,YIL172C YGR166W,0.0,NA,0.027944689616560936,478,2413,4247,188,0.644963144963145,0.1653407125562089,0.7177177177177178,0.3623123123123123,0.6376876876876877
4435,YLL031C YER144C,0.0,NA,0.02794957347214222,478,2412,4248,188,0.6450996450996451,0.16539792387543253,0.7177177177177178,0.3621621621621622,0.6378378378378379
4436,YDL171C YMR160W,0.0,NA,0.02800375036895275,478,2411,4249,188,0.6452361452361453,0.1654551748009692,0.7177177177177178,0.362012012012012,0.637987987987988
4437,YMR058W YGR294W,0.0,NA,0.028242383152246475,478,2410,4250,188,0.6453726453726454,0.16551246537396122,0.7177177177177178,0.36186186186186187,0.6381381381381381
4438,YPL031C YHR039C,0.0,NA,0.028326356783509254,478,2409,4251,188,0.6455091455091455,0.1655697956356079,0.7177177177177178,0.36171171171171174,0.6382882882882883
4439,YLR234W YCL005W-A,0.0,NA,0.028337854892015457,478,2408,4252,188,0.6456456456456456,0.16562716562716562,0.7177177177177178,0.36156156156156155,0.6384384384384384
4440,YIR031C YHL004W,1.0,NA,0.02845633588731289,477,2408,4252,189,0.6455091455091455,0.16533795493934142,0.7162162162162162,0.36156156156156155,0.6384384384384384
4441,YGL110C YCL001W-A,0.0,NA,0.02853267639875412,477,2407,4253,189,0.6456456456456456,0.16539528432732317,0.7162162162162162,0.3614114114114114,0.6385885885885886
4442,YPR185W YMR258C,0.0,NA,0.028581323102116585,477,2406,4254,189,0.6457821457821458,0.16545265348595214,0.7162162162162162,0.36126126126126124,0.6387387387387388
4443,YLR173W YPR193C,0.0,NA,0.028594553470611572,477,2405,4255,189,0.6459186459186459,0.16551006245662733,0.7162162162162162,0.3611111111111111,0.6388888888888888
4444,YOR099W YMR102C,0.0,NA,0.028721533715724945,477,2404,4256,189,0.646055146055146,0.16556751128080527,0.7162162162162162,0.360960960960961,0.639039039039039
4445,YNL339C YCR059C,0.0,NA,0.028815334662795067,477,2403,4257,189,0.6461916461916462,0.165625,0.7162162162162162,0.3608108108108108,0.6391891891891892
4446,YGR127W YGR266W,0.0,NA,0.02883107401430607,477,2402,4258,189,0.6463281463281463,0.16568252865578326,0.7162162162162162,0.36066066066066066,0.6393393393393393
4447,YCR077C YLR360W,0.0,NA,0.02885010465979576,477,2401,4259,189,0.6464646464646465,0.16574009728978456,0.7162162162162162,0.36051051051051053,0.6394894894894895
4448,YIL111W YGL040C,1.0,NA,0.02889980375766754,476,2401,4259,190,0.6463281463281463,0.1654501216545012,0.7147147147147147,0.36051051051051053,0.6394894894894895
4449,YJL082W YHR059W,0.0,NA,0.02893664315342903,476,2400,4260,190,0.6464646464646465,0.16550764951321278,0.7147147147147147,0.36036036036036034,0.6396396396396397
4450,YMR008C YCR018C,0.0,NA,0.029122186824679375,476,2399,4261,190,0.6466011466011466,0.16556521739130434,0.7147147147147147,0.3602102102102102,0.6397897897897898
4451,YPL162C YNL288W,0.0,NA,0.02916044183075428,476,2398,4262,190,0.6467376467376468,0.16562282533054976,0.7147147147147147,0.3600600600600601,0.6399399399399399
4452,YBR301W YDR248C,0.0,NA,0.029169276356697083,476,2397,4263,190,0.6468741468741469,0.16568047337278108,0.7147147147147147,0.3599099099099099,0.6400900900900901
4453,YGR046W YNL059C,0.0,NA,0.029189888387918472,476,2396,4264,190,0.647010647010647,0.16573816155988857,0.7147147147147147,0.35975975975975977,0.6402402402402403
4454,YGR159C YFR039C,0.0,NA,0.029220720753073692,476,2395,4265,190,0.6471471471471472,0.16579588993382097,0.7147147147147147,0.35960960960960964,0.6403903903903904
4455,YGR266W YMR205C,0.0,NA,0.029239488765597343,476,2394,4266,190,0.6472836472836473,0.16585365853658537,0.7147147147147147,0.35945945945945945,0.6405405405405405
4456,YNL194C YPR138C,0.0,NA,0.029333192855119705,476,2393,4267,190,0.6474201474201474,0.16591146741024748,0.7147147147147147,0.3593093093093093,0.6406906906906907
4457,YGL030W YPL271W,0.0,NA,0.029635250568389893,476,2392,4268,190,0.6475566475566475,0.16596931659693165,0.7147147147147147,0.35915915915915914,0.6408408408408408
4458,YNR066C YJR024C,0.0,NA,0.029707886278629303,476,2391,4269,190,0.6476931476931477,0.16602720613882108,0.7147147147147147,0.359009009009009,0.640990990990991
4459,YDR539W YJL089W,0.0,NA,0.02970905601978302,476,2390,4270,190,0.6478296478296478,0.16608513607815772,0.7147147147147147,0.3588588588588589,0.6411411411411412
4460,YCL030C YOL022C,0.0,NA,0.029753362759947777,476,2389,4271,190,0.6479661479661479,0.1661431064572426,0.7147147147147147,0.3587087087087087,0.6412912912912913
4461,YLL016W YBR173C,0.0,NA,0.029756395146250725,476,2388,4272,190,0.6481026481026481,0.16620111731843576,0.7147147147147147,0.35855855855855856,0.6414414414414414
4462,YGL263W YOR152C,0.0,NA,0.0297864843159914,476,2387,4273,190,0.6482391482391482,0.16625916870415647,0.7147147147147147,0.35840840840840843,0.6415915915915916
4463,YMR053C YBL040C,0.0,NA,0.02981514111161232,476,2386,4274,190,0.6483756483756484,0.1663172606568833,0.7147147147147147,0.35825825825825824,0.6417417417417417
4464,YJL092W YGL095C,0.0,NA,0.029875917360186577,476,2385,4275,190,0.6485121485121486,0.16637539321915415,0.7147147147147147,0.3581081081081081,0.6418918918918919
4465,YCR097WB YPL092W,0.0,NA,0.02992859296500683,476,2384,4276,190,0.6486486486486487,0.16643356643356644,0.7147147147147147,0.357957957957958,0.6420420420420421
4466,YBR229C YJL019W,0.0,NA,0.029932696372270584,476,2383,4277,190,0.6487851487851488,0.1664917803427772,0.7147147147147147,0.3578078078078078,0.6421921921921921
4467,YHL024W YBR058C,0.0,NA,0.030002927407622337,476,2382,4278,190,0.6489216489216489,0.16655003498950316,0.7147147147147147,0.35765765765765767,0.6423423423423423
4468,YNL221C YMR316C-A,0.0,NA,0.030015021562576294,476,2381,4279,190,0.6490581490581491,0.16660833041652082,0.7147147147147147,0.3575075075075075,0.6424924924924925
4469,YER044C YLR246W,0.0,NA,0.030023274943232536,476,2380,4280,190,0.6491946491946492,0.16666666666666666,0.7147147147147147,0.35735735735735735,0.6426426426426426
4470,YLR182W YIL166C,0.0,NA,0.030166685581207275,476,2379,4281,190,0.6493311493311493,0.16672504378283712,0.7147147147147147,0.3572072072072072,0.6427927927927928
4471,YAL038W YDR041W,0.0,NA,0.030198602005839348,476,2378,4282,190,0.6494676494676495,0.16678346180798878,0.7147147147147147,0.35705705705705704,0.642942942942943
4472,YGL207W YIL108W,0.0,NA,0.030286788940429688,476,2377,4283,190,0.6496041496041496,0.16684192078513846,0.7147147147147147,0.3569069069069069,0.643093093093093
4473,YIL067C YMR192W,0.0,NA,0.030316926538944244,476,2376,4284,190,0.6497406497406497,0.16690042075736325,0.7147147147147147,0.3567567567567568,0.6432432432432432
4474,YLR293C YKL003C,0.0,NA,0.030334943905472755,476,2375,4285,190,0.6498771498771498,0.16695896176780078,0.7147147147147147,0.3566066066066066,0.6433933933933934
4475,YGL070C YML056C,0.0,NA,0.030335387215018272,476,2374,4286,190,0.65001365001365,0.16701754385964912,0.7147147147147147,0.35645645645645646,0.6435435435435436
4476,YFR039C YER078C,0.0,NA,0.030541060492396355,476,2373,4287,190,0.6501501501501501,0.16707616707616707,0.7147147147147147,0.35630630630630633,0.6436936936936937
4477,YIL126W YKL211C,0.0,NA,0.030608108267188072,476,2372,4288,190,0.6502866502866503,0.16713483146067415,0.7147147147147147,0.35615615615615615,0.6438438438438439
4478,YLR459W YKL086W,0.0,NA,0.030621366575360298,476,2371,4289,190,0.6504231504231505,0.16719353705655077,0.7147147147147147,0.356006006006006,0.643993993993994
4479,YPL250C YLR460C,0.0,NA,0.030626334249973297,476,2370,4290,190,0.6505596505596506,0.16725228390723823,0.7147147147147147,0.35585585585585583,0.6441441441441441
4480,YJR015W YBL054W,0.0,NA,0.030629605054855347,476,2369,4291,190,0.6506961506961507,0.16731107205623902,0.7147147147147147,0.3557057057057057,0.6442942942942943
4481,YHR126C YLR071C,0.0,NA,0.03071584366261959,476,2368,4292,190,0.6508326508326508,0.16736990154711673,0.7147147147147147,0.35555555555555557,0.6444444444444445
4482,YML082W YHL024W,0.0,NA,0.030818013474345207,476,2367,4293,190,0.650969150969151,0.1674287724234963,0.7147147147147147,0.3554054054054054,0.6445945945945946
4483,YPR168W YOR389W,0.0,NA,0.030821096152067184,476,2366,4294,190,0.6511056511056511,0.16748768472906403,0.7147147147147147,0.35525525525525525,0.6447447447447447
4484,YJR120W YHR092C,1.0,NA,0.030846640467643738,475,2366,4294,191,0.650969150969151,0.16719464977120732,0.7132132132132132,0.35525525525525525,0.6447447447447447
4485,YLR373C YMR047C,0.0,NA,0.030921820551156998,475,2365,4295,191,0.6511056511056511,0.16725352112676056,0.7132132132132132,0.3551051051051051,0.6448948948948949
4486,YDR040C YBR096W,0.0,NA,0.030942456796765327,475,2364,4296,191,0.6512421512421512,0.16731243395561818,0.7132132132132132,0.35495495495495494,0.645045045045045
4487,YPR022C YER147C,0.0,NA,0.03095271624624729,475,2363,4297,191,0.6513786513786514,0.16737138830162085,0.7132132132132132,0.3548048048048048,0.6451951951951952
4488,YPL111W YOR136W,1.0,NA,0.03095773048698902,474,2363,4297,192,0.6512421512421512,0.16707789918928445,0.7117117117117117,0.3548048048048048,0.6451951951951952
4489,YGR260W YMR079W,0.0,NA,0.030989335849881172,474,2362,4298,192,0.6513786513786514,0.16713681241184766,0.7117117117117117,0.3546546546546547,0.6453453453453454
4490,YKL096W YER078C,0.0,NA,0.03099076822400093,474,2361,4299,192,0.6515151515151515,0.1671957671957672,0.7117117117117117,0.3545045045045045,0.6454954954954955
4491,YDL035C YBR229C,0.0,NA,0.0310413409024477,474,2360,4300,192,0.6516516516516516,0.16725476358503882,0.7117117117117117,0.35435435435435436,0.6456456456456456
4492,YDL085W YIL017C,0.0,NA,0.031089264899492264,474,2359,4301,192,0.6517881517881517,0.16731380162372045,0.7117117117117117,0.35420420420420423,0.6457957957957958
4493,YLR201C YMR188C,1.0,NA,0.031196944415569305,473,2359,4301,193,0.6516516516516516,0.16701977401129944,0.7102102102102102,0.35420420420420423,0.6457957957957958
4494,YOR099W YPR134W,0.0,NA,0.031277868896722794,473,2358,4302,193,0.6517881517881517,0.1670787707523843,0.7102102102102102,0.35405405405405405,0.6459459459459459
4495,YJR155W YFR032C-A,0.0,NA,0.03130803257226944,473,2357,4303,193,0.6519246519246519,0.16713780918727916,0.7102102102102102,0.3539039039039039,0.6460960960960961
4496,YNL082W YMR008C,0.0,NA,0.03133714571595192,473,2356,4304,193,0.6520611520611521,0.16719688936019794,0.7102102102102102,0.35375375375375373,0.6462462462462463
4497,YFL054C YGL075C,0.0,NA,0.03137324005365372,473,2355,4305,193,0.6521976521976522,0.16725601131541726,0.7102102102102102,0.3536036036036036,0.6463963963963963
4498,YPR145W YPR086W,0.0,NA,0.031470365822315216,473,2354,4306,193,0.6523341523341524,0.16731517509727625,0.7102102102102102,0.35345345345345347,0.6465465465465465
4499,YBR222C YPR107C,0.0,NA,0.03153861314058304,473,2353,4307,193,0.6524706524706525,0.16737438075017694,0.7102102102102102,0.3533033033033033,0.6466966966966967
4500,YHL047C YLR053C,0.0,NA,0.03154522925615311,473,2352,4308,193,0.6526071526071526,0.16743362831858408,0.7102102102102102,0.35315315315315315,0.6468468468468469
4501,YGL075C YGR252W,0.0,NA,0.031683605164289474,473,2351,4309,193,0.6527436527436528,0.1674929178470255,0.7102102102102102,0.353003003003003,0.646996996996997
4502,YKL069W YMR183C,0.0,NA,0.031702879816293716,473,2350,4310,193,0.6528801528801529,0.1675522493800921,0.7102102102102102,0.35285285285285284,0.6471471471471472
4503,YBR195C YIL083C,0.0,NA,0.031751833856105804,473,2349,4311,193,0.653016653016653,0.16761162296243798,0.7102102102102102,0.3527027027027027,0.6472972972972973
4504,YKL198C YOR291W,0.0,NA,0.031755782663822174,473,2348,4312,193,0.6531531531531531,0.16767103863878058,0.7102102102102102,0.3525525525525526,0.6474474474474474
4505,YJL061W YOL073C,0.0,NA,0.03176993131637573,473,2347,4313,193,0.6532896532896533,0.1677304964539007,0.7102102102102102,0.3524024024024024,0.6475975975975976
4506,YMR295C YGR108W,0.0,NA,0.03181396797299385,473,2346,4314,193,0.6534261534261534,0.16778999645264278,0.7102102102102102,0.35225225225225226,0.6477477477477478
4507,YPR070W YMR084W,0.0,NA,0.03183474391698837,473,2345,4315,193,0.6535626535626535,0.16784953867991484,0.7102102102102102,0.3521021021021021,0.6478978978978979
4508,YML123C YDR371W,0.0,NA,0.03184714540839195,473,2344,4316,193,0.6536991536991537,0.16790912318068868,0.7102102102102102,0.35195195195195195,0.648048048048048
4509,YLL034C YML082W,0.0,NA,0.03185915946960449,473,2343,4317,193,0.6538356538356538,0.16796875,0.7102102102102102,0.3518018018018018,0.6481981981981982
4510,YOL137W YGL001C,0.0,NA,0.03186732158064842,473,2342,4318,193,0.653972153972154,0.1680284191829485,0.7102102102102102,0.35165165165165163,0.6483483483483483
4511,YLR277C YPL129W,0.0,NA,0.031985826790332794,473,2341,4319,193,0.6541086541086542,0.16808813077469795,0.7102102102102102,0.3515015015015015,0.6484984984984985
4512,YBL084C YPL074W,0.0,NA,0.03201863542199135,473,2340,4320,193,0.6542451542451543,0.16814788482047635,0.7102102102102102,0.35135135135135137,0.6486486486486487
4513,YER071C YNR035C,0.0,NA,0.03211679309606552,473,2339,4321,193,0.6543816543816544,0.1682076813655761,0.7102102102102102,0.3512012012012012,0.6487987987987988
4514,YMR111C YJR119C,0.0,NA,0.03212074935436249,473,2338,4322,193,0.6545181545181545,0.16826752045535395,0.7102102102102102,0.35105105105105106,0.648948948948949
4515,YEL071W YBL031W,0.0,NA,0.032142654061317444,473,2337,4323,193,0.6546546546546547,0.1683274021352313,0.7102102102102102,0.3509009009009009,0.6490990990990991
4516,YFL011W-A YBR072W,0.0,NA,0.03228306770324707,473,2336,4324,193,0.6547911547911548,0.1683873264506942,0.7102102102102102,0.35075075075075074,0.6492492492492492
4517,YIL172C YLR238W,0.0,NA,0.03240098059177399,473,2335,4325,193,0.6549276549276549,0.16844729344729345,0.7102102102102102,0.3506006006006006,0.6493993993993994
4518,YER064C YDR283C,0.0,NA,0.03245622664690018,473,2334,4326,193,0.655064155064155,0.16850730317064483,0.7102102102102102,0.3504504504504504,0.6495495495495496
4519,YGR133W YNL297C,0.0,NA,0.032500989735126495,473,2333,4327,193,0.6552006552006552,0.16856735566642908,0.7102102102102102,0.3503003003003003,0.6496996996996997
4520,YKL010C YDR525W-A,0.0,NA,0.03250724449753761,473,2332,4328,193,0.6553371553371553,0.16862745098039217,0.7102102102102102,0.35015015015015016,0.6498498498498498
4521,YLR093C YDR089W,0.0,NA,0.03252687305212021,473,2331,4329,193,0.6554736554736554,0.16868758915834522,0.7102102102102102,0.35,0.65
4522,YKL158W YMR192W,0.0,NA,0.032636672258377075,473,2330,4330,193,0.6556101556101556,0.16874777024616483,0.7102102102102102,0.34984984984984985,0.6501501501501501
4523,YFL054C YBL008W,0.0,NA,0.03264990821480751,473,2329,4331,193,0.6557466557466557,0.168807994289793,0.7102102102102102,0.3496996996996997,0.6503003003003003
4524,YBR229C YKR061W,0.0,NA,0.03274712711572647,473,2328,4332,193,0.6558831558831559,0.1688682613352374,0.7102102102102102,0.34954954954954953,0.6504504504504505
4525,YKR096W YDL070W,0.0,NA,0.03274863213300705,473,2327,4333,193,0.6560196560196561,0.16892857142857143,0.7102102102102102,0.3493993993993994,0.6506006006006007
4526,YJR155W YBR264C,0.0,NA,0.0327514111995697,473,2326,4334,193,0.6561561561561562,0.16898892461593426,0.7102102102102102,0.34924924924924927,0.6507507507507507
4527,YFL011W-A YHL040C,0.0,NA,0.0328323133289814,473,2325,4335,193,0.6562926562926563,0.1690493209435311,0.7102102102102102,0.3490990990990991,0.6509009009009009
4528,YDR076W YBR089C-A,0.0,NA,0.03284424915909767,473,2324,4336,193,0.6564291564291564,0.16910976045763318,0.7102102102102102,0.34894894894894896,0.6510510510510511
4529,YCL014W YLL014W,0.0,NA,0.03293851017951965,473,2323,4337,193,0.6565656565656566,0.16917024320457796,0.7102102102102102,0.3487987987987988,0.6512012012012012
4530,YKL178C YKR028W,0.0,NA,0.0330706425011158,473,2322,4338,193,0.6567021567021567,0.16923076923076924,0.7102102102102102,0.34864864864864864,0.6513513513513514
4531,YDL049C YDR085C,0.0,NA,0.03311464563012123,473,2321,4339,193,0.6568386568386568,0.16929133858267717,0.7102102102102102,0.3484984984984985,0.6515015015015015
4532,YLR348C YGL044C,0.0,NA,0.03316456079483032,473,2320,4340,193,0.656975156975157,0.16935195130683853,0.7102102102102102,0.3483483483483483,0.6516516516516516
4533,YPR111W YER078C,0.0,NA,0.03327428549528122,473,2319,4341,193,0.6571116571116571,0.16941260744985673,0.7102102102102102,0.3481981981981982,0.6518018018018018
4534,YIL111W YNL177C,1.0,NA,0.03327461704611778,472,2319,4341,194,0.656975156975157,0.16911501254030814,0.7087087087087087,0.3481981981981982,0.6518018018018018
4535,YOR040W YDR436W,0.0,NA,0.033315569162368774,472,2318,4342,194,0.6571116571116571,0.16917562724014337,0.7087087087087087,0.34804804804804806,0.651951951951952
4536,YBR196C YML078W,0.0,NA,0.03331930190324783,472,2317,4343,194,0.6572481572481572,0.1692362854069559,0.7087087087087087,0.3478978978978979,0.6521021021021021
4537,YPR106W YNL006W,0.0,NA,0.03334207087755203,472,2316,4344,194,0.6573846573846573,0.16929698708751795,0.7087087087087087,0.34774774774774775,0.6522522522522523
4538,YJL066C YDR367W,0.0,NA,0.03338654711842537,472,2315,4345,194,0.6575211575211575,0.16935773232866883,0.7087087087087087,0.3475975975975976,0.6524024024024024
4539,YHR097C YLR376C,0.0,NA,0.03345092386007309,472,2314,4346,194,0.6576576576576577,0.16941852117731515,0.7087087087087087,0.34744744744744743,0.6525525525525525
4540,YJR120W YPL111W,1.0,NA,0.033468496054410934,471,2314,4346,195,0.6575211575211575,0.16912028725314182,0.7072072072072072,0.34744744744744743,0.6525525525525525
4541,YHR140W YIL067C,0.0,NA,0.03353763744235039,471,2313,4347,195,0.6576576576576577,0.16918103448275862,0.7072072072072072,0.3472972972972973,0.6527027027027027
4542,YBR204C YFR051C,0.0,NA,0.03356296941637993,471,2312,4348,195,0.6577941577941578,0.1692418253683076,0.7072072072072072,0.3471471471471472,0.6528528528528529
4543,YBL028C YOR288C,0.0,NA,0.03367442637681961,471,2311,4349,195,0.657930657930658,0.16930265995686555,0.7072072072072072,0.346996996996997,0.653003003003003
4544,YKR017C YAR002W,0.0,NA,0.03367696702480316,471,2310,4350,195,0.6580671580671581,0.16936353829557713,0.7072072072072072,0.34684684684684686,0.6531531531531531
4545,YHR109W YDL176W,0.0,NA,0.03374890610575676,471,2309,4351,195,0.6582036582036582,0.16942446043165468,0.7072072072072072,0.34669669669669667,0.6533033033033033
4546,YBR089C-A YHR029C,0.0,NA,0.03391483798623085,471,2308,4352,195,0.6583401583401584,0.16948542641237854,0.7072072072072072,0.34654654654654654,0.6534534534534534
4547,YKR088C YKL146W,0.0,NA,0.033937111496925354,471,2307,4353,195,0.6584766584766585,0.1695464362850972,0.7072072072072072,0.3463963963963964,0.6536036036036036
4548,YAR010C YGL026C,0.0,NA,0.033959951251745224,471,2306,4354,195,0.6586131586131586,0.16960749009722723,0.7072072072072072,0.3462462462462462,0.6537537537537538
4549,YOR367W YAR010C,0.0,NA,0.03404882177710533,471,2305,4355,195,0.6587496587496587,0.1696685878962536,0.7072072072072072,0.3460960960960961,0.6539039039039038
4550,YHR066W YFL002W-A,0.0,NA,0.0341089703142643,471,2304,4356,195,0.6588861588861589,0.16972972972972972,0.7072072072072072,0.34594594594594597,0.654054054054054
4551,YER123W YDR128W,0.0,NA,0.03415670618414879,471,2303,4357,195,0.659022659022659,0.16979091564527757,0.7072072072072072,0.3457957957957958,0.6542042042042042
4552,YOR270C YGR252W,0.0,NA,0.034263838082551956,471,2302,4358,195,0.6591591591591591,0.16985214569058782,0.7072072072072072,0.34564564564564565,0.6543543543543544
4553,YHR104W YFR039C,0.0,NA,0.034317221492528915,471,2301,4359,195,0.6592956592956593,0.1699134199134199,0.7072072072072072,0.3454954954954955,0.6545045045045045
4554,YKR017C YEL034W,0.0,NA,0.034330546855926514,471,2300,4360,195,0.6594321594321594,0.16997473836160232,0.7072072072072072,0.34534534534534533,0.6546546546546547
4555,YML003W YLR213C,0.0,NA,0.03437031805515289,471,2299,4361,195,0.6595686595686596,0.1700361010830325,0.7072072072072072,0.3451951951951952,0.6548048048048049
4556,YGR122W YGL070C,0.0,NA,0.03439322113990784,471,2298,4362,195,0.6597051597051597,0.17009750812567714,0.7072072072072072,0.345045045045045,0.6549549549549549
4557,YHR037W YMR036C,0.0,NA,0.03440811485052109,471,2297,4363,195,0.6598416598416599,0.17015895953757226,0.7072072072072072,0.3448948948948949,0.6551051051051051
4558,YDR481C YNR030W,0.0,NA,0.03445422276854515,471,2296,4364,195,0.65997815997816,0.1702204553668233,0.7072072072072072,0.34474474474474476,0.6552552552552553
4559,YLR085C YBL095W,0.0,NA,0.03450317680835724,471,2295,4365,195,0.6601146601146601,0.1702819956616052,0.7072072072072072,0.34459459459459457,0.6554054054054054
4560,YJL046W YKL090W,0.0,NA,0.03456413000822067,471,2294,4366,195,0.6602511602511603,0.17034358047016274,0.7072072072072072,0.34444444444444444,0.6555555555555556
4561,YDR365C YOL165C,0.0,NA,0.034593772143125534,471,2293,4367,195,0.6603876603876604,0.17040520984081042,0.7072072072072072,0.3442942942942943,0.6557057057057057
4562,YJR015W YCL020W,0.0,NA,0.034713033586740494,471,2292,4368,195,0.6605241605241605,0.17046688382193267,0.7072072072072072,0.3441441441441441,0.6558558558558558
4563,YOR079C YCL055W,0.0,NA,0.03479433432221413,471,2291,4369,195,0.6606606606606606,0.17052860246198406,0.7072072072072072,0.343993993993994,0.656006006006006
4564,YOR358W YMR316C-A,0.0,NA,0.034805431962013245,471,2290,4370,195,0.6607971607971608,0.1705903658094893,0.7072072072072072,0.34384384384384387,0.6561561561561562
4565,YPR176C YGL252C,0.0,NA,0.03489484637975693,471,2289,4371,195,0.6609336609336609,0.17065217391304346,0.7072072072072072,0.3436936936936937,0.6563063063063063
4566,YPR138C YPR168W,0.0,NA,0.034958068281412125,471,2288,4372,195,0.661070161070161,0.17071402682131206,0.7072072072072072,0.34354354354354355,0.6564564564564564
4567,YGL017W YLR277C,0.0,NA,0.034959908574819565,471,2287,4373,195,0.6612066612066612,0.17077592458303117,0.7072072072072072,0.3433933933933934,0.6566066066066066
4568,YNL238W YHR202W,0.0,NA,0.03499465435743332,471,2286,4374,195,0.6613431613431613,0.1708378672470076,0.7072072072072072,0.34324324324324323,0.6567567567567567
4569,YMR279C YPR168W,0.0,NA,0.035065315663814545,471,2285,4375,195,0.6614796614796615,0.170899854862119,0.7072072072072072,0.3430930930930931,0.6569069069069069
4570,YNL082W YKR075C,0.0,NA,0.03507080674171448,471,2284,4376,195,0.6616161616161617,0.17096188747731397,0.7072072072072072,0.3429429429429429,0.6570570570570571
4571,YPR022C YPL220W,0.0,NA,0.03508232533931732,471,2283,4377,195,0.6617526617526618,0.1710239651416122,0.7072072072072072,0.3427927927927928,0.6572072072072072
4572,YDR508C YKL183W,0.0,NA,0.03515749052166939,471,2282,4378,195,0.6618891618891619,0.17108608790410462,0.7072072072072072,0.34264264264264266,0.6573573573573573
4573,YFR020W YMR008C,0.0,NA,0.03517327457666397,471,2281,4379,195,0.662025662025662,0.1711482558139535,0.7072072072072072,0.3424924924924925,0.6575075075075075
4574,YOL057W YLR277C,0.0,NA,0.03519925847649574,471,2280,4380,195,0.6621621621621622,0.17121046892039257,0.7072072072072072,0.34234234234234234,0.6576576576576577
4575,YCR063W YIL046W,0.0,NA,0.035216085612773895,471,2279,4381,195,0.6622986622986623,0.17127272727272727,0.7072072072072072,0.3421921921921922,0.6578078078078078
4576,YOL013C YDR400W,0.0,NA,0.03529031202197075,471,2278,4382,195,0.6624351624351624,0.17133503092033467,0.7072072072072072,0.342042042042042,0.657957957957958
4577,YML006C YJL186W,0.0,NA,0.03529953584074974,471,2277,4383,195,0.6625716625716626,0.17139737991266377,0.7072072072072072,0.3418918918918919,0.6581081081081082
4578,YMR276W YLR278C,0.0,NA,0.03533545508980751,471,2276,4384,195,0.6627081627081627,0.17145977429923553,0.7072072072072072,0.34174174174174177,0.6582582582582582
4579,YOR019W YLR020C,0.0,NA,0.035350579768419266,471,2275,4385,195,0.6628446628446628,0.1715222141296431,0.7072072072072072,0.3415915915915916,0.6584084084084084
4580,YGL126W YOR087W,0.0,NA,0.03540607914328575,471,2274,4386,195,0.6629811629811629,0.17158469945355193,0.7072072072072072,0.34144144144144145,0.6585585585585586
4581,YDR179C YHR073W,0.0,NA,0.035456959158182144,471,2273,4387,195,0.6631176631176631,0.1716472303206997,0.7072072072072072,0.34129129129129127,0.6587087087087087
4582,YML131W YGR208W,0.0,NA,0.03545832633972168,471,2272,4388,195,0.6632541632541633,0.17170980678089684,0.7072072072072072,0.34114114114114114,0.6588588588588589
4583,YKL073W YJL223C,0.0,NA,0.03548320755362511,471,2271,4389,195,0.6633906633906634,0.17177242888402625,0.7072072072072072,0.340990990990991,0.659009009009009
4584,YOR033C YLR104W,0.0,NA,0.03549109026789665,471,2270,4390,195,0.6635271635271636,0.1718350966800438,0.7072072072072072,0.3408408408408408,0.6591591591591591
4585,YHR085W YNL313C,0.0,NA,0.03550450876355171,471,2269,4391,195,0.6636636636636637,0.1718978102189781,0.7072072072072072,0.3406906906906907,0.6593093093093093
4586,YOL073C YDR367W,0.0,NA,0.035668954253196716,471,2268,4392,195,0.6638001638001638,0.171960569550931,0.7072072072072072,0.34054054054054056,0.6594594594594595
4587,YLR139C YKL148C,1.0,NA,0.03568582609295845,470,2268,4392,196,0.6636636636636637,0.17165814463111762,0.7057057057057057,0.34054054054054056,0.6594594594594595
4588,YPR143W YFR020W,0.0,NA,0.03569435328245163,470,2267,4393,196,0.6638001638001638,0.17172086225794667,0.7057057057057057,0.3403903903903904,0.6596096096096096
4589,YJL063C YIR031C,1.0,NA,0.03579570725560188,469,2267,4393,197,0.6636636636636637,0.17141812865497075,0.7042042042042042,0.3403903903903904,0.6596096096096096
4590,YGR044C YNL219C,0.0,NA,0.035849303007125854,469,2266,4394,197,0.6638001638001638,0.17148080438756855,0.7042042042042042,0.34024024024024024,0.6597597597597598
4591,YGL061C YDR414C,0.0,NA,0.0358632393181324,469,2265,4395,197,0.663936663936664,0.17154352596927577,0.7042042042042042,0.3400900900900901,0.6599099099099099
4592,YER072W YNR049C,0.0,NA,0.03595426306128502,469,2264,4396,197,0.6640731640731641,0.17160629345042078,0.7042042042042042,0.33993993993993993,0.66006006006006
4593,YMR244C-A YMR180C,0.0,NA,0.03599238768219948,469,2263,4397,197,0.6642096642096642,0.17166910688140558,0.7042042042042042,0.3397897897897898,0.6602102102102102
4594,YNL302C YLR072W,0.0,NA,0.036001671105623245,469,2262,4398,197,0.6643461643461643,0.17173196631270596,0.7042042042042042,0.3396396396396396,0.6603603603603604
4595,YGR108W YDL092W,0.0,NA,0.03605625778436661,469,2261,4399,197,0.6644826644826645,0.1717948717948718,0.7042042042042042,0.3394894894894895,0.6605105105105105
4596,YPR168W YER066W,0.0,NA,0.03607915714383125,469,2260,4400,197,0.6646191646191646,0.17185782337852692,0.7042042042042042,0.33933933933933935,0.6606606606606606
4597,YPR041W YLR436C,0.0,NA,0.036257341504096985,469,2259,4401,197,0.6647556647556647,0.17192082111436952,0.7042042042042042,0.33918918918918917,0.6608108108108108
4598,YML058W-A YNL318C,0.0,NA,0.036338917911052704,469,2258,4402,197,0.6648921648921648,0.17198386505317198,0.7042042042042042,0.33903903903903904,0.6609609609609609
4599,YML064C YMR086W,0.0,NA,0.0364210270345211,469,2257,4403,197,0.665028665028665,0.17204695524578137,0.7042042042042042,0.3388888888888889,0.6611111111111111
4600,YPR049C YMR084W,0.0,NA,0.036527909338474274,469,2256,4404,197,0.6651651651651652,0.17211009174311925,0.7042042042042042,0.3387387387387387,0.6612612612612613
4601,YDL092W YCR038C,0.0,NA,0.0365520678460598,469,2255,4405,197,0.6653016653016653,0.1721732745961821,0.7042042042042042,0.3385885885885886,0.6614114114114115
4602,YIL135C YER183C,0.0,NA,0.03659474104642868,469,2254,4406,197,0.6654381654381655,0.17223650385604114,0.7042042042042042,0.33843843843843846,0.6615615615615615
4603,YDR508C YDR129C,0.0,NA,0.036634571850299835,469,2253,4407,197,0.6655746655746656,0.17229977957384277,0.7042042042042042,0.3382882882882883,0.6617117117117117
4604,YLR220W YBL039W-B,0.0,NA,0.036661356687545776,469,2252,4408,197,0.6657111657111657,0.17236310180080852,0.7042042042042042,0.33813813813813814,0.6618618618618619
4605,YCR076C YLR090W,0.0,NA,0.03670302405953407,469,2251,4409,197,0.6658476658476659,0.1724264705882353,0.7042042042042042,0.337987987987988,0.662012012012012
4606,YDR434W YOR107W,0.0,NA,0.03673331439495087,469,2250,4410,197,0.665984165984166,0.1724898859874954,0.7042042042042042,0.33783783783783783,0.6621621621621622
4607,YMR244C-A YER024W,0.0,NA,0.036762695759534836,469,2249,4411,197,0.6661206661206661,0.1725533480500368,0.7042042042042042,0.3376876876876877,0.6623123123123124
4608,YKR100C YKL171W,0.0,NA,0.03679836541414261,469,2248,4412,197,0.6662571662571662,0.17261685682738315,0.7042042042042042,0.3375375375375375,0.6624624624624624
4609,YJR045C YCR055C,0.0,NA,0.037032075226306915,469,2247,4413,197,0.6663936663936664,0.17268041237113402,0.7042042042042042,0.3373873873873874,0.6626126126126126
4610,YML039W YLR025W,0.0,NA,0.03715677186846733,469,2246,4414,197,0.6665301665301665,0.172744014732965,0.7042042042042042,0.33723723723723725,0.6627627627627628
4611,YDR357C YBR088C,0.0,NA,0.037198394536972046,469,2245,4415,197,0.6666666666666666,0.17280766396462785,0.7042042042042042,0.33708708708708707,0.6629129129129129
4612,YJR013W YER037W,0.0,NA,0.037322159856557846,469,2244,4416,197,0.6668031668031668,0.1728713601179506,0.7042042042042042,0.33693693693693694,0.6630630630630631
4613,YKL194C YLR220W,0.0,NA,0.0374332070350647,469,2243,4417,197,0.6669396669396669,0.17293510324483777,0.7042042042042042,0.3367867867867868,0.6632132132132132
4614,YOR020C YCR093W,0.0,NA,0.037619028240442276,469,2242,4418,197,0.6670761670761671,0.17299889339727037,0.7042042042042042,0.3366366366366366,0.6633633633633633
4615,YLR139C YNL177C,1.0,NA,0.037645164877176285,468,2242,4418,198,0.6669396669396669,0.17269372693726937,0.7027027027027027,0.3366366366366366,0.6633633633633633
4616,YKR096W YKL021C,0.0,NA,0.03767722100019455,468,2241,4419,198,0.6670761670761671,0.17275747508305647,0.7027027027027027,0.3364864864864865,0.6635135135135135
4617,YGR044C YDR534C,0.0,NA,0.03802395239472389,468,2240,4420,198,0.6672126672126673,0.172821270310192,0.7027027027027027,0.33633633633633636,0.6636636636636637
4618,YNL129W YBR096W,0.0,NA,0.03805616497993469,468,2239,4421,198,0.6673491673491674,0.17288511267085335,0.7027027027027027,0.3361861861861862,0.6638138138138138
4619,YMR069W YER078C,0.0,NA,0.03806738927960396,468,2238,4422,198,0.6674856674856675,0.1729490022172949,0.7027027027027027,0.33603603603603605,0.663963963963964
4620,YLR268W YGL008C,0.0,NA,0.03807377442717552,468,2237,4423,198,0.6676221676221676,0.17301293900184844,0.7027027027027027,0.33588588588588586,0.6641141141141141
4621,YOR067C YOR182C,0.0,NA,0.03813324123620987,468,2236,4424,198,0.6677586677586678,0.17307692307692307,0.7027027027027027,0.33573573573573573,0.6642642642642642
4622,YGL121C YKL158W,0.0,NA,0.03821248561143875,468,2235,4425,198,0.6678951678951679,0.17314095449500555,0.7027027027027027,0.3355855855855856,0.6644144144144144
4623,YGL070C YAR028W,0.0,NA,0.03829485923051834,468,2234,4426,198,0.668031668031668,0.17320503330866024,0.7027027027027027,0.3354354354354354,0.6645645645645646
4624,YIR017C YDR237W,0.0,NA,0.038344938308000565,468,2233,4427,198,0.6681681681681682,0.17326915957052944,0.7027027027027027,0.3352852852852853,0.6647147147147147
4625,YLR380W YKL072W,0.0,NA,0.038348596543073654,468,2232,4428,198,0.6683046683046683,0.17333333333333334,0.7027027027027027,0.33513513513513515,0.6648648648648648
4626,YGL133W YJR139C,0.0,NA,0.03838452324271202,468,2231,4429,198,0.6684411684411684,0.17339755464987033,0.7027027027027027,0.33498498498498497,0.665015015015015
4627,YMR258C YNR015W,0.0,NA,0.03840670362114906,468,2230,4430,198,0.6685776685776685,0.17346182357301704,0.7027027027027027,0.33483483483483484,0.6651651651651652
4628,YDL070W YGR152C,0.0,NA,0.038413166999816895,468,2229,4431,198,0.6687141687141687,0.1735261401557286,0.7027027027027027,0.3346846846846847,0.6653153153153153
4629,YNR070W YDR088C,0.0,NA,0.03845422714948654,468,2228,4432,198,0.6688506688506689,0.17359050445103857,0.7027027027027027,0.3345345345345345,0.6654654654654655
4630,YJL099W YJL104W,0.0,NA,0.03848828747868538,468,2227,4433,198,0.668987168987169,0.17365491651205936,0.7027027027027027,0.3343843843843844,0.6656156156156157
4631,YJR155W YDL089W,0.0,NA,0.038662269711494446,468,2226,4434,198,0.6691236691236692,0.17371937639198218,0.7027027027027027,0.3342342342342342,0.6657657657657657
4632,YER043C YGR142W,0.0,NA,0.03868114948272705,468,2225,4435,198,0.6692601692601693,0.17378388414407725,0.7027027027027027,0.3340840840840841,0.6659159159159159
4633,YNL129W YBL107C,0.0,NA,0.03870680555701256,468,2224,4436,198,0.6693966693966694,0.1738484398216939,0.7027027027027027,0.33393393393393395,0.6660660660660661
4634,YDR531W YGL091C,0.0,NA,0.038739606738090515,468,2223,4437,198,0.6695331695331695,0.17391304347826086,0.7027027027027027,0.33378378378378376,0.6662162162162162
4635,YGL053W YGL095C,0.0,NA,0.038780901581048965,468,2222,4438,198,0.6696696696696697,0.17397769516728626,0.7027027027027027,0.33363363363363363,0.6663663663663664
4636,YHR202W YJL061W,0.0,NA,0.03905069828033447,468,2221,4439,198,0.6698061698061698,0.17404239494235776,0.7027027027027027,0.3334834834834835,0.6665165165165166
4637,YER072W YBR039W,0.0,NA,0.039084672927856445,468,2220,4440,198,0.6699426699426699,0.17410714285714285,0.7027027027027027,0.3333333333333333,0.6666666666666666
4638,YHR005C-A YOR021C,0.0,NA,0.03909265249967575,468,2219,4441,198,0.6700791700791701,0.1741719389653889,0.7027027027027027,0.3331831831831832,0.6668168168168168
4639,YJR013W YOR273C,0.0,NA,0.03913832828402519,468,2218,4442,198,0.6702156702156702,0.1742367833209233,0.7027027027027027,0.33303303303303305,0.666966966966967
4640,YLR342W YMR045C,0.0,NA,0.03920505568385124,468,2217,4443,198,0.6703521703521703,0.17430167597765364,0.7027027027027027,0.33288288288288287,0.6671171171171171
4641,YML039W YPL153C,0.0,NA,0.039292532950639725,468,2216,4444,198,0.6704886704886704,0.17436661698956782,0.7027027027027027,0.33273273273273274,0.6672672672672673
4642,YNL008C YCR073C,0.0,NA,0.03929668292403221,468,2215,4445,198,0.6706251706251706,0.17443160641073424,0.7027027027027027,0.3325825825825826,0.6674174174174174
4643,YKL061W YOR270C,0.0,NA,0.03932306170463562,468,2214,4446,198,0.6707616707616708,0.174496644295302,0.7027027027027027,0.3324324324324324,0.6675675675675675
4644,YEL065W YFL066C,0.0,NA,0.03937060013413429,468,2213,4447,198,0.6708981708981709,0.17456173069750094,0.7027027027027027,0.3322822822822823,0.6677177177177177
4645,YDR076W YOR393W,0.0,NA,0.039392754435539246,468,2212,4448,198,0.6710346710346711,0.1746268656716418,0.7027027027027027,0.3321321321321321,0.6678678678678679
4646,YIR018W YCR096C,0.0,NA,0.0394371822476387,468,2211,4449,198,0.6711711711711712,0.17469204927211646,0.7027027027027027,0.331981981981982,0.668018018018018
4647,YBL013W YBL107C,0.0,NA,0.03949699550867081,468,2210,4450,198,0.6713076713076713,0.17475728155339806,0.7027027027027027,0.33183183183183185,0.6681681681681682
4648,YNR015W YKR075C,0.0,NA,0.03992624580860138,468,2209,4451,198,0.6714441714441715,0.17482256257004108,0.7027027027027027,0.33168168168168166,0.6683183183183183
4649,YLL014W YLR061W,0.0,NA,0.0399891696870327,468,2208,4452,198,0.6715806715806716,0.17488789237668162,0.7027027027027027,0.33153153153153153,0.6684684684684684
4650,YOR003W YHR126C,0.0,NA,0.04000634700059891,468,2207,4453,198,0.6717171717171717,0.17495327102803737,0.7027027027027027,0.3313813813813814,0.6686186186186186
4651,YHR164C YOR009W,0.0,NA,0.040040239691734314,468,2206,4454,198,0.6718536718536718,0.175018698578908,0.7027027027027027,0.3312312312312312,0.6687687687687688
4652,YPR134W YIL103W,0.0,NA,0.040245171636343,468,2205,4455,198,0.671990171990172,0.1750841750841751,0.7027027027027027,0.3310810810810811,0.668918918918919
4653,YLR278C YKL009W,0.0,NA,0.04027988389134407,468,2204,4456,198,0.6721266721266721,0.1751497005988024,0.7027027027027027,0.33093093093093096,0.669069069069069
4654,YMR036C YLR142W,0.0,NA,0.04041425511240959,468,2203,4457,198,0.6722631722631722,0.17521527517783603,0.7027027027027027,0.33078078078078077,0.6692192192192192
4655,YPL156C YNR047W,0.0,NA,0.04043411463499069,468,2202,4458,198,0.6723996723996724,0.1752808988764045,0.7027027027027027,0.33063063063063064,0.6693693693693694
4656,YHR109W YNL284C-B,0.0,NA,0.04046368598937988,468,2201,4459,198,0.6725361725361725,0.175346571749719,0.7027027027027027,0.33048048048048045,0.6695195195195195
4657,YIL097W YKL155C,0.0,NA,0.04053119570016861,468,2200,4460,198,0.6726726726726727,0.17541229385307347,0.7027027027027027,0.3303303303303303,0.6696696696696697
4658,YMR257C YKR100C,0.0,NA,0.04066111519932747,468,2199,4461,198,0.6728091728091729,0.17547806524184478,0.7027027027027027,0.3301801801801802,0.6698198198198199
4659,YPR192W YHR058C,0.0,NA,0.040682319551706314,468,2198,4462,198,0.672945672945673,0.17554388597149287,0.7027027027027027,0.33003003003003,0.6699699699699699
4660,YBL068W YDR531W,0.0,NA,0.040711116045713425,468,2197,4463,198,0.6730821730821731,0.17560975609756097,0.7027027027027027,0.3298798798798799,0.6701201201201201
4661,YIL033C YPL166W,0.0,NA,0.040768206119537354,468,2196,4464,198,0.6732186732186732,0.17567567567567569,0.7027027027027027,0.32972972972972975,0.6702702702702703
4662,YHR074W YIL108W,0.0,NA,0.040803469717502594,468,2195,4465,198,0.6733551733551734,0.17574164476154713,0.7027027027027027,0.32957957957957956,0.6704204204204204
4663,YAL001C YMR119W,0.0,NA,0.04083102568984032,468,2194,4466,198,0.6734916734916735,0.1758076634109692,0.7027027027027027,0.32942942942942943,0.6705705705705706
4664,YPL183W-A YDL120W,1.0,NA,0.04088772088289261,467,2194,4466,199,0.6733551733551734,0.1754979331078542,0.7012012012012012,0.32942942942942943,0.6705705705705706
4665,YLR310C YGR120C,0.0,NA,0.040955640375614166,467,2193,4467,199,0.6734916734916735,0.1755639097744361,0.7012012012012012,0.3292792792792793,0.6707207207207208
4666,YOR388C YPL110C,0.0,NA,0.04097626358270645,467,2192,4468,199,0.6736281736281736,0.1756299360661903,0.7012012012012012,0.3291291291291291,0.6708708708708708
4667,YDL130W-A YPL250C,0.0,NA,0.04103028401732445,467,2191,4469,199,0.6737646737646737,0.17569601203912716,0.7012012012012012,0.328978978978979,0.671021021021021
4668,YDR481C YHR079C-A,0.0,NA,0.0411381870508194,467,2190,4470,199,0.6739011739011739,0.17576213774934135,0.7012012012012012,0.32882882882882886,0.6711711711711712
4669,YOR113W YDR352W,0.0,NA,0.04118693992495537,467,2189,4471,199,0.674037674037674,0.17582831325301204,0.7012012012012012,0.32867867867867867,0.6713213213213213
4670,YLL031C YML096W,0.0,NA,0.04124436527490616,467,2188,4472,199,0.6741741741741741,0.175894538606403,0.7012012012012012,0.32852852852852854,0.6714714714714715
4671,YBR281C YPL050C,0.0,NA,0.04126410931348801,467,2187,4473,199,0.6743106743106743,0.17596081386586285,0.7012012012012012,0.32837837837837835,0.6716216216216216
4672,YOR339C YAR028W,0.0,NA,0.041286300867795944,467,2186,4474,199,0.6744471744471745,0.1760271390878251,0.7012012012012012,0.3282282282282282,0.6717717717717717
4673,YOR126C YCL012W,0.0,NA,0.04129693657159805,467,2185,4475,199,0.6745836745836746,0.17609351432880846,0.7012012012012012,0.3280780780780781,0.6719219219219219
4674,YLR414C YDR088C,0.0,NA,0.04129702225327492,467,2184,4476,199,0.6747201747201748,0.17615993964541682,0.7012012012012012,0.3279279279279279,0.6720720720720721
4675,YJL008C YOR198C,0.0,NA,0.041325945407152176,467,2183,4477,199,0.6748566748566749,0.17622641509433962,0.7012012012012012,0.3277777777777778,0.6722222222222223
4676,YDR524C YPR049C,0.0,NA,0.041372839361429214,467,2182,4478,199,0.674993174993175,0.17629294073235183,0.7012012012012012,0.32762762762762765,0.6723723723723724
4677,YPR070W YKR075C,0.0,NA,0.04142167046666145,467,2181,4479,199,0.6751296751296751,0.1763595166163142,0.7012012012012012,0.32747747747747746,0.6725225225225225
4678,YLR216C YBR264C,0.0,NA,0.04142606258392334,467,2180,4480,199,0.6752661752661753,0.1764261428031734,0.7012012012012012,0.32732732732732733,0.6726726726726727
4679,YGL211W YNL313C,0.0,NA,0.041681911796331406,467,2179,4481,199,0.6754026754026754,0.1764928193499622,0.7012012012012012,0.3271771771771772,0.6728228228228228
4680,YDL070W YMR316C-A,0.0,NA,0.041751738637685776,467,2178,4482,199,0.6755391755391755,0.1765595463137996,0.7012012012012012,0.327027027027027,0.672972972972973
4681,YOR179C YIL017C,0.0,NA,0.04176551476120949,467,2177,4483,199,0.6756756756756757,0.17662632375189108,0.7012012012012012,0.3268768768768769,0.6731231231231232
4682,YMR279C YGL004C,0.0,NA,0.04189134016633034,467,2176,4484,199,0.6758121758121758,0.17669315172152858,0.7012012012012012,0.3267267267267267,0.6732732732732732
4683,YLR117C YDR341C,0.0,NA,0.04189790412783623,467,2175,4485,199,0.6759486759486759,0.17676003028009085,0.7012012012012012,0.32657657657657657,0.6734234234234234
4684,YHR097C YMR190C,0.0,NA,0.0419749990105629,467,2174,4486,199,0.676085176085176,0.17682695948504354,0.7012012012012012,0.32642642642642644,0.6735735735735736
4685,YGR044C YKL210W,0.0,NA,0.04202239587903023,467,2173,4487,199,0.6762216762216762,0.17689393939393938,0.7012012012012012,0.32627627627627626,0.6737237237237237
4686,YKL116C YMR084W,0.0,NA,0.04204576462507248,467,2172,4488,199,0.6763581763581764,0.17696097006441833,0.7012012012012012,0.3261261261261261,0.6738738738738739
4687,YPR133W-A YBL051C,0.0,NA,0.04205768182873726,467,2171,4489,199,0.6764946764946765,0.17702805155420773,0.7012012012012012,0.325975975975976,0.6740240240240241
4688,YER078C YBR121C,0.0,NA,0.042133864015340805,467,2170,4490,199,0.6766311766311767,0.1770951839211225,0.7012012012012012,0.3258258258258258,0.6741741741741741
4689,YKL003C YNR035C,0.0,NA,0.04220021888613701,467,2169,4491,199,0.6767676767676768,0.17716236722306525,0.7012012012012012,0.3256756756756757,0.6743243243243243
4690,YGR274C YMR204C,0.0,NA,0.042340200394392014,467,2168,4492,199,0.6769041769041769,0.17722960151802655,0.7012012012012012,0.32552552552552555,0.6744744744744745
4691,YOR046C YCL060C,0.0,NA,0.04252031072974205,467,2167,4493,199,0.677040677040677,0.17729688686408504,0.7012012012012012,0.32537537537537536,0.6746246246246246
4692,YJL082W YDR412W,0.0,NA,0.042536765336990356,467,2166,4494,199,0.6771771771771772,0.17736422331940752,0.7012012012012012,0.32522522522522523,0.6747747747747748
4693,YJL089W YBR275C,0.0,NA,0.042574718594551086,467,2165,4495,199,0.6773136773136773,0.17743161094224924,0.7012012012012012,0.32507507507507505,0.674924924924925
4694,YHR039C-A YNL290W,0.0,NA,0.04259024187922478,467,2164,4496,199,0.6774501774501774,0.17749904979095402,0.7012012012012012,0.3249249249249249,0.675075075075075
4695,YPL279C YIL076W,0.0,NA,0.04262446612119675,467,2163,4497,199,0.6775866775866776,0.17756653992395438,0.7012012012012012,0.3247747747747748,0.6752252252252252
4696,YIR027C YNL069C,0.0,NA,0.04268817976117134,467,2162,4498,199,0.6777231777231777,0.17763408139977177,0.7012012012012012,0.3246246246246246,0.6753753753753754
4697,YHR021C YOR389W,0.0,NA,0.042714525014162064,467,2161,4499,199,0.6778596778596778,0.17770167427701675,0.7012012012012012,0.3244744744744745,0.6755255255255255
4698,YLR348C YOL165C,0.0,NA,0.04280110076069832,467,2160,4500,199,0.677996177996178,0.17776931861438905,0.7012012012012012,0.32432432432432434,0.6756756756756757
4699,YNL010W YEL018W,0.0,NA,0.04284043237566948,467,2159,4501,199,0.6781326781326781,0.17783701447067785,0.7012012012012012,0.32417417417417416,0.6758258258258258
4700,YNL339C YDR367W,0.0,NA,0.042842332273721695,467,2158,4502,199,0.6782691782691783,0.1779047619047619,0.7012012012012012,0.324024024024024,0.675975975975976
4701,YOL142W YLR441C,0.0,NA,0.0429040752351284,467,2157,4503,199,0.6784056784056784,0.17797256097560976,0.7012012012012012,0.3238738738738739,0.6761261261261261
4702,YIL051C YBR121C,0.0,NA,0.04303823411464691,467,2156,4504,199,0.6785421785421786,0.17804041174227983,0.7012012012012012,0.3237237237237237,0.6762762762762763
4703,YJL148W YBR017C,0.0,NA,0.043051816523075104,467,2155,4505,199,0.6786786786786787,0.17810831426392068,0.7012012012012012,0.3235735735735736,0.6764264264264265
4704,YJR061W YHL022C,0.0,NA,0.04306679591536522,467,2154,4506,199,0.6788151788151788,0.1781762685997711,0.7012012012012012,0.32342342342342345,0.6765765765765765
4705,YJR120W YHL004W,1.0,NA,0.04315083473920822,466,2154,4506,200,0.6786786786786787,0.17786259541984734,0.6996996996996997,0.32342342342342345,0.6765765765765765
4706,YAR010C YIR035C,0.0,NA,0.04323085397481918,466,2153,4507,200,0.6788151788151788,0.17793050782741504,0.6996996996996997,0.32327327327327327,0.6767267267267267
4707,YKL218C YDL220C,0.0,NA,0.043235208839178085,466,2152,4508,200,0.678951678951679,0.1779984721161192,0.6996996996996997,0.32312312312312313,0.6768768768768769
4708,YOR197W YFR048W,0.0,NA,0.043294984847307205,466,2151,4509,200,0.6790881790881791,0.1780664883454337,0.6996996996996997,0.32297297297297295,0.677027027027027
4709,YOL022C YFL020C,0.0,NA,0.04334447160363197,466,2150,4510,200,0.6792246792246792,0.17813455657492355,0.6996996996996997,0.3228228228228228,0.6771771771771772
4710,YPL279C YPL271W,0.0,NA,0.0433802530169487,466,2149,4511,200,0.6793611793611793,0.17820267686424474,0.6996996996996997,0.3226726726726727,0.6773273273273274
4711,YOL030W YCL005W-A,0.0,NA,0.04338788241147995,466,2148,4512,200,0.6794976794976795,0.1782708492731446,0.6996996996996997,0.3225225225225225,0.6774774774774774
4712,YLR443W YOR087W,0.0,NA,0.04350653663277626,466,2147,4513,200,0.6796341796341796,0.17833907386146192,0.6996996996996997,0.3223723723723724,0.6776276276276276
4713,YJL132W YLR321C,0.0,NA,0.043569132685661316,466,2146,4514,200,0.6797706797706797,0.1784073506891271,0.6996996996996997,0.32222222222222224,0.6777777777777778
4714,YDR374C YMR036C,0.0,NA,0.043631818145513535,466,2145,4515,200,0.6799071799071799,0.17847567981616239,0.6996996996996997,0.32207207207207206,0.6779279279279279
4715,YLL019C YBL039W-B,0.0,NA,0.04373228922486305,466,2144,4516,200,0.6800436800436801,0.178544061302682,0.6996996996996997,0.3219219219219219,0.6780780780780781
4716,YLR293C YMR149W,0.0,NA,0.04381658881902695,466,2143,4517,200,0.6801801801801802,0.1786124952088923,0.6996996996996997,0.3217717717717718,0.6782282282282283
4717,YLR246W YBR096W,0.0,NA,0.043923888355493546,466,2142,4518,200,0.6803166803166804,0.17868098159509202,0.6996996996996997,0.3216216216216216,0.6783783783783783
4718,YEL038W YDL080C,0.0,NA,0.04410126432776451,466,2141,4519,200,0.6804531804531805,0.17874952052167242,0.6996996996996997,0.3214714714714715,0.6785285285285285
4719,YLR117C YAR050W,0.0,NA,0.0441681332886219,466,2140,4520,200,0.6805896805896806,0.17881811204911743,0.6996996996996997,0.3213213213213213,0.6786786786786787
4720,YCR097WB YDR143C,0.0,NA,0.04431385546922684,466,2139,4521,200,0.6807261807261807,0.17888675623800385,0.6996996996996997,0.32117117117117117,0.6788288288288288
4721,YFL011W-A YBR280C,0.0,NA,0.04440772905945778,466,2138,4522,200,0.6808626808626809,0.17895545314900155,0.6996996996996997,0.32102102102102104,0.678978978978979
4722,YNR030W YBL063W,0.0,NA,0.044459268450737,466,2137,4523,200,0.680999180999181,0.1790242028428736,0.6996996996996997,0.32087087087087085,0.6791291291291291
4723,YNL161W YOR337W,0.0,NA,0.044693317264318466,466,2136,4524,200,0.6811356811356811,0.17909300538047657,0.6996996996996997,0.3207207207207207,0.6792792792792792
4724,YJR029W YLR027C,0.0,NA,0.04480195790529251,466,2135,4525,200,0.6812721812721813,0.17916186082276048,0.6996996996996997,0.3205705705705706,0.6794294294294294
4725,YJR111C YFL027C,0.0,NA,0.04481201618909836,466,2134,4526,200,0.6814086814086814,0.17923076923076922,0.6996996996996997,0.3204204204204204,0.6795795795795796
4726,YDR373W YDR414C,0.0,NA,0.044845420867204666,466,2133,4527,200,0.6815451815451815,0.17929973066564064,0.6996996996996997,0.3202702702702703,0.6797297297297298
4727,YHR092C YNL177C,1.0,NA,0.04491428658366203,465,2133,4527,201,0.6814086814086814,0.1789838337182448,0.6981981981981982,0.3202702702702703,0.6797297297297298
4728,YIL108W YCL029C,0.0,NA,0.04492419585585594,465,2132,4528,201,0.6815451815451815,0.1790527531767424,0.6981981981981982,0.32012012012012014,0.6798798798798799
4729,YOR179C YDL048C,0.0,NA,0.04493521526455879,465,2131,4529,201,0.6816816816816816,0.17912172573189522,0.6981981981981982,0.31996996996996996,0.68003003003003
4730,YGR038C-B YMR176W,0.0,NA,0.04495929554104805,465,2130,4530,201,0.6818181818181818,0.1791907514450867,0.6981981981981982,0.31981981981981983,0.6801801801801802
4731,YKL096W YDR530C,0.0,NA,0.04496796801686287,465,2129,4531,201,0.681954681954682,0.17925983037779492,0.6981981981981982,0.31966966966966964,0.6803303303303303
4732,YAR050W YOR158W,0.0,NA,0.04507305845618248,465,2128,4532,201,0.6820911820911821,0.17932896259159276,0.6981981981981982,0.3195195195195195,0.6804804804804805
4733,YKL010C YDR194C,0.0,NA,0.04514382407069206,465,2127,4533,201,0.6822276822276823,0.17939814814814814,0.6981981981981982,0.3193693693693694,0.6806306306306307
4734,YOL032W YCR095C,0.0,NA,0.045233651995658875,465,2126,4534,201,0.6823641823641824,0.17946738710922425,0.6981981981981982,0.3192192192192192,0.6807807807807807
4735,YHR206W YMR229C,0.0,NA,0.0453360490500927,465,2125,4535,201,0.6825006825006825,0.17953667953667954,0.6981981981981982,0.31906906906906907,0.6809309309309309
4736,YKL003C YPL075W,0.0,NA,0.04552442207932472,465,2124,4536,201,0.6826371826371826,0.17960602549246812,0.6981981981981982,0.31891891891891894,0.6810810810810811
4737,YOL007C YLR090W,0.0,NA,0.04554608464241028,465,2123,4537,201,0.6827736827736828,0.17967542503863987,0.6981981981981982,0.31876876876876875,0.6812312312312312
4738,YGR062C YMR303C,0.0,NA,0.045685525983572006,465,2122,4538,201,0.6829101829101829,0.17974487823734056,0.6981981981981982,0.3186186186186186,0.6813813813813814
4739,YKR096W YGL004C,0.0,NA,0.045768897980451584,465,2121,4539,201,0.683046683046683,0.17981438515081208,0.6981981981981982,0.3184684684684685,0.6815315315315316
4740,YMR276W YMR315W,0.0,NA,0.04591665416955948,465,2120,4540,201,0.6831831831831832,0.17988394584139264,0.6981981981981982,0.3183183183183183,0.6816816816816816
4741,YPL129W YJR127C,0.0,NA,0.045929908752441406,465,2119,4541,201,0.6833196833196833,0.17995356037151702,0.6981981981981982,0.3181681681681682,0.6818318318318318
4742,YLR034C YHR081W,0.0,NA,0.045974407345056534,465,2118,4542,201,0.6834561834561834,0.1800232288037166,0.6981981981981982,0.31801801801801804,0.681981981981982
4743,YER064C YOR148C,0.0,NA,0.04603851959109306,465,2117,4543,201,0.6835926835926835,0.18009295120061966,0.6981981981981982,0.31786786786786786,0.6821321321321321
4744,YJR015W YOR116C,0.0,NA,0.046085964888334274,465,2116,4544,201,0.6837291837291837,0.18016272762495156,0.6981981981981982,0.31771771771771773,0.6822822822822823
4745,YLR359W YKL039W,0.0,NA,0.0461510568857193,465,2115,4545,201,0.6838656838656839,0.18023255813953487,0.6981981981981982,0.31756756756756754,0.6824324324324325
4746,YER151C YCR093W,0.0,NA,0.04618125408887863,465,2114,4546,201,0.684002184002184,0.18030244280728966,0.6981981981981982,0.3174174174174174,0.6825825825825825
4747,YPR100W YBR085W,1.0,NA,0.04620116949081421,464,2114,4546,202,0.6838656838656839,0.1799844840961986,0.6966966966966966,0.3174174174174174,0.6825825825825825
4748,YCL005W-A YMR025W,0.0,NA,0.046299900859594345,464,2113,4547,202,0.684002184002184,0.18005432673651534,0.6966966966966966,0.3172672672672673,0.6827327327327327
4749,YMR318C YKL178C,0.0,NA,0.046551868319511414,464,2112,4548,202,0.6841386841386842,0.18012422360248448,0.6966966966966966,0.3171171171171171,0.6828828828828829
4750,YDR077W YER078C,0.0,NA,0.046621646732091904,464,2111,4549,202,0.6842751842751843,0.18019417475728156,0.6966966966966966,0.31696696696696697,0.6830330330330331
4751,YPL190C YLR027C,0.0,NA,0.046649299561977386,464,2110,4550,202,0.6844116844116844,0.18026418026418026,0.6966966966966966,0.31681681681681684,0.6831831831831832
4752,YIL160C YOL069W,0.0,NA,0.046655695885419846,464,2109,4551,202,0.6845481845481846,0.18033424018655267,0.6966966966966966,0.31666666666666665,0.6833333333333333
4753,YPL113C YPL042C,0.0,NA,0.04677041992545128,464,2108,4552,202,0.6846846846846847,0.18040435458786935,0.6966966966966966,0.3165165165165165,0.6834834834834835
4754,YCL038C YKL087C,0.0,NA,0.046844370663166046,464,2107,4553,202,0.6848211848211848,0.18047452353169974,0.6966966966966966,0.3163663663663664,0.6836336336336336
4755,YNL100W YKR075C,0.0,NA,0.047036007046699524,464,2106,4554,202,0.6849576849576849,0.18054474708171206,0.6966966966966966,0.3162162162162162,0.6837837837837838
4756,YJR120W YPL262W,1.0,NA,0.047226227819919586,463,2106,4554,203,0.6848211848211848,0.1802257687816271,0.6951951951951952,0.3162162162162162,0.6837837837837838
4757,YBL040C YKR028W,0.0,NA,0.04723835736513138,463,2105,4555,203,0.6849576849576849,0.18029595015576325,0.6951951951951952,0.3160660660660661,0.683933933933934
4758,YGR251W YNL288W,0.0,NA,0.04732274264097214,463,2104,4556,203,0.6850941850941851,0.18036618620958317,0.6951951951951952,0.3159159159159159,0.684084084084084
4759,YGR103W YHR039C,0.0,NA,0.04741238057613373,463,2103,4557,203,0.6852306852306852,0.18043647700701482,0.6951951951951952,0.31576576576576576,0.6842342342342342
4760,YPR100W YGL040C,1.0,NA,0.04744499549269676,462,2103,4557,204,0.6850941850941851,0.18011695906432748,0.6936936936936937,0.31576576576576576,0.6842342342342342
4761,YJR029W YML081W,0.0,NA,0.047730300575494766,462,2102,4558,204,0.6852306852306852,0.18018720748829953,0.6936936936936937,0.31561561561561563,0.6843843843843844
4762,YOR367W YKL039W,0.0,NA,0.04778192192316055,462,2101,4559,204,0.6853671853671853,0.18025751072961374,0.6936936936936937,0.31546546546546544,0.6845345345345345
4763,YKR017C YNR070W,0.0,NA,0.04793422669172287,462,2100,4560,204,0.6855036855036855,0.18032786885245902,0.6936936936936937,0.3153153153153153,0.6846846846846847
4764,YPL243W YNL194C,0.0,NA,0.04803371801972389,462,2099,4561,204,0.6856401856401857,0.18039828192112456,0.6936936936936937,0.3151651651651652,0.6848348348348349
4765,YGL121C YBR003W,0.0,NA,0.04813182353973389,462,2098,4562,204,0.6857766857766858,0.18046875,0.6936936936936937,0.315015015015015,0.684984984984985
4766,YLL015W YKL088W,0.0,NA,0.048236265778541565,462,2097,4563,204,0.685913185913186,0.18053927315357562,0.6936936936936937,0.31486486486486487,0.6851351351351351
4767,YHR002W YPR157W,0.0,NA,0.04824936389923096,462,2096,4564,204,0.6860496860496861,0.18060985144644254,0.6936936936936937,0.31471471471471474,0.6852852852852853
4768,YMR149W YMR316C-A,0.0,NA,0.04847051948308945,462,2095,4565,204,0.6861861861861862,0.18068048494329292,0.6936936936936937,0.31456456456456455,0.6854354354354354
4769,YJR043C YGL004C,0.0,NA,0.04852727800607681,462,2094,4566,204,0.6863226863226863,0.1807511737089202,0.6936936936936937,0.3144144144144144,0.6855855855855856
4770,YHR202W YOL104C,0.0,NA,0.04879345744848251,462,2093,4567,204,0.6864591864591865,0.18082191780821918,0.6936936936936937,0.31426426426426424,0.6857357357357358
4771,YOR033C YDR400W,0.0,NA,0.048954207450151443,462,2092,4568,204,0.6865956865956866,0.18089271730618636,0.6936936936936937,0.3141141141141141,0.6858858858858858
4772,YER037W YLR436C,0.0,NA,0.04897790774703026,462,2091,4569,204,0.6867321867321867,0.1809635722679201,0.6936936936936937,0.313963963963964,0.686036036036036
4773,YGR262C YKL135C,0.0,NA,0.04930361732840538,462,2090,4570,204,0.6868686868686869,0.1810344827586207,0.6936936936936937,0.3138138138138138,0.6861861861861862
4774,YML003W YKR097W,0.0,NA,0.04931239038705826,462,2089,4571,204,0.687005187005187,0.18110544884359076,0.6936936936936937,0.31366366366366366,0.6863363363363363
4775,YPR022C YNL157W,0.0,NA,0.04943351447582245,462,2088,4572,204,0.6871416871416871,0.1811764705882353,0.6936936936936937,0.31351351351351353,0.6864864864864865
4776,YBR229C YLR283W,0.0,NA,0.04954727366566658,462,2087,4573,204,0.6872781872781872,0.18124754805806198,0.6936936936936937,0.31336336336336335,0.6866366366366367
4777,YJL018W YER072W,0.0,NA,0.049549002200365067,462,2086,4574,204,0.6874146874146874,0.1813186813186813,0.6936936936936937,0.3132132132132132,0.6867867867867868
4778,YJR027W YML064C,0.0,NA,0.04961130768060684,462,2085,4575,204,0.6875511875511876,0.18138987043580684,0.6936936936936937,0.3130630630630631,0.6869369369369369
4779,YGL167C YLR273C,0.0,NA,0.04975956678390503,462,2084,4576,204,0.6876876876876877,0.1814611154752553,0.6936936936936937,0.3129129129129129,0.6870870870870871
4780,YKR017C YGR188C,0.0,NA,0.04983000457286835,462,2083,4577,204,0.6878241878241879,0.18153241650294696,0.6936936936936937,0.31276276276276277,0.6872372372372373
4781,YLL035W YIL076W,0.0,NA,0.04984153434634209,462,2082,4578,204,0.687960687960688,0.18160377358490565,0.6936936936936937,0.31261261261261264,0.6873873873873874
4782,YML039W YDR363W-A,0.0,NA,0.049883484840393066,462,2081,4579,204,0.6880971880971881,0.18167518678725914,0.6936936936936937,0.31246246246246245,0.6875375375375375
4783,YJR027W YGR120C,0.0,NA,0.04996106028556824,462,2080,4580,204,0.6882336882336882,0.18174665617623917,0.6936936936936937,0.3123123123123123,0.6876876876876877
4784,YML081W YMR119W,0.0,NA,0.05000496283173561,462,2079,4581,204,0.6883701883701884,0.18181818181818182,0.6936936936936937,0.31216216216216214,0.6878378378378378
4785,YHL044W YLR418C,0.0,NA,0.0501505546271801,462,2078,4582,204,0.6885066885066885,0.18188976377952756,0.6936936936936937,0.312012012012012,0.687987987987988
4786,YGR194C YCR087C-A,0.0,NA,0.05020526796579361,462,2077,4583,204,0.6886431886431886,0.18196140212682158,0.6936936936936937,0.3118618618618619,0.6881381381381382
4787,YHR070W YMR208W,0.0,NA,0.050209902226924896,462,2076,4584,204,0.6887796887796888,0.18203309692671396,0.6936936936936937,0.3117117117117117,0.6882882882882883
4788,YIR010W YER064C,0.0,NA,0.05046505853533745,462,2075,4585,204,0.6889161889161889,0.1821048482459598,0.6936936936936937,0.31156156156156156,0.6884384384384384
4789,YHR001W YOR019W,0.0,NA,0.050586845725774765,462,2074,4586,204,0.689052689052689,0.18217665615141956,0.6936936936936937,0.31141141141141143,0.6885885885885886
4790,YFR051C YJL104W,0.0,NA,0.05058734863996506,462,2073,4587,204,0.6891891891891891,0.18224852071005918,0.6936936936936937,0.31126126126126125,0.6887387387387387
4791,YKR096W YBR018C,0.0,NA,0.05069912225008011,462,2072,4588,204,0.6893256893256893,0.18232044198895028,0.6936936936936937,0.3111111111111111,0.6888888888888889
4792,YNL185C YPL111W,1.0,NA,0.05080428719520569,461,2072,4588,205,0.6891891891891891,0.181997631267272,0.6921921921921922,0.3111111111111111,0.6888888888888889
4793,YDR120C YJL082W,0.0,NA,0.05083836615085602,461,2071,4589,205,0.6893256893256893,0.1820695102685624,0.6921921921921922,0.310960960960961,0.6890390390390391
4794,YDR134C YOR393W,0.0,NA,0.05094243213534355,461,2070,4590,205,0.6894621894621895,0.18214144606874752,0.6921921921921922,0.3108108108108108,0.6891891891891891
4795,YPL190C YJR061W,0.0,NA,0.05095041170716286,461,2069,4591,205,0.6895986895986896,0.18221343873517787,0.6921921921921922,0.31066066066066067,0.6893393393393393
4796,YLR376C YHR081W,0.0,NA,0.05114458128809929,461,2068,4592,205,0.6897351897351898,0.18228548833531039,0.6921921921921922,0.3105105105105105,0.6894894894894895
4797,YIL051C YBR302C,0.0,NA,0.051173511892557144,461,2067,4593,205,0.6898716898716899,0.18235759493670886,0.6921921921921922,0.31036036036036035,0.6896396396396396
4798,YLL016W YDL058W,0.0,NA,0.051258333027362823,461,2066,4594,205,0.69000819000819,0.1824297586070439,0.6921921921921922,0.3102102102102102,0.6897897897897898
4799,YNL297C YEL004W,0.0,NA,0.05148198455572128,461,2065,4595,205,0.6901446901446902,0.18250197941409343,0.6921921921921922,0.31006006006006004,0.68993993993994
4800,YBR096W YHR082C,0.0,NA,0.05160696804523468,461,2064,4596,205,0.6902811902811903,0.18257425742574257,0.6921921921921922,0.3099099099099099,0.69009009009009
4801,YBR044C YMR204C,0.0,NA,0.05169126018881798,461,2063,4597,205,0.6904176904176904,0.18264659270998415,0.6921921921921922,0.3097597597597598,0.6902402402402402
4802,YBR017C YCL005W-A,0.0,NA,0.051777977496385574,461,2062,4598,205,0.6905541905541905,0.18271898533491876,0.6921921921921922,0.3096096096096096,0.6903903903903904
4803,YKR017C YML104C,0.0,NA,0.05179600790143013,461,2061,4599,205,0.6906906906906907,0.18279143536875495,0.6921921921921922,0.30945945945945946,0.6905405405405406
4804,YLR134W YOR152C,0.0,NA,0.0518435575067997,461,2060,4600,205,0.6908271908271908,0.1828639428798096,0.6921921921921922,0.30930930930930933,0.6906906906906907
4805,YPL113C YBR003W,0.0,NA,0.051864784210920334,461,2059,4601,205,0.6909636909636909,0.18293650793650792,0.6921921921921922,0.30915915915915915,0.6908408408408409
4806,YHL011C YNL302C,0.0,NA,0.05211557447910309,461,2058,4602,205,0.691100191100191,0.18300913060738389,0.6921921921921922,0.309009009009009,0.690990990990991
4807,YPR143W YFR039C,0.0,NA,0.05214328318834305,461,2057,4603,205,0.6912366912366913,0.18308181096108023,0.6921921921921922,0.30885885885885883,0.6911411411411411
4808,YPR145W YKR026C,0.0,NA,0.05227071791887283,461,2056,4604,205,0.6913731913731914,0.18315454906634882,0.6921921921921922,0.3087087087087087,0.6912912912912913
4809,YBR204C YDL092W,0.0,NA,0.052282243967056274,461,2055,4605,205,0.6915096915096915,0.18322734499205087,0.6921921921921922,0.30855855855855857,0.6914414414414415
4810,YOR291W YCR042C,0.0,NA,0.05237370729446411,461,2054,4606,205,0.6916461916461917,0.18330019880715706,0.6921921921921922,0.3084084084084084,0.6915915915915916
4811,YBL061C YPR071W,0.0,NA,0.052433449774980545,461,2053,4607,205,0.6917826917826918,0.18337311058074782,0.6921921921921922,0.30825825825825826,0.6917417417417417
4812,YDR279W YCL020W,0.0,NA,0.052438873797655106,461,2052,4608,205,0.6919191919191919,0.18344608038201354,0.6921921921921922,0.3081081081081081,0.6918918918918919
4813,YCL020W YJR152W,0.0,NA,0.0524417906999588,461,2051,4609,205,0.6920556920556921,0.18351910828025478,0.6921921921921922,0.30795795795795794,0.692042042042042
4814,YDR134C YER157W,0.0,NA,0.05254576727747917,461,2050,4610,205,0.6921921921921922,0.18359219434488253,0.6921921921921922,0.3078078078078078,0.6921921921921922
4815,YML102W YCL020W,0.0,NA,0.05258990451693535,461,2049,4611,205,0.6923286923286923,0.1836653386454183,0.6921921921921922,0.3076576576576577,0.6923423423423424
4816,YJR027W YHR057C,0.0,NA,0.05279412865638733,461,2048,4612,205,0.6924651924651924,0.1837385412514946,0.6921921921921922,0.3075075075075075,0.6924924924924925
4817,YKR100C YGL031C,0.0,NA,0.05283519625663757,461,2047,4613,205,0.6926016926016926,0.18381180223285487,0.6921921921921922,0.30735735735735736,0.6926426426426426
4818,YEL077C YCR076C,0.0,NA,0.0528571754693985,461,2046,4614,205,0.6927381927381927,0.1838851216593538,0.6921921921921922,0.30720720720720723,0.6927927927927928
4819,YLR085C YML006C,0.0,NA,0.05296757444739342,461,2045,4615,205,0.6928746928746928,0.1839584996009577,0.6921921921921922,0.30705705705705705,0.6929429429429429
4820,YMR111C YGR284C,0.0,NA,0.05299457535147667,461,2044,4616,205,0.693011193011193,0.18403193612774452,0.6921921921921922,0.3069069069069069,0.6930930930930931
4821,YKR017C YMR266W,0.0,NA,0.05300299823284149,461,2043,4617,205,0.6931476931476932,0.18410543130990414,0.6921921921921922,0.30675675675675673,0.6932432432432433
4822,YLL016W YJL008C,0.0,NA,0.05301501229405403,461,2042,4618,205,0.6932841932841933,0.1841789852177387,0.6921921921921922,0.3066066066066066,0.6933933933933933
4823,YGR266W YHR084W,0.0,NA,0.053089339286088943,461,2041,4619,205,0.6934206934206935,0.18425259792166268,0.6921921921921922,0.30645645645645647,0.6935435435435435
4824,YDR221W YMR325W,0.0,NA,0.053141459822654724,461,2040,4620,205,0.6935571935571936,0.18432626949220313,0.6921921921921922,0.3063063063063063,0.6936936936936937
4825,YJL164C YOR152C,0.0,NA,0.05323362350463867,461,2039,4621,205,0.6936936936936937,0.1844,0.6921921921921922,0.30615615615615616,0.6938438438438439
4826,YGR041W YOL073C,0.0,NA,0.05327083542943001,461,2038,4622,205,0.6938301938301938,0.1844737895158063,0.6921921921921922,0.306006006006006,0.693993993993994
4827,YLR241W YKL178C,0.0,NA,0.05338026583194733,461,2037,4623,205,0.693966693966694,0.18454763811048838,0.6921921921921922,0.30585585585585584,0.6941441441441442
4828,YLR096W YGL099W,0.0,NA,0.05342119559645653,461,2036,4624,205,0.6941031941031941,0.18462154585502602,0.6921921921921922,0.3057057057057057,0.6942942942942943
4829,YPL214C YIR023W,0.0,NA,0.053477995097637177,461,2035,4625,205,0.6942396942396942,0.18469551282051283,0.6921921921921922,0.3055555555555556,0.6944444444444444
4830,YLR086W YCR096C,0.0,NA,0.053485721349716187,461,2034,4626,205,0.6943761943761944,0.18476953907815633,0.6921921921921922,0.3054054054054054,0.6945945945945946
4831,YJR025C YMR183C,0.0,NA,0.05348949506878853,461,2033,4627,205,0.6945126945126945,0.18484362469927826,0.6921921921921922,0.30525525525525526,0.6947447447447448
4832,YMR061W YOR311C,0.0,NA,0.05354214087128639,461,2032,4628,205,0.6946491946491946,0.18491776975531488,0.6921921921921922,0.3051051051051051,0.6948948948948949
4833,YLR072W YHR058C,0.0,NA,0.053758490830659866,461,2031,4629,205,0.6947856947856947,0.18499197431781703,0.6921921921921922,0.30495495495495495,0.695045045045045
4834,YNL116W YHL022C,0.0,NA,0.053767696022987366,461,2030,4630,205,0.6949221949221949,0.1850662384584504,0.6921921921921922,0.3048048048048048,0.6951951951951952
4835,YDR460W YNL092W,0.0,NA,0.05378153920173645,461,2029,4631,205,0.6950586950586951,0.18514056224899597,0.6921921921921922,0.30465465465465463,0.6953453453453453
4836,YFL011W-A YDR440W,0.0,NA,0.05378449708223343,461,2028,4632,205,0.6951951951951952,0.18521494576134995,0.6921921921921922,0.3045045045045045,0.6954954954954955
4837,YHR104W YKL039W,0.0,NA,0.05397413298487663,461,2027,4633,205,0.6953316953316954,0.18528938906752412,0.6921921921921922,0.3043543543543544,0.6956456456456457
4838,YPL216W YFR052W,0.0,NA,0.054008111357688904,461,2026,4634,205,0.6954681954681955,0.18536389223964617,0.6921921921921922,0.3042042042042042,0.6957957957957958
4839,YMR202W YIR032C,0.0,NA,0.05407080054283142,461,2025,4635,205,0.6956046956046956,0.18543845534995979,0.6921921921921922,0.30405405405405406,0.6959459459459459
4840,YOR148C YOR124C,0.0,NA,0.05410909280180931,461,2024,4636,205,0.6957411957411958,0.18551307847082496,0.6921921921921922,0.3039039039039039,0.6960960960960961
4841,YDL130W-A YOR173W,0.0,NA,0.05438624694943428,461,2023,4637,205,0.6958776958776959,0.1855877616747182,0.6921921921921922,0.30375375375375374,0.6962462462462462
4842,YDR273W YEL065W,0.0,NA,0.05441749840974808,461,2022,4638,205,0.696014196014196,0.1856625050342328,0.6921921921921922,0.3036036036036036,0.6963963963963964
4843,YPR118W YBL107C,0.0,NA,0.054476168006658554,461,2021,4639,205,0.6961506961506961,0.18573730862207896,0.6921921921921922,0.3034534534534535,0.6965465465465466
4844,YPL279C YBR195C,0.0,NA,0.05460650101304054,461,2020,4640,205,0.6962871962871963,0.18581217251108423,0.6921921921921922,0.3033033033033033,0.6966966966966966
4845,YER044C YIL030C,0.0,NA,0.05486970767378807,461,2019,4641,205,0.6964236964236964,0.18588709677419354,0.6921921921921922,0.30315315315315317,0.6968468468468468
4846,YOL007C YDR248C,0.0,NA,0.054884593933820724,461,2018,4642,205,0.6965601965601965,0.18596208148446955,0.6921921921921922,0.303003003003003,0.696996996996997
4847,YDR100W YER064C,0.0,NA,0.05490628257393837,461,2017,4643,205,0.6966966966966966,0.18603712671509282,0.6921921921921922,0.30285285285285285,0.6971471471471471
4848,YHL044W YKL088W,0.0,NA,0.05491403490304947,461,2016,4644,205,0.6968331968331969,0.18611223253936213,0.6921921921921922,0.3027027027027027,0.6972972972972973
4849,YCL030C YGR053C,0.0,NA,0.05491912364959717,461,2015,4645,205,0.696969696969697,0.18618739903069467,0.6921921921921922,0.30255255255255253,0.6974474474474475
4850,YNR013C YDR351W,0.0,NA,0.05517515540122986,461,2014,4646,205,0.6971061971061971,0.18626262626262627,0.6921921921921922,0.3024024024024024,0.6975975975975977
4851,YLR139C YIL111W,1.0,NA,0.055179793387651443,460,2014,4646,206,0.696969696969697,0.18593371059013744,0.6906906906906907,0.3024024024024024,0.6975975975975977
4852,YHR018C YML039W,0.0,NA,0.05522749200463295,460,2013,4647,206,0.6971061971061971,0.18600889607763849,0.6906906906906907,0.3022522522522523,0.6977477477477477
4853,YLR246W YCL055W,0.0,NA,0.055324528366327286,460,2012,4648,206,0.6972426972426973,0.18608414239482202,0.6906906906906907,0.3021021021021021,0.6978978978978979
4854,YCR093W YJL138C,0.0,NA,0.055355850607156754,460,2011,4649,206,0.6973791973791974,0.18615944961554026,0.6906906906906907,0.30195195195195196,0.6980480480480481
4855,YGR266W YOL124C,0.0,NA,0.0553923062980175,460,2010,4650,206,0.6975156975156975,0.1862348178137652,0.6906906906906907,0.30180180180180183,0.6981981981981982
4856,YFR003C YOL080C,0.0,NA,0.05543320253491402,460,2009,4651,206,0.6976521976521977,0.1863102470635885,0.6906906906906907,0.30165165165165164,0.6983483483483484
4857,YBR018C YAL027W,0.0,NA,0.055486757308244705,460,2008,4652,206,0.6977886977886978,0.18638573743922204,0.6906906906906907,0.3015015015015015,0.6984984984984985
4858,YHR074W YMR027W,0.0,NA,0.05555656924843788,460,2007,4653,206,0.6979251979251979,0.18646128901499798,0.6906906906906907,0.3013513513513513,0.6986486486486486
4859,YDR255C YMR316C-A,0.0,NA,0.05557575076818466,460,2006,4654,206,0.698061698061698,0.18653690186536903,0.6906906906906907,0.3012012012012012,0.6987987987987988
4860,YHR001W YGR072W,0.0,NA,0.055652376264333725,460,2005,4655,206,0.6981981981981982,0.18661257606490872,0.6906906906906907,0.30105105105105107,0.698948948948949
4861,YOR215C YER071C,0.0,NA,0.05566032603383064,460,2004,4656,206,0.6983346983346983,0.18668831168831168,0.6906906906906907,0.3009009009009009,0.6990990990990991
4862,YNL194C YDL099W,0.0,NA,0.055676598101854324,460,2003,4657,206,0.6984711984711984,0.18676410881039382,0.6906906906906907,0.30075075075075075,0.6992492492492492
4863,YJR029W YER078C,0.0,NA,0.05579841509461403,460,2002,4658,206,0.6986076986076986,0.1868399675060926,0.6906906906906907,0.3006006006006006,0.6993993993993994
4864,YOL112W YDR352W,0.0,NA,0.055895041674375534,460,2001,4659,206,0.6987441987441988,0.18691588785046728,0.6906906906906907,0.30045045045045043,0.6995495495495495
4865,YDL236W YDL126C,0.0,NA,0.056080084294080734,460,2000,4660,206,0.6988806988806989,0.18699186991869918,0.6906906906906907,0.3003003003003003,0.6996996996996997
4866,YHR140W YPL266W,0.0,NA,0.056095659732818604,460,1999,4661,206,0.699017199017199,0.18706791378609192,0.6906906906906907,0.3001501501501502,0.6998498498498499
4867,YHR058C YJL173C,0.0,NA,0.05610296130180359,460,1998,4662,206,0.6991536991536992,0.1871440195280716,0.6906906906906907,0.3,0.7
4868,YKR030W YGL111W,0.0,NA,0.056143201887607574,460,1997,4663,206,0.6992901992901993,0.1872201872201872,0.6906906906906907,0.29984984984984986,0.7001501501501501
4869,YBR301W YGL079W,0.0,NA,0.056190554052591324,460,1996,4664,206,0.6994266994266994,0.18729641693811075,0.6906906906906907,0.2996996996996997,0.7003003003003003
4870,YKL155C YKR061W,0.0,NA,0.05639654025435448,460,1995,4665,206,0.6995631995631996,0.18737270875763748,0.6906906906906907,0.29954954954954954,0.7004504504504504
4871,YGL030W YML096W,0.0,NA,0.05659328028559685,460,1994,4666,206,0.6996996996996997,0.18744906275468623,0.6906906906906907,0.2993993993993994,0.7006006006006006
4872,YML011C YML102W,0.0,NA,0.056653521955013275,460,1993,4667,206,0.6998361998361998,0.18752547900529964,0.6906906906906907,0.2992492492492492,0.7007507507507508
4873,YJR027W YML006C,0.0,NA,0.0566755086183548,460,1992,4668,206,0.6999726999727,0.18760195758564438,0.6906906906906907,0.2990990990990991,0.7009009009009008
4874,YGR220C YKR075C,0.0,NA,0.056678589433431625,460,1991,4669,206,0.7001092001092001,0.18767849857201144,0.6906906906906907,0.29894894894894897,0.701051051051051
4875,YGL090W YER136W,0.0,NA,0.056684862822294235,460,1990,4670,206,0.7002457002457002,0.18775510204081633,0.6906906906906907,0.2987987987987988,0.7012012012012012
4876,YFL003C YMR027W,0.0,NA,0.05698055028915405,460,1989,4671,206,0.7003822003822003,0.18783176806859944,0.6906906906906907,0.29864864864864865,0.7013513513513514
4877,YLR321C YDL192W,0.0,NA,0.05727255344390869,460,1988,4672,206,0.7005187005187005,0.18790849673202614,0.6906906906906907,0.2984984984984985,0.7015015015015015
4878,YKL207W YPR176C,0.0,NA,0.057280611246824265,460,1987,4673,206,0.7006552006552007,0.1879852881078872,0.6906906906906907,0.29834834834834834,0.7016516516516517
4879,YPL279C YDR295C,0.0,NA,0.05737665295600891,460,1986,4674,206,0.7007917007917008,0.18806214227309895,0.6906906906906907,0.2981981981981982,0.7018018018018019
4880,YKL088W YDR085C,0.0,NA,0.05739272013306618,460,1985,4675,206,0.700928200928201,0.18813905930470348,0.6906906906906907,0.2980480480480481,0.7019519519519519
4881,YPL057C YMR045C,0.0,NA,0.057422935962677,460,1984,4676,206,0.7010647010647011,0.18821603927986907,0.6906906906906907,0.2978978978978979,0.7021021021021021
4882,YPR070W YPR098C,0.0,NA,0.057469528168439865,460,1983,4677,206,0.7012012012012012,0.1882930822758903,0.6906906906906907,0.29774774774774776,0.7022522522522523
4883,YMR244C-A YKR097W,0.0,NA,0.05752354487776756,460,1982,4678,206,0.7013377013377013,0.18837018837018837,0.6906906906906907,0.2975975975975976,0.7024024024024024
4884,YPL117C YLR093C,0.0,NA,0.057530924677848816,460,1981,4679,206,0.7014742014742015,0.18844735764031134,0.6906906906906907,0.29744744744744744,0.7025525525525526
4885,YNL320W YPR157W,0.0,NA,0.05754169449210167,460,1980,4680,206,0.7016107016107016,0.1885245901639344,0.6906906906906907,0.2972972972972973,0.7027027027027027
4886,YBR012W-B YPL030W,0.0,NA,0.05776229128241539,460,1979,4681,206,0.7017472017472017,0.1886018860188602,0.6906906906906907,0.29714714714714713,0.7028528528528528
4887,YPR015C YPL232W,0.0,NA,0.057776372879743576,460,1978,4682,206,0.7018837018837019,0.18867924528301888,0.6906906906906907,0.296996996996997,0.703003003003003
4888,YKR096W YER159C,0.0,NA,0.057799194008111954,460,1977,4683,206,0.702020202020202,0.1887566680344686,0.6906906906906907,0.29684684684684687,0.7031531531531532
4889,YGR127W YIR027C,0.0,NA,0.057816702872514725,460,1976,4684,206,0.7021567021567021,0.18883415435139572,0.6906906906906907,0.2966966966966967,0.7033033033033033
4890,YIL067C YDR064W,0.0,NA,0.05789564922451973,460,1975,4685,206,0.7022932022932022,0.188911704312115,0.6906906906906907,0.29654654654654655,0.7034534534534534
4891,YDR201W YMR047C,0.0,NA,0.05818934738636017,460,1974,4686,206,0.7024297024297025,0.18898931799506985,0.6906906906906907,0.2963963963963964,0.7036036036036036
4892,YMR257C YIL166C,0.0,NA,0.05833682790398598,460,1973,4687,206,0.7025662025662026,0.1890669954788327,0.6906906906906907,0.29624624624624624,0.7037537537537537
4893,YIL155C YPR176C,0.0,NA,0.0583641417324543,460,1972,4688,206,0.7027027027027027,0.18914473684210525,0.6906906906906907,0.2960960960960961,0.7039039039039039
4894,YER123W YBR208C,0.0,NA,0.058411289006471634,460,1971,4689,206,0.7028392028392029,0.18922254216371864,0.6906906906906907,0.2959459459459459,0.7040540540540541
4895,YDR279W YPR106W,0.0,NA,0.058594711124897,460,1970,4690,206,0.702975702975703,0.18930041152263374,0.6906906906906907,0.2957957957957958,0.7042042042042042
4896,YGR132C YBR247C,0.0,NA,0.05896345525979996,460,1969,4691,206,0.7031122031122031,0.18937834499794154,0.6906906906906907,0.29564564564564566,0.7043543543543543
4897,YDL113C YHR002W,0.0,NA,0.05936870351433754,460,1968,4692,206,0.7032487032487033,0.18945634266886327,0.6906906906906907,0.2954954954954955,0.7045045045045045
4898,YHR188C YPL189C-A,0.0,NA,0.0596032552421093,460,1967,4693,206,0.7033852033852034,0.1895344046147507,0.6906906906906907,0.29534534534534534,0.7046546546546546
4899,YJR111C YOR069W,0.0,NA,0.05970115214586258,460,1966,4694,206,0.7035217035217035,0.18961253091508656,0.6906906906906907,0.2951951951951952,0.7048048048048048
4900,YPL111W YPL215W,1.0,NA,0.059854958206415176,459,1966,4694,207,0.7033852033852034,0.1892783505154639,0.6891891891891891,0.2951951951951952,0.7048048048048048
4901,YDR167W YNL290W,0.0,NA,0.06006975844502449,459,1965,4695,207,0.7035217035217035,0.18935643564356436,0.6891891891891891,0.29504504504504503,0.704954954954955
4902,YOR344C YFL020C,0.0,NA,0.0600908100605011,459,1964,4696,207,0.7036582036582036,0.1894345852249278,0.6891891891891891,0.2948948948948949,0.7051051051051052
4903,YGR068C YJR073C,0.0,NA,0.06015612557530403,459,1963,4697,207,0.7037947037947038,0.18951279933938894,0.6891891891891891,0.29474474474474477,0.7052552552552552
4904,YLR020C YBR137W,0.0,NA,0.06017150729894638,459,1962,4698,207,0.7039312039312039,0.1895910780669145,0.6891891891891891,0.2945945945945946,0.7054054054054054
4905,YMR079W YDR438W,0.0,NA,0.06025402620434761,459,1961,4699,207,0.704067704067704,0.1896694214876033,0.6891891891891891,0.29444444444444445,0.7055555555555556
4906,YNL045W YOL158C,0.0,NA,0.06029067933559418,459,1960,4700,207,0.7042042042042042,0.18974782968168666,0.6891891891891891,0.29429429429429427,0.7057057057057057
4907,YDR146C YLR460C,0.0,NA,0.060400646179914474,459,1959,4701,207,0.7043407043407044,0.18982630272952852,0.6891891891891891,0.29414414414414414,0.7058558558558559
4908,YOR373W YDR218C,0.0,NA,0.060468290001153946,459,1958,4702,207,0.7044772044772045,0.18990484071162597,0.6891891891891891,0.293993993993994,0.706006006006006
4909,YER136W YBL068W,0.0,NA,0.06052710860967636,459,1957,4703,207,0.7046137046137047,0.18998344370860928,0.6891891891891891,0.2938438438438438,0.7061561561561561
4910,YHR039C-A YGL197W,0.0,NA,0.060568295419216156,459,1956,4704,207,0.7047502047502048,0.19006211180124225,0.6891891891891891,0.2936936936936937,0.7063063063063063
4911,YOR067C YBL051C,0.0,NA,0.060666877776384354,459,1955,4705,207,0.7048867048867049,0.19014084507042253,0.6891891891891891,0.29354354354354356,0.7064564564564565
4912,YCR005C YJR120W,1.0,NA,0.06067963317036629,458,1955,4705,208,0.7047502047502048,0.1898052217157066,0.6876876876876877,0.29354354354354356,0.7064564564564565
4913,YMR027W YKL156W,0.0,NA,0.06071833521127701,458,1954,4706,208,0.7048867048867049,0.18988391376451078,0.6876876876876877,0.2933933933933934,0.7066066066066066
4914,YNR039C YDR141C,0.0,NA,0.06072114780545235,458,1953,4707,208,0.705023205023205,0.18996267109083367,0.6876876876876877,0.29324324324324325,0.7067567567567568
4915,YNL244C YBL107C,0.0,NA,0.06090012937784195,458,1952,4708,208,0.7051597051597052,0.1900414937759336,0.6876876876876877,0.2930930930930931,0.7069069069069069
4916,YDL085W YMR262W,0.0,NA,0.061101894825696945,458,1951,4709,208,0.7052962052962053,0.1901203819012038,0.6876876876876877,0.29294294294294293,0.707057057057057
4917,YPL257W-A YLL019C,0.0,NA,0.06112105771899223,458,1950,4710,208,0.7054327054327054,0.19019933554817275,0.6876876876876877,0.2927927927927928,0.7072072072072072
4918,YHR091C YOR007C,0.0,NA,0.061291079968214035,458,1949,4711,208,0.7055692055692055,0.19027835479850436,0.6876876876876877,0.29264264264264267,0.7073573573573574
4919,YKR082W YNL045W,0.0,NA,0.061353329569101334,458,1948,4712,208,0.7057057057057057,0.19035743973399832,0.6876876876876877,0.2924924924924925,0.7075075075075075
4920,YJR075W YOR021C,0.0,NA,0.0615665428340435,458,1947,4713,208,0.7058422058422058,0.19043659043659045,0.6876876876876877,0.29234234234234235,0.7076576576576576
4921,YBR096W YMR025W,0.0,NA,0.061711084097623825,458,1946,4714,208,0.7059787059787059,0.19051580698835274,0.6876876876876877,0.29219219219219217,0.7078078078078078
4922,YNL320W YML015C,0.0,NA,0.06173621490597725,458,1945,4715,208,0.7061152061152061,0.19059508947149398,0.6876876876876877,0.29204204204204204,0.7079579579579579
4923,YJR111C YNL059C,0.0,NA,0.06178458034992218,458,1944,4716,208,0.7062517062517063,0.1906744379683597,0.6876876876876877,0.2918918918918919,0.7081081081081081
4924,YLR309C YPR157W,0.0,NA,0.061812128871679306,458,1943,4717,208,0.7063882063882064,0.19075385256143274,0.6876876876876877,0.2917417417417417,0.7082582582582583
4925,YOR373W YMR025W,0.0,NA,0.06183551624417305,458,1942,4718,208,0.7065247065247066,0.19083333333333333,0.6876876876876877,0.2915915915915916,0.7084084084084085
4926,YAR010C YOR038C,0.0,NA,0.061906762421131134,458,1941,4719,208,0.7066612066612067,0.1909128803668195,0.6876876876876877,0.29144144144144146,0.7085585585585585
4927,YGR109W-A YOL112W,0.0,NA,0.06208915263414383,458,1940,4720,208,0.7067977067977068,0.19099249374478733,0.6876876876876877,0.2912912912912913,0.7087087087087087
4928,YJR027W YJL145W,0.0,NA,0.06224718689918518,458,1939,4721,208,0.7069342069342069,0.19107217355027117,0.6876876876876877,0.29114114114114115,0.7088588588588589
4929,YDR261C-D YOR291W,0.0,NA,0.06226352974772453,458,1938,4722,208,0.7070707070707071,0.1911519198664441,0.6876876876876877,0.290990990990991,0.709009009009009
4930,YGR221C YGR027W-B,0.0,NA,0.06247337535023689,458,1937,4723,208,0.7072072072072072,0.19123173277661795,0.6876876876876877,0.29084084084084083,0.7091591591591592
4931,YLR054C YFR048W,0.0,NA,0.06250228732824326,458,1936,4724,208,0.7073437073437073,0.19131161236424393,0.6876876876876877,0.2906906906906907,0.7093093093093094
4932,YBR119W YER083C,0.0,NA,0.06258600950241089,458,1935,4725,208,0.7074802074802075,0.19139155871291266,0.6876876876876877,0.2905405405405405,0.7094594594594594
4933,YKL059C YGL091C,0.0,NA,0.06264498084783554,458,1934,4726,208,0.7076167076167076,0.19147157190635453,0.6876876876876877,0.2903903903903904,0.7096096096096096
4934,YJR027W YOR113W,0.0,NA,0.062826007604599,458,1933,4727,208,0.7077532077532077,0.19155165202844,0.6876876876876877,0.29024024024024025,0.7097597597597598
4935,YGL211W YKR004C,0.0,NA,0.06294717639684677,458,1932,4728,208,0.7078897078897078,0.1916317991631799,0.6876876876876877,0.29009009009009007,0.7099099099099099
4936,YBR204C YBR278W,0.0,NA,0.06294959038496017,458,1931,4729,208,0.7080262080262081,0.19171201339472582,0.6876876876876877,0.28993993993993994,0.7100600600600601
4937,YJR064W YNL151C,0.0,NA,0.06302624195814133,458,1930,4730,208,0.7081627081627082,0.19179229480737017,0.6876876876876877,0.2897897897897898,0.7102102102102102
4938,YHR089C YCL003W,0.0,NA,0.06306347995996475,458,1929,4731,208,0.7082992082992083,0.19187264348554672,0.6876876876876877,0.2896396396396396,0.7103603603603603
4939,YCL001W-A YBR072W,0.0,NA,0.06306999921798706,458,1928,4732,208,0.7084357084357085,0.19195305951383068,0.6876876876876877,0.2894894894894895,0.7105105105105105
4940,YCR076C YBL068W,0.0,NA,0.06318129599094391,458,1927,4733,208,0.7085722085722086,0.1920335429769392,0.6876876876876877,0.28933933933933936,0.7106606606606607
4941,YPL155C YLR466W,0.0,NA,0.06324683874845505,458,1926,4734,208,0.7087087087087087,0.19211409395973153,0.6876876876876877,0.2891891891891892,0.7108108108108108
4942,YHR005C-A YOR173W,0.0,NA,0.06325891613960266,458,1925,4735,208,0.7088452088452089,0.1921947125472094,0.6876876876876877,0.28903903903903905,0.710960960960961
4943,YAL046C YFR048W,0.0,NA,0.06337165087461472,458,1924,4736,208,0.708981708981709,0.19227539882451722,0.6876876876876877,0.28888888888888886,0.7111111111111111
4944,YCL003W YEL004W,0.0,NA,0.06339555233716965,458,1923,4737,208,0.7091182091182091,0.19235615287694247,0.6876876876876877,0.28873873873873873,0.7112612612612612
4945,YML081C-A YPL111W,1.0,NA,0.06347065418958664,457,1923,4737,209,0.708981708981709,0.1920168067226891,0.6861861861861862,0.28873873873873873,0.7112612612612612
4946,YLR170C YMR045C,0.0,NA,0.06355076283216476,457,1922,4738,209,0.7091182091182091,0.19209751996637242,0.6861861861861862,0.2885885885885886,0.7114114114114114
4947,YMR262W YHR188C,0.0,NA,0.06363464891910553,457,1921,4739,209,0.7092547092547092,0.19217830109335576,0.6861861861861862,0.2884384384384384,0.7115615615615616
4948,YJL024C YIR005W,0.0,NA,0.06372078508138657,457,1920,4740,209,0.7093912093912094,0.19225915018931425,0.6861861861861862,0.2882882882882883,0.7117117117117117
4949,YDR119W YDR367W,0.0,NA,0.0637640506029129,457,1919,4741,209,0.7095277095277095,0.19234006734006734,0.6861861861861862,0.28813813813813816,0.7118618618618618
4950,YGR044C YPL279C,0.0,NA,0.0638141855597496,457,1918,4742,209,0.7096642096642096,0.19242105263157894,0.6861861861861862,0.28798798798798797,0.712012012012012
4951,YHR074W YOR173W,0.0,NA,0.06382140517234802,457,1917,4743,209,0.7098007098007098,0.19250210614995789,0.6861861861861862,0.28783783783783784,0.7121621621621622
4952,YCR092C YHR029C,0.0,NA,0.06383293122053146,457,1916,4744,209,0.70993720993721,0.19258322798145808,0.6861861861861862,0.2876876876876877,0.7123123123123123
4953,YDR248C YCR096C,0.0,NA,0.06385986506938934,457,1915,4745,209,0.7100737100737101,0.19266441821247893,0.6861861861861862,0.2875375375375375,0.7124624624624625
4954,YDR374C YLR371W,0.0,NA,0.0638921856880188,457,1914,4746,209,0.7102102102102102,0.1927456769295656,0.6861861861861862,0.2873873873873874,0.7126126126126127
4955,YKL141W YDL120W,1.0,NA,0.06415748596191406,456,1914,4746,210,0.7100737100737101,0.19240506329113924,0.6846846846846847,0.2873873873873874,0.7126126126126127
4956,YOR311C YPR098C,0.0,NA,0.06417708843946457,456,1913,4747,210,0.7102102102102102,0.19248628113127902,0.6846846846846847,0.28723723723723726,0.7127627627627627
4957,YJL019W YCL020W,0.0,NA,0.0642174780368805,456,1912,4748,210,0.7103467103467104,0.19256756756756757,0.6846846846846847,0.2870870870870871,0.7129129129129129
4958,YDR461W YBR195C,0.0,NA,0.06438317149877548,456,1911,4749,210,0.7104832104832105,0.1926489226869455,0.6846846846846847,0.28693693693693695,0.7130630630630631
4959,YER113C YCL020W,0.0,NA,0.06451454013586044,456,1910,4750,210,0.7106197106197106,0.19273034657650043,0.6846846846846847,0.28678678678678676,0.7132132132132132
4960,YNL239W YIR028W,0.0,NA,0.0645935907959938,456,1909,4751,210,0.7107562107562108,0.19281183932346724,0.6846846846846847,0.28663663663663663,0.7133633633633634
4961,YDL085W YNL339C,0.0,NA,0.06486082077026367,456,1908,4752,210,0.7108927108927109,0.19289340101522842,0.6846846846846847,0.2864864864864865,0.7135135135135136
4962,YGR152C YOL066C,0.0,NA,0.0650753527879715,456,1907,4753,210,0.711029211029211,0.19297503173931443,0.6846846846846847,0.2863363363363363,0.7136636636636636
4963,YOR017W YBL039W-B,0.0,NA,0.0651501938700676,456,1906,4754,210,0.7111657111657111,0.1930567315834039,0.6846846846846847,0.2861861861861862,0.7138138138138138
4964,YPR138C YHL024W,0.0,NA,0.06517650187015533,456,1905,4755,210,0.7113022113022113,0.193138500635324,0.6846846846846847,0.28603603603603606,0.713963963963964
4965,YLR037C YLR126C,0.0,NA,0.06550390273332596,456,1904,4756,210,0.7114387114387114,0.19322033898305085,0.6846846846846847,0.28588588588588587,0.7141141141141141
4966,YMR045C YOR045W,0.0,NA,0.06566402316093445,456,1903,4757,210,0.7115752115752115,0.19330224671470964,0.6846846846846847,0.28573573573573574,0.7142642642642643
4967,YDR428C YNR066C,0.0,NA,0.0657036155462265,456,1902,4758,210,0.7117117117117117,0.19338422391857507,0.6846846846846847,0.2855855855855856,0.7144144144144144
4968,YOR381W YIR035C,0.0,NA,0.06580320000648499,456,1901,4759,210,0.7118482118482119,0.1934662706830717,0.6846846846846847,0.2854354354354354,0.7145645645645645
4969,YGL044C YCR105W,0.0,NA,0.06585248559713364,456,1900,4760,210,0.711984711984712,0.1935483870967742,0.6846846846846847,0.2852852852852853,0.7147147147147147
4970,YLR277C YMR322C,0.0,NA,0.06586785614490509,456,1899,4761,210,0.7121212121212122,0.19363057324840766,0.6846846846846847,0.2851351351351351,0.7148648648648649
4971,YJR111C YPR023C,0.0,NA,0.06596571952104568,456,1898,4762,210,0.7122577122577123,0.1937128292268479,0.6846846846846847,0.284984984984985,0.715015015015015
4972,YNL133C YCL005W-A,0.0,NA,0.06597160547971725,456,1897,4763,210,0.7123942123942124,0.19379515512112197,0.6846846846846847,0.28483483483483485,0.7151651651651652
4973,YIR028W YLR466W,0.0,NA,0.06624071300029755,456,1896,4764,210,0.7125307125307125,0.19387755102040816,0.6846846846846847,0.28468468468468466,0.7153153153153153
4974,YLR310C YLR425W,0.0,NA,0.06626276671886444,456,1895,4765,210,0.7126672126672127,0.1939600170140366,0.6846846846846847,0.28453453453453453,0.7154654654654654
4975,YBR223C YLR189C,0.0,NA,0.06638406217098236,456,1894,4766,210,0.7128037128037128,0.19404255319148936,0.6846846846846847,0.2843843843843844,0.7156156156156156
4976,YOR381W YBL107C,0.0,NA,0.0664692297577858,456,1893,4767,210,0.7129402129402129,0.194125159642401,0.6846846846846847,0.2842342342342342,0.7157657657657658
4977,YHL044W YPL194W,0.0,NA,0.06659894436597824,456,1892,4768,210,0.713076713076713,0.19420783645655879,0.6846846846846847,0.2840840840840841,0.715915915915916
4978,YPR022C YDR283C,0.0,NA,0.06661690771579742,456,1891,4769,210,0.7132132132132132,0.19429058372390284,0.6846846846846847,0.28393393393393396,0.716066066066066
4979,YML016C YKL039W,0.0,NA,0.06669379770755768,456,1890,4770,210,0.7133497133497133,0.19437340153452684,0.6846846846846847,0.28378378378378377,0.7162162162162162
4980,YDR076W YPL231W,0.0,NA,0.06683555990457535,456,1889,4771,210,0.7134862134862134,0.19445628997867803,0.6846846846846847,0.28363363363363364,0.7163663663663664
4981,YMR318C YLR359W,0.0,NA,0.0668664276599884,456,1888,4772,210,0.7136227136227137,0.1945392491467577,0.6846846846846847,0.28348348348348346,0.7165165165165165
4982,YNL157W YLR436C,0.0,NA,0.06750316917896271,456,1887,4773,210,0.7137592137592138,0.1946222791293214,0.6846846846846847,0.2833333333333333,0.7166666666666667
4983,YPL239W YLR053C,0.0,NA,0.06755442172288895,456,1886,4774,210,0.7138957138957139,0.19470538001707943,0.6846846846846847,0.2831831831831832,0.7168168168168169
4984,YJL132W YLR096W,0.0,NA,0.06786908954381943,456,1885,4775,210,0.7140322140322141,0.19478855190089706,0.6846846846846847,0.283033033033033,0.7169669669669669
4985,YJL184W YNL247W,0.0,NA,0.06789176166057587,456,1884,4776,210,0.7141687141687142,0.19487179487179487,0.6846846846846847,0.2828828828828829,0.7171171171171171
4986,YLR250W YCR097WB,0.0,NA,0.0679660439491272,456,1883,4777,210,0.7143052143052143,0.19495510902094912,0.6846846846846847,0.28273273273273275,0.7172672672672673
4987,YJR029W YLR072W,0.0,NA,0.06801705062389374,456,1882,4778,210,0.7144417144417144,0.19503849443969204,0.6846846846846847,0.28258258258258256,0.7174174174174174
4988,YLR262C-A YPR158C-C,0.0,NA,0.06805253028869629,456,1881,4779,210,0.7145782145782146,0.1951219512195122,0.6846846846846847,0.28243243243243243,0.7175675675675676
4989,YCL003W YOL080C,0.0,NA,0.06814899295568466,456,1880,4780,210,0.7147147147147147,0.1952054794520548,0.6846846846846847,0.2822822822822823,0.7177177177177178
4990,YCR060W YDL176W,0.0,NA,0.06819157302379608,456,1879,4781,210,0.7148512148512148,0.19528907922912206,0.6846846846846847,0.2821321321321321,0.7178678678678678
4991,YJR120W YMR188C,1.0,NA,0.06888066977262497,455,1879,4781,211,0.7147147147147147,0.19494430162810625,0.6831831831831832,0.2821321321321321,0.7178678678678678
4992,YGL203C YMR190C,0.0,NA,0.0688992440700531,455,1878,4782,211,0.7148512148512148,0.19502786112301757,0.6831831831831832,0.281981981981982,0.718018018018018
4993,YOL072W YNR016C,0.0,NA,0.06903798878192902,455,1877,4783,211,0.714987714987715,0.1951114922813036,0.6831831831831832,0.28183183183183186,0.7181681681681682
4994,YMR005W YMR315W,0.0,NA,0.06905452907085419,455,1876,4784,211,0.7151242151242151,0.19519519519519518,0.6831831831831832,0.2816816816816817,0.7183183183183183
4995,YKL096W YMR045C,0.0,NA,0.06912294775247574,455,1875,4785,211,0.7152607152607152,0.19527896995708155,0.6831831831831832,0.28153153153153154,0.7184684684684685
4996,YDR040C YHR196W,0.0,NA,0.0692107304930687,455,1874,4786,211,0.7153972153972153,0.19536281665951052,0.6831831831831832,0.28138138138138136,0.7186186186186186
4997,YLL067C YPR176C,0.0,NA,0.06922952085733414,455,1873,4787,211,0.7155337155337156,0.195446735395189,0.6831831831831832,0.2812312312312312,0.7187687687687687
4998,YOL032W YAR028W,0.0,NA,0.06929433345794678,455,1872,4788,211,0.7156702156702157,0.19553072625698323,0.6831831831831832,0.2810810810810811,0.7189189189189189
4999,YNL100W YPL129W,0.0,NA,0.0693255215883255,455,1871,4789,211,0.7158067158067158,0.19561478933791918,0.6831831831831832,0.2809309309309309,0.7190690690690691
5000,YIL071W YDR425W,0.0,NA,0.06937017291784286,455,1870,4790,211,0.715943215943216,0.1956989247311828,0.6831831831831832,0.2807807807807808,0.7192192192192193
5001,YPR157W YAL029C,0.0,NA,0.06945204734802246,455,1869,4791,211,0.7160797160797161,0.19578313253012047,0.6831831831831832,0.28063063063063065,0.7193693693693693
5002,YLL067C YMR111C,0.0,NA,0.06949054449796677,455,1868,4792,211,0.7162162162162162,0.19586741282823936,0.6831831831831832,0.28048048048048047,0.7195195195195195
5003,YFL050C YJL197W,0.0,NA,0.0696231946349144,455,1867,4793,211,0.7163527163527164,0.19595176571920758,0.6831831831831832,0.28033033033033034,0.7196696696696697
5004,YOL073C YLR394W,0.0,NA,0.06981050223112106,455,1866,4794,211,0.7164892164892165,0.19603619129685482,0.6831831831831832,0.2801801801801802,0.7198198198198198
5005,YPR070W YML039W,0.0,NA,0.06983896344900131,455,1865,4795,211,0.7166257166257166,0.1961206896551724,0.6831831831831832,0.28003003003003,0.71996996996997
5006,YML082W YLR373C,0.0,NA,0.06989160925149918,455,1864,4796,211,0.7167622167622167,0.19620526088831391,0.6831831831831832,0.2798798798798799,0.7201201201201202
5007,YLR139C YGL040C,1.0,NA,0.06989621371030807,454,1864,4796,212,0.7166257166257166,0.19585849870578084,0.6816816816816816,0.2798798798798799,0.7201201201201202
5008,YMR045C YPL162C,0.0,NA,0.06993234902620316,454,1863,4797,212,0.7167622167622167,0.19594302977988778,0.6816816816816816,0.2797297297297297,0.7202702702702702
5009,YPR098C YNL059C,0.0,NA,0.07000480592250824,454,1862,4798,212,0.7168987168987169,0.19602763385146804,0.6816816816816816,0.2795795795795796,0.7204204204204204
5010,YFL011W-A YDR194C,0.0,NA,0.07001130282878876,454,1861,4799,212,0.717035217035217,0.19611231101511878,0.6816816816816816,0.27942942942942944,0.7205705705705706
5011,YGR072W YCR066W,0.0,NA,0.07002612203359604,454,1860,4800,212,0.7171717171717171,0.1961970613656007,0.6816816816816816,0.27927927927927926,0.7207207207207207
5012,YNL284C-B YMR190C,0.0,NA,0.07012967020273209,454,1859,4801,212,0.7173082173082173,0.1962818849978383,0.6816816816816816,0.2791291291291291,0.7208708708708709
5013,YGL002W YHL044W,0.0,NA,0.07018093019723892,454,1858,4802,212,0.7174447174447175,0.19636678200692043,0.6816816816816816,0.278978978978979,0.7210210210210211
5014,YLR451W YMR258C,0.0,NA,0.07019240409135818,454,1857,4803,212,0.7175812175812176,0.1964517524881004,0.6816816816816816,0.2788288288288288,0.7211711711711711
5015,YER157W YOR026W,0.0,NA,0.07020043581724167,454,1856,4804,212,0.7177177177177178,0.19653679653679654,0.6816816816816816,0.2786786786786787,0.7213213213213213
5016,YML096W YKL197C,0.0,NA,0.07022770494222641,454,1855,4805,212,0.7178542178542179,0.19662191424859246,0.6816816816816816,0.27852852852852855,0.7214714714714715
5017,YHR089C YDR429C,0.0,NA,0.07057984918355942,454,1854,4806,212,0.717990717990718,0.19670710571923744,0.6816816816816816,0.27837837837837837,0.7216216216216216
5018,YER043C YMR027W,0.0,NA,0.07097635418176651,454,1853,4807,212,0.7181272181272181,0.19679237104464672,0.6816816816816816,0.27822822822822824,0.7217717717717718
5019,YDR100W YLR340W,0.0,NA,0.07102704048156738,454,1852,4808,212,0.7182637182637183,0.19687771032090198,0.6816816816816816,0.27807807807807805,0.721921921921922
5020,YKL159C YPR015C,0.0,NA,0.07131770998239517,454,1851,4809,212,0.7184002184002184,0.19696312364425161,0.6816816816816816,0.2779279279279279,0.722072072072072
5021,YGR053C YDR225W,0.0,NA,0.07136444747447968,454,1850,4810,212,0.7185367185367185,0.1970486111111111,0.6816816816816816,0.2777777777777778,0.7222222222222222
5022,YKL207W YLR392C,0.0,NA,0.07140187174081802,454,1849,4811,212,0.7186732186732187,0.1971341728180634,0.6816816816816816,0.2776276276276276,0.7223723723723724
5023,YKR017C YOR077W,0.0,NA,0.07145801186561584,454,1848,4812,212,0.7188097188097188,0.19721980886185925,0.6816816816816816,0.2774774774774775,0.7225225225225225
5024,YOR373W YJR061W,0.0,NA,0.07164522260427475,454,1847,4813,212,0.7189462189462189,0.19730551933941765,0.6816816816816816,0.27732732732732734,0.7226726726726727
5025,YOL057W YMR322C,0.0,NA,0.0718601867556572,454,1846,4814,212,0.719082719082719,0.1973913043478261,0.6816816816816816,0.27717717717717716,0.7228228228228228
5026,YLR241W YJR075W,0.0,NA,0.07189438492059708,454,1845,4815,212,0.7192192192192193,0.197477163984341,0.6816816816816816,0.27702702702702703,0.722972972972973
5027,YJR082C YDL168W,0.0,NA,0.07207310944795609,454,1844,4816,212,0.7193557193557194,0.19756309834638816,0.6816816816816816,0.2768768768768769,0.7231231231231231
5028,YNL288W YGR178C,0.0,NA,0.07217259705066681,454,1843,4817,212,0.7194922194922195,0.1976491075315629,0.6816816816816816,0.2767267267267267,0.7232732732732733
5029,YBR055C YER024W,0.0,NA,0.07227664440870285,454,1842,4818,212,0.7196287196287197,0.19773519163763068,0.6816816816816816,0.2765765765765766,0.7234234234234235
5030,YFL007W YCL060C,0.0,NA,0.07229867577552795,454,1841,4819,212,0.7197652197652198,0.19782135076252724,0.6816816816816816,0.27642642642642645,0.7235735735735735
5031,YMR205C YIL166C,0.0,NA,0.07248149067163467,454,1840,4820,212,0.7199017199017199,0.1979075850043592,0.6816816816816816,0.27627627627627627,0.7237237237237237
5032,YGR109W-A YFL066C,0.0,NA,0.07254643738269806,454,1839,4821,212,0.72003822003822,0.19799389446140428,0.6816816816816816,0.27612612612612614,0.7238738738738739
5033,YOR382W YHR057C,0.0,NA,0.0725683718919754,454,1838,4822,212,0.7201747201747202,0.1980802792321117,0.6816816816816816,0.27597597597597595,0.724024024024024
5034,YMR204C YLR071C,0.0,NA,0.07259130477905273,454,1837,4823,212,0.7203112203112203,0.19816673941510257,0.6816816816816816,0.2758258258258258,0.7241741741741742
5035,YDL085W YPL257W-A,0.0,NA,0.07274790108203888,454,1836,4824,212,0.7204477204477204,0.19825327510917032,0.6816816816816816,0.2756756756756757,0.7243243243243244
5036,YDR210W-A YCR042C,0.0,NA,0.07278826832771301,454,1835,4825,212,0.7205842205842206,0.1983398864132809,0.6816816816816816,0.2755255255255255,0.7244744744744744
5037,YKL086W YJR013W,0.0,NA,0.07284526526927948,454,1834,4826,212,0.7207207207207207,0.19842657342657344,0.6816816816816816,0.2753753753753754,0.7246246246246246
5038,YDR395W YDR060W,0.0,NA,0.07306470721960068,454,1833,4827,212,0.7208572208572208,0.1985133362483603,0.6816816816816816,0.27522522522522525,0.7247747747747748
5039,YPR128C YKL019W,0.0,NA,0.07341842353343964,454,1832,4828,212,0.7209937209937209,0.19860017497812774,0.6816816816816816,0.27507507507507506,0.7249249249249249
5040,YOR179C YMR115W,0.0,NA,0.07345443964004517,454,1831,4829,212,0.7211302211302212,0.1986870897155361,0.6816816816816816,0.27492492492492493,0.7250750750750751
5041,YPR100W YLR154W-C,1.0,NA,0.07345458120107651,453,1831,4829,213,0.7209937209937209,0.19833625218914186,0.6801801801801802,0.27492492492492493,0.7250750750750751
5042,YBL028C YHL007C,0.0,NA,0.07385613024234772,453,1830,4830,213,0.7211302211302212,0.19842312746386334,0.6801801801801802,0.2747747747747748,0.7252252252252253
5043,YOR339C YJR075W,0.0,NA,0.07399345934391022,453,1829,4831,213,0.7212667212667213,0.19851007887817704,0.6801801801801802,0.2746246246246246,0.7253753753753753
5044,YMR247C YJL165C,0.0,NA,0.07400351017713547,453,1828,4832,213,0.7214032214032214,0.1985971065322227,0.6801801801801802,0.2744744744744745,0.7255255255255255
5045,YER136W YCL020W,0.0,NA,0.07401169091463089,453,1827,4833,213,0.7215397215397216,0.1986842105263158,0.6801801801801802,0.2743243243243243,0.7256756756756757
5046,YDL248W YGL126W,0.0,NA,0.0744049996137619,453,1826,4834,213,0.7216762216762217,0.19877139096094779,0.6801801801801802,0.27417417417417417,0.7258258258258258
5047,YFL054C YLR072W,0.0,NA,0.07441510260105133,453,1825,4835,213,0.7218127218127218,0.19885864793678665,0.6801801801801802,0.27402402402402404,0.725975975975976
5048,YDR412W YDR352W,0.0,NA,0.07448980212211609,453,1824,4836,213,0.721949221949222,0.19894598155467721,0.6801801801801802,0.27387387387387385,0.7261261261261261
5049,YNL045W YMR012W,0.0,NA,0.07455549389123917,453,1823,4837,213,0.7220857220857221,0.19903339191564148,0.6801801801801802,0.2737237237237237,0.7262762762762762
5050,YLR028C YPL111W,1.0,NA,0.07465939968824387,452,1823,4837,214,0.721949221949222,0.1986813186813187,0.6786786786786787,0.2737237237237237,0.7262762762762762
5051,YPL231W YMR203W,0.0,NA,0.07476616650819778,452,1822,4838,214,0.7220857220857221,0.19876868953386104,0.6786786786786787,0.2735735735735736,0.7264264264264264
5052,YML131W YDR003W,0.0,NA,0.07505810260772705,452,1821,4839,214,0.7222222222222222,0.19885613726352838,0.6786786786786787,0.2734234234234234,0.7265765765765766
5053,YOL072W YER078C,0.0,NA,0.07509665936231613,452,1820,4840,214,0.7223587223587223,0.198943661971831,0.6786786786786787,0.2732732732732733,0.7267267267267268
5054,YJL058C YFL066C,0.0,NA,0.07526420056819916,452,1819,4841,214,0.7224952224952225,0.19903126376045796,0.6786786786786787,0.27312312312312315,0.7268768768768769
5055,YPL279C YHR126C,0.0,NA,0.07542651891708374,452,1818,4842,214,0.7226317226317226,0.19911894273127753,0.6786786786786787,0.27297297297297296,0.727027027027027
5056,YNL010W YMR086W,0.0,NA,0.07604508846998215,452,1817,4843,214,0.7227682227682227,0.19920669898633758,0.6786786786786787,0.27282282282282283,0.7271771771771772
5057,YHR079C-A YKL158W,0.0,NA,0.07609868049621582,452,1816,4844,214,0.7229047229047229,0.19929453262786595,0.6786786786786787,0.2726726726726727,0.7273273273273273
5058,YOR247W YDL220C,0.0,NA,0.07627736032009125,452,1815,4845,214,0.7230412230412231,0.19938244375827086,0.6786786786786787,0.2725225225225225,0.7274774774774775
5059,YJL198W YMR069W,0.0,NA,0.07629214227199554,452,1814,4846,214,0.7231777231777232,0.1994704324801412,0.6786786786786787,0.2723723723723724,0.7276276276276277
5060,YJL132W YGR038C-B,0.0,NA,0.07637905329465866,452,1813,4847,214,0.7233142233142233,0.19955849889624724,0.6786786786786787,0.2722222222222222,0.7277777777777777
5061,YML064C YMR084W,0.0,NA,0.07656902074813843,452,1812,4848,214,0.7234507234507235,0.19964664310954064,0.6786786786786787,0.27207207207207207,0.7279279279279279
5062,YIL111W YKL085W,1.0,NA,0.07661797851324081,451,1812,4848,215,0.7233142233142233,0.1992929739284136,0.6771771771771772,0.27207207207207207,0.7279279279279279
5063,YBR145W YGR166W,0.0,NA,0.0766841247677803,451,1811,4849,215,0.7234507234507235,0.19938107869142352,0.6771771771771772,0.27192192192192194,0.7280780780780781
5064,YJL046W YKL086W,0.0,NA,0.07677515596151352,451,1810,4850,215,0.7235872235872236,0.19946926138876603,0.6771771771771772,0.27177177177177175,0.7282282282282282
5065,YLR205C YHR075C,0.0,NA,0.07677728682756424,451,1809,4851,215,0.7237237237237237,0.1995575221238938,0.6771771771771772,0.2716216216216216,0.7283783783783784
5066,YAR010C YGL004C,0.0,NA,0.07684604823589325,451,1808,4852,215,0.7238602238602239,0.19964586100044268,0.6771771771771772,0.2714714714714715,0.7285285285285286
5067,YML039W YGR046W,0.0,NA,0.07685478031635284,451,1807,4853,215,0.723996723996724,0.19973427812223207,0.6771771771771772,0.2713213213213213,0.7286786786786786
5068,YDR277C YDR216W,0.0,NA,0.07690330594778061,451,1806,4854,215,0.7241332241332241,0.1998227735932654,0.6771771771771772,0.2711711711711712,0.7288288288288288
5069,YER020W YML039W,0.0,NA,0.0769529640674591,451,1805,4855,215,0.7242697242697242,0.1999113475177305,0.6771771771771772,0.27102102102102105,0.728978978978979
5070,YGR109W-A YDL135C,0.0,NA,0.07697184383869171,451,1804,4856,215,0.7244062244062244,0.2,0.6771771771771772,0.27087087087087086,0.7291291291291291
5071,YAL046C YHR029C,0.0,NA,0.07717673480510712,451,1803,4857,215,0.7245427245427245,0.20008873114463177,0.6771771771771772,0.27072072072072073,0.7292792792792793
5072,YGL126W YKL211C,0.0,NA,0.07718104869127274,451,1802,4858,215,0.7246792246792246,0.20017754105636928,0.6771771771771772,0.27057057057057055,0.7294294294294295
5073,YIL111W YPR100W,1.0,NA,0.07720157504081726,450,1802,4858,216,0.7245427245427245,0.19982238010657194,0.6756756756756757,0.27057057057057055,0.7294294294294295
5074,YBL075C YER157W,0.0,NA,0.0772760733962059,450,1801,4859,216,0.7246792246792246,0.19991115059973344,0.6756756756756757,0.2704204204204204,0.7295795795795795
5075,YGL126W YNL092W,0.0,NA,0.07741017639636993,450,1800,4860,216,0.7248157248157249,0.2,0.6756756756756757,0.2702702702702703,0.7297297297297297
5076,YDL248W YJL197W,0.0,NA,0.07770420610904694,450,1799,4861,216,0.724952224952225,0.20008892841262785,0.6756756756756757,0.2701201201201201,0.7298798798798799
5077,YJL066C YPL156C,0.0,NA,0.07773073017597198,450,1798,4862,216,0.7250887250887251,0.2001779359430605,0.6756756756756757,0.26996996996996997,0.73003003003003
5078,YDR236C YCL005W-A,0.0,NA,0.07773218303918839,450,1797,4863,216,0.7252252252252253,0.20026702269692923,0.6756756756756757,0.26981981981981984,0.7301801801801802
5079,YOR003W YNL071W,0.0,NA,0.07791268080472946,450,1796,4864,216,0.7253617253617254,0.20035618878005343,0.6756756756756757,0.26966966966966965,0.7303303303303303
5080,YDR365C YMR160W,0.0,NA,0.07795801758766174,450,1795,4865,216,0.7254982254982255,0.20044543429844097,0.6756756756756757,0.2695195195195195,0.7304804804804805
5081,YMR325W YBL054W,0.0,NA,0.07810983061790466,450,1794,4866,216,0.7256347256347256,0.20053475935828877,0.6756756756756757,0.2693693693693694,0.7306306306306306
5082,YLR182W YNL006W,0.0,NA,0.07822490483522415,450,1793,4867,216,0.7257712257712258,0.20062416406598305,0.6756756756756757,0.2692192192192192,0.7307807807807808
5083,YDR040C YOR021C,0.0,NA,0.0784754529595375,450,1792,4868,216,0.7259077259077259,0.20071364852809992,0.6756756756756757,0.2690690690690691,0.730930930930931
5084,YLR436C YLR142W,0.0,NA,0.07853903621435165,450,1791,4869,216,0.726044226044226,0.20080321285140562,0.6756756756756757,0.2689189189189189,0.731081081081081
5085,YGR133W YHL024W,0.0,NA,0.07857616990804672,450,1790,4870,216,0.7261807261807262,0.20089285714285715,0.6756756756756757,0.26876876876876876,0.7312312312312312
5086,YCR087C-A YDR129C,0.0,NA,0.07872235029935837,450,1789,4871,216,0.7263172263172263,0.2009825815096025,0.6756756756756757,0.26861861861861863,0.7313813813813814
5087,YPL155C YFL054C,0.0,NA,0.07880543917417526,450,1788,4872,216,0.7264537264537264,0.20107238605898123,0.6756756756756757,0.26846846846846845,0.7315315315315315
5088,YAL046C YDR352W,0.0,NA,0.0789804607629776,450,1787,4873,216,0.7265902265902265,0.20116227089852481,0.6756756756756757,0.2683183183183183,0.7316816816816817
5089,YJL046W YDR374C,0.0,NA,0.07911726832389832,450,1786,4874,216,0.7267267267267268,0.20125223613595708,0.6756756756756757,0.2681681681681682,0.7318318318318319
5090,YLR142W YOR291W,0.0,NA,0.07915278524160385,450,1785,4875,216,0.7268632268632269,0.20134228187919462,0.6756756756756757,0.268018018018018,0.7319819819819819
5091,YGL107C YPR001W,1.0,NA,0.07926075160503387,449,1785,4875,217,0.7267267267267268,0.20098478066248882,0.6741741741741741,0.268018018018018,0.7319819819819819
5092,YBL013W YPL224C,0.0,NA,0.07941624522209167,449,1784,4876,217,0.7268632268632269,0.20107478728168382,0.6741741741741741,0.26786786786786787,0.7321321321321321
5093,YNL320W YBR086C,0.0,NA,0.07945415377616882,449,1783,4877,217,0.726999726999727,0.20116487455197132,0.6741741741741741,0.26771771771771774,0.7322822822822823
5094,YJR119C YGL156W,0.0,NA,0.07964017242193222,449,1782,4878,217,0.7271362271362272,0.20125504258180188,0.6741741741741741,0.26756756756756755,0.7324324324324324
5095,YKL040C YOL096C,0.0,NA,0.07974161207675934,449,1781,4879,217,0.7272727272727273,0.20134529147982064,0.6741741741741741,0.2674174174174174,0.7325825825825826
5096,YJR029W YLR273C,0.0,NA,0.08001992106437683,449,1780,4880,217,0.7274092274092274,0.20143562135486764,0.6741741741741741,0.2672672672672673,0.7327327327327328
5097,YNL284C-B YDR447C,0.0,NA,0.08005104213953018,449,1779,4881,217,0.7275457275457275,0.20152603231597846,0.6741741741741741,0.2671171171171171,0.7328828828828828
5098,YDR255C YIR042C,0.0,NA,0.08009263128042221,449,1778,4882,217,0.7276822276822277,0.20161652447238437,0.6741741741741741,0.266966966966967,0.733033033033033
5099,YNL038W YGL263W,0.0,NA,0.08047658205032349,449,1777,4883,217,0.7278187278187278,0.20170709793351302,0.6741741741741741,0.2668168168168168,0.7331831831831832
5100,YJR002W YNL239W,0.0,NA,0.08075491338968277,449,1776,4884,217,0.7279552279552279,0.20179775280898876,0.6741741741741741,0.26666666666666666,0.7333333333333333
5101,YPL259C YCL012W,0.0,NA,0.08075491338968277,449,1775,4885,217,0.7280917280917281,0.2018884892086331,0.6741741741741741,0.26651651651651653,0.7334834834834835
5102,YLL014W YML097C,0.0,NA,0.08101612329483032,449,1774,4886,217,0.7282282282282282,0.20197930724246513,0.6741741741741741,0.26636636636636635,0.7336336336336337
5103,YJR111C YEL004W,0.0,NA,0.0810684859752655,449,1773,4887,217,0.7283647283647283,0.20207020702070208,0.6741741741741741,0.2662162162162162,0.7337837837837838
5104,YCR097WB YJR094W-A,0.0,NA,0.08146336674690247,449,1772,4888,217,0.7285012285012284,0.20216118865375957,0.6741741741741741,0.2660660660660661,0.7339339339339339
5105,YER151C YBR106W,0.0,NA,0.0817728340625763,449,1771,4889,217,0.7286377286377287,0.20225225225225224,0.6741741741741741,0.2659159159159159,0.7340840840840841
5106,YDR395W YPL086C,0.0,NA,0.08196014165878296,449,1770,4890,217,0.7287742287742288,0.20234339792699413,0.6741741741741741,0.26576576576576577,0.7342342342342343
5107,YLR380W YMR098C,0.0,NA,0.08249565213918686,449,1769,4891,217,0.7289107289107289,0.2024346257889991,0.6741741741741741,0.26561561561561564,0.7343843843843844
5108,YPL194W YLR095C,0.0,NA,0.08254698663949966,449,1768,4892,217,0.7290472290472291,0.2025259359494813,0.6741741741741741,0.26546546546546546,0.7345345345345345
5109,YGR038C-B YMR192W,0.0,NA,0.08259012550115585,449,1767,4893,217,0.7291837291837292,0.2026173285198556,0.6741741741741741,0.2653153153153153,0.7346846846846847
5110,YDR367W YDL243C,0.0,NA,0.08267057687044144,449,1766,4894,217,0.7293202293202293,0.20270880361173815,0.6741741741741741,0.26516516516516514,0.7348348348348348
5111,YOR179C YJR019C,0.0,NA,0.08268748968839645,449,1765,4895,217,0.7294567294567295,0.2028003613369467,0.6741741741741741,0.265015015015015,0.734984984984985
5112,YCR008W YLR020C,0.0,NA,0.08280105143785477,449,1764,4896,217,0.7295932295932296,0.20289200180750114,0.6741741741741741,0.2648648648648649,0.7351351351351352
5113,YNL284C-B YCR096C,0.0,NA,0.08281700313091278,449,1763,4897,217,0.7297297297297297,0.20298372513562388,0.6741741741741741,0.2647147147147147,0.7352852852852853
5114,YIL071W YJR099W,0.0,NA,0.08287829160690308,449,1762,4898,217,0.7298662298662298,0.20307553143374038,0.6741741741741741,0.26456456456456456,0.7354354354354354
5115,YER122C YOR129C,0.0,NA,0.08289066702127457,449,1761,4899,217,0.73000273000273,0.20316742081447964,0.6741741741741741,0.26441441441441443,0.7355855855855856
5116,YCL003W YBL084C,0.0,NA,0.083027184009552,449,1760,4900,217,0.7301392301392301,0.2032593933906745,0.6741741741741741,0.26426426426426425,0.7357357357357357
5117,YPL234C YEL051W,0.0,NA,0.0831255242228508,449,1759,4901,217,0.7302757302757302,0.2033514492753623,0.6741741741741741,0.2641141141141141,0.7358858858858859
5118,YBL027W YML026C,0.0,NA,0.08318452537059784,449,1758,4902,217,0.7304122304122305,0.20344358858178524,0.6741741741741741,0.263963963963964,0.7360360360360361
5119,YML003W YLR234W,0.0,NA,0.08320056647062302,449,1757,4903,217,0.7305487305487306,0.20353581142339075,0.6741741741741741,0.2638138138138138,0.7361861861861861
5120,YER159C YCL012W,0.0,NA,0.08330850303173065,449,1756,4904,217,0.7306852306852307,0.2036281179138322,0.6741741741741741,0.26366366366366367,0.7363363363363363
5121,YPL042C YGR284C,0.0,NA,0.08331036567687988,449,1755,4905,217,0.7308217308217309,0.20372050816696916,0.6741741741741741,0.2635135135135135,0.7364864864864865
5122,YPL143W YBR281C,0.0,NA,0.08361620455980301,449,1754,4906,217,0.730958230958231,0.2038129822968679,0.6741741741741741,0.26336336336336336,0.7366366366366366
5123,YBR012W-B YCR043C,0.0,NA,0.08386995643377304,449,1753,4907,217,0.7310947310947311,0.203905540417802,0.6741741741741741,0.2632132132132132,0.7367867867867868
5124,YCR071C YLR154W-C,1.0,NA,0.08398576825857162,448,1753,4907,218,0.730958230958231,0.20354384370740572,0.6726726726726727,0.2632132132132132,0.7367867867867868
5125,YCL047C YER144C,0.0,NA,0.08403099328279495,448,1752,4908,218,0.7310947310947311,0.20363636363636364,0.6726726726726727,0.26306306306306304,0.736936936936937
5126,YMR138W YMR160W,0.0,NA,0.08433553576469421,448,1751,4909,218,0.7312312312312312,0.20372896771259663,0.6726726726726727,0.2629129129129129,0.737087087087087
5127,YDR128W YOR152C,0.0,NA,0.08434341847896576,448,1750,4910,218,0.7313677313677314,0.20382165605095542,0.6726726726726727,0.2627627627627628,0.7372372372372372
5128,YDR143C YAL046C,0.0,NA,0.08445554971694946,448,1749,4911,218,0.7315042315042315,0.20391442876649976,0.6726726726726727,0.2626126126126126,0.7373873873873874
5129,YNL169C YKR051W,0.0,NA,0.08452623337507248,448,1748,4912,218,0.7316407316407316,0.2040072859744991,0.6726726726726727,0.26246246246246246,0.7375375375375376
5130,YOR177C YCL020W,0.0,NA,0.0846279114484787,448,1747,4913,218,0.7317772317772318,0.2041002277904328,0.6726726726726727,0.26231231231231233,0.7376876876876877
5131,YCR087C-A YMR079W,0.0,NA,0.08467214554548264,448,1746,4914,218,0.7319137319137319,0.2041932543299909,0.6726726726726727,0.26216216216216215,0.7378378378378379
5132,YKL040C YMR053C,0.0,NA,0.08470608294010162,448,1745,4915,218,0.732050232050232,0.20428636570907432,0.6726726726726727,0.262012012012012,0.737987987987988
5133,YJL053W YDR293C,0.0,NA,0.08482557535171509,448,1744,4916,218,0.7321867321867321,0.20437956204379562,0.6726726726726727,0.2618618618618619,0.7381381381381381
5134,YPL154C YKR088C,0.0,NA,0.08489450812339783,448,1743,4917,218,0.7323232323232324,0.20447284345047922,0.6726726726726727,0.2617117117117117,0.7382882882882883
5135,YMR315W YJL104W,0.0,NA,0.08500383049249649,448,1742,4918,218,0.7324597324597325,0.2045662100456621,0.6726726726726727,0.2615615615615616,0.7384384384384385
5136,YEL006W YMR084W,0.0,NA,0.0851392075419426,448,1741,4919,218,0.7325962325962326,0.2046596619460941,0.6726726726726727,0.2614114114114114,0.7385885885885886
5137,YIL172C YER066W,0.0,NA,0.08514024317264557,448,1740,4920,218,0.7327327327327328,0.20475319926873858,0.6726726726726727,0.26126126126126126,0.7387387387387387
5138,YML082W YOR038C,0.0,NA,0.08536170423030853,448,1739,4921,218,0.7328692328692329,0.20484682213077274,0.6726726726726727,0.2611111111111111,0.7388888888888889
5139,YJL066C YBL107C,0.0,NA,0.08545556664466858,448,1738,4922,218,0.733005733005733,0.20494053064958828,0.6726726726726727,0.26096096096096094,0.739039039039039
5140,YOL013C YER053C,0.0,NA,0.08555299788713455,448,1737,4923,218,0.7331422331422331,0.20503432494279175,0.6726726726726727,0.2608108108108108,0.7391891891891892
5141,YBL028C YJR002W,0.0,NA,0.08573143929243088,448,1736,4924,218,0.7332787332787333,0.20512820512820512,0.6726726726726727,0.2606606606606607,0.7393393393393394
5142,YHR046C YIL076W,0.0,NA,0.08574064821004868,448,1735,4925,218,0.7334152334152334,0.20522217132386625,0.6726726726726727,0.2605105105105105,0.7394894894894894
5143,YBR192W YCL005W-A,0.0,NA,0.08578983694314957,448,1734,4926,218,0.7335517335517335,0.20531622364802934,0.6726726726726727,0.26036036036036037,0.7396396396396396
5144,YOL057W YGL099W,0.0,NA,0.08613178879022598,448,1733,4927,218,0.7336882336882337,0.20541036221916553,0.6726726726726727,0.26021021021021024,0.7397897897897898
5145,YJL108C YDL220C,0.0,NA,0.08616980165243149,448,1732,4928,218,0.7338247338247338,0.20550458715596331,0.6726726726726727,0.26006006006006005,0.7399399399399399
5146,YHR080C YNR070W,0.0,NA,0.08625174313783646,448,1731,4929,218,0.7339612339612339,0.20559889857732905,0.6726726726726727,0.2599099099099099,0.7400900900900901
5147,YBL027W YIL172C,0.0,NA,0.08642701059579849,448,1730,4930,218,0.734097734097734,0.2056932966023875,0.6726726726726727,0.25975975975975973,0.7402402402402403
5148,YHR005C-A YPL231W,0.0,NA,0.08649548143148422,448,1729,4931,218,0.7342342342342343,0.2057877813504823,0.6726726726726727,0.2596096096096096,0.7403903903903903
5149,YGR127W YJL172W,0.0,NA,0.08658376336097717,448,1728,4932,218,0.7343707343707344,0.20588235294117646,0.6726726726726727,0.2594594594594595,0.7405405405405405
5150,YGR262C YOR343W-A,0.0,NA,0.08661182969808578,448,1727,4933,218,0.7345072345072345,0.20597701149425288,0.6726726726726727,0.2593093093093093,0.7406906906906907
5151,YJR029W YNL123W,0.0,NA,0.08695881068706512,448,1726,4934,218,0.7346437346437347,0.20607175712971482,0.6726726726726727,0.25915915915915916,0.7408408408408408
5152,YLR380W YKL088W,0.0,NA,0.0871725007891655,448,1725,4935,218,0.7347802347802348,0.20616658996778647,0.6726726726726727,0.25900900900900903,0.740990990990991
5153,YDL236W YJR027W,0.0,NA,0.0872645154595375,448,1724,4936,218,0.7349167349167349,0.20626151012891344,0.6726726726726727,0.25885885885885884,0.7411411411411412
5154,YDR459C YOR021C,0.0,NA,0.08727345615625381,448,1723,4937,218,0.735053235053235,0.20635651773376323,0.6726726726726727,0.2587087087087087,0.7412912912912913
5155,YPR111W YDL065C,0.0,NA,0.0874183177947998,448,1722,4938,218,0.7351897351897352,0.2064516129032258,0.6726726726726727,0.2585585585585586,0.7414414414414414
5156,YDR041W YJL099W,0.0,NA,0.08760504424571991,448,1721,4939,218,0.7353262353262353,0.206546795758414,0.6726726726726727,0.2584084084084084,0.7415915915915916
5157,YML035C YCR011C,0.0,NA,0.08774210512638092,448,1720,4940,218,0.7354627354627354,0.2066420664206642,0.6726726726726727,0.25825825825825827,0.7417417417417418
5158,YDR406W YNL070W,0.0,NA,0.08789040893316269,448,1719,4941,218,0.7355992355992356,0.2067374250115367,0.6726726726726727,0.2581081081081081,0.7418918918918919
5159,YLR020C YKL183W,0.0,NA,0.08798111975193024,448,1718,4942,218,0.7357357357357357,0.20683287165281625,0.6726726726726727,0.25795795795795795,0.742042042042042
5160,YCR055C YMR190C,0.0,NA,0.08833201974630356,448,1717,4943,218,0.7358722358722358,0.2069284064665127,0.6726726726726727,0.2578078078078078,0.7421921921921922
5161,YOL142W YNL247W,0.0,NA,0.08834212273359299,448,1716,4944,218,0.7360087360087361,0.20702402957486138,0.6726726726726727,0.25765765765765763,0.7423423423423423
5162,YDR466W YBL039W-B,0.0,NA,0.08838138729333878,448,1715,4945,218,0.7361452361452362,0.20711974110032363,0.6726726726726727,0.2575075075075075,0.7424924924924925
5163,YIL030C YJL019W,0.0,NA,0.0883965939283371,448,1714,4946,218,0.7362817362817363,0.2072155411655874,0.6726726726726727,0.2573573573573574,0.7426426426426427
5164,YCR084C YBL051C,0.0,NA,0.08842300623655319,448,1713,4947,218,0.7364182364182364,0.2073114298935678,0.6726726726726727,0.2572072072072072,0.7427927927927928
5165,YNL189W YPL189C-A,0.0,NA,0.08848250657320023,448,1712,4948,218,0.7365547365547366,0.2074074074074074,0.6726726726726727,0.25705705705705706,0.7429429429429429
5166,YIL108W YJR024C,0.0,NA,0.08850296586751938,448,1711,4949,218,0.7366912366912367,0.20750347383047707,0.6726726726726727,0.25690690690690693,0.7430930930930931
5167,YKL099C YDR151C,0.0,NA,0.0885491818189621,448,1710,4950,218,0.7368277368277368,0.20759962928637626,0.6726726726726727,0.25675675675675674,0.7432432432432432
5168,YNL217W YOR273C,0.0,NA,0.08860263228416443,448,1709,4951,218,0.736964236964237,0.2076958738989337,0.6726726726726727,0.2566066066066066,0.7433933933933934
5169,YIL033C YOR291W,0.0,NA,0.08871272206306458,448,1708,4952,218,0.7371007371007371,0.2077922077922078,0.6726726726726727,0.2564564564564565,0.7435435435435436
5170,YFR020W YMR012W,0.0,NA,0.08894389867782593,448,1707,4953,218,0.7372372372372372,0.20788863109048725,0.6726726726726727,0.2563063063063063,0.7436936936936936
5171,YHR074W YOR038C,0.0,NA,0.0889526903629303,448,1706,4954,218,0.7373737373737373,0.20798514391829154,0.6726726726726727,0.25615615615615617,0.7438438438438438
5172,YNL129W YPL246C,0.0,NA,0.0889667347073555,448,1705,4955,218,0.7375102375102375,0.20808174640037158,0.6726726726726727,0.256006006006006,0.743993993993994
5173,YER003C YKR075C,0.0,NA,0.08935658633708954,448,1704,4956,218,0.7376467376467376,0.20817843866171004,0.6726726726726727,0.25585585585585585,0.7441441441441441
5174,YNL284C-B YLR367W,0.0,NA,0.08942171186208725,448,1703,4957,218,0.7377832377832377,0.2082752208275221,0.6726726726726727,0.2557057057057057,0.7442942942942943
5175,YKL047W YFR039C,0.0,NA,0.08958090841770172,448,1702,4958,218,0.737919737919738,0.20837209302325582,0.6726726726726727,0.25555555555555554,0.7444444444444445
5176,YGL049C YOR396W,0.0,NA,0.08962541073560715,448,1701,4959,218,0.7380562380562381,0.20846905537459284,0.6726726726726727,0.2554054054054054,0.7445945945945946
5177,YEL060C YOR003W,0.0,NA,0.0898294672369957,448,1700,4960,218,0.7381927381927382,0.2085661080074488,0.6726726726726727,0.2552552552552553,0.7447447447447447
5178,YCL038C YPR111W,0.0,NA,0.089913010597229,448,1699,4961,218,0.7383292383292384,0.20866325104797392,0.6726726726726727,0.2551051051051051,0.7448948948948949
5179,YBL040C YOL158C,0.0,NA,0.08994438499212265,448,1698,4962,218,0.7384657384657385,0.2087604846225536,0.6726726726726727,0.25495495495495496,0.7450450450450451
5180,YKR051W YNL027W,0.0,NA,0.09002140909433365,448,1697,4963,218,0.7386022386022386,0.20885780885780886,0.6726726726726727,0.25480480480480483,0.7451951951951952
5181,YGR014W YMR315W,0.0,NA,0.09036605805158615,448,1696,4964,218,0.7387387387387387,0.208955223880597,0.6726726726726727,0.25465465465465464,0.7453453453453454
5182,YML058W-A YGR053C,0.0,NA,0.09038934111595154,448,1695,4965,218,0.7388752388752389,0.20905272981801212,0.6726726726726727,0.2545045045045045,0.7454954954954955
5183,YKL194C YCL012W,0.0,NA,0.09052910655736923,448,1694,4966,218,0.739011739011739,0.20915032679738563,0.6726726726726727,0.25435435435435433,0.7456456456456456
5184,YKR057W YDR261C-D,0.0,NA,0.09059470146894455,448,1693,4967,218,0.7391482391482391,0.20924801494628678,0.6726726726726727,0.2542042042042042,0.7457957957957958
5185,YPL028W YHR057C,0.0,NA,0.0906188115477562,448,1692,4968,218,0.7392847392847393,0.20934579439252338,0.6726726726726727,0.25405405405405407,0.745945945945946
5186,YJR064W YFL050C,0.0,NA,0.09079646319150925,448,1691,4969,218,0.7394212394212394,0.20944366526414213,0.6726726726726727,0.2539039039039039,0.7460960960960961
5187,YJR029W YDR143C,0.0,NA,0.09112714976072311,448,1690,4970,218,0.7395577395577395,0.20954162768942938,0.6726726726726727,0.25375375375375375,0.7462462462462462
5188,YOR373W YGL254W,0.0,NA,0.09118427336215973,448,1689,4971,218,0.7396942396942396,0.20963968179691156,0.6726726726726727,0.2536036036036036,0.7463963963963964
5189,YPR001W YPL111W,1.0,NA,0.09136056900024414,447,1689,4971,219,0.7395577395577395,0.20926966292134833,0.6711711711711712,0.2536036036036036,0.7463963963963964
5190,YOR223W YLR373C,0.0,NA,0.09153155982494354,447,1688,4972,219,0.7396942396942396,0.20936768149882903,0.6711711711711712,0.25345345345345344,0.7465465465465465
5191,YCR089W YBL039W-B,0.0,NA,0.09180399775505066,447,1687,4973,219,0.7398307398307399,0.20946579194001874,0.6711711711711712,0.2533033033033033,0.7466966966966967
5192,YOL022C YDR151C,0.0,NA,0.09195944666862488,447,1686,4974,219,0.73996723996724,0.20956399437412096,0.6711711711711712,0.2531531531531532,0.7468468468468469
5193,YKR030W YDR261C-D,0.0,NA,0.09236827492713928,447,1685,4975,219,0.7401037401037401,0.20966228893058161,0.6711711711711712,0.253003003003003,0.746996996996997
5194,YLR348C YML039W,0.0,NA,0.09249349683523178,447,1684,4976,219,0.7402402402402403,0.20976067573908963,0.6711711711711712,0.25285285285285286,0.7471471471471471
5195,YKL188C YDR351W,0.0,NA,0.09259524941444397,447,1683,4977,219,0.7403767403767404,0.20985915492957746,0.6711711711711712,0.2527027027027027,0.7472972972972973
5196,YHR018C YML003W,0.0,NA,0.09261485934257507,447,1682,4978,219,0.7405132405132405,0.2099577266322217,0.6711711711711712,0.25255255255255254,0.7474474474474474
5197,YPR133W-A YML035C,0.0,NA,0.09273838251829147,447,1681,4979,219,0.7406497406497407,0.2100563909774436,0.6711711711711712,0.2524024024024024,0.7475975975975976
5198,YBR222C YFL003C,0.0,NA,0.09286846965551376,447,1680,4980,219,0.7407862407862408,0.21015514809590974,0.6711711711711712,0.25225225225225223,0.7477477477477478
5199,YNL185C YDL120W,1.0,NA,0.09301436692476273,446,1680,4980,220,0.7406497406497407,0.20978363123236124,0.6696696696696697,0.25225225225225223,0.7477477477477478
5200,YHR092C YLR154W-C,1.0,NA,0.0933649018406868,445,1680,4980,221,0.7405132405132405,0.20941176470588235,0.6681681681681682,0.25225225225225223,0.7477477477477478
5201,YMR045C YBR302C,0.0,NA,0.09409824758768082,445,1679,4981,221,0.7406497406497407,0.20951035781544255,0.6681681681681682,0.2521021021021021,0.7478978978978978
5202,YOL032W YCL001W-A,0.0,NA,0.09450667351484299,445,1678,4982,221,0.7407862407862408,0.209609043805935,0.6681681681681682,0.25195195195195197,0.748048048048048
5203,YLR028C YBR185C,1.0,NA,0.09454657137393951,444,1678,4982,222,0.7406497406497407,0.20923656927426956,0.6666666666666666,0.25195195195195197,0.748048048048048
5204,YLR443W YIR037W,0.0,NA,0.09463302046060562,444,1677,4983,222,0.7407862407862408,0.20933521923620935,0.6666666666666666,0.2518018018018018,0.7481981981981982
5205,YLR460C YNL316C,0.0,NA,0.09464852511882782,444,1676,4984,222,0.7409227409227409,0.20943396226415095,0.6666666666666666,0.25165165165165165,0.7483483483483484
5206,YPL134C YJR082C,0.0,NA,0.09470155090093613,444,1675,4985,222,0.741059241059241,0.2095327984898537,0.6666666666666666,0.2515015015015015,0.7484984984984985
5207,YKL096W YDR143C,0.0,NA,0.09484393149614334,444,1674,4986,222,0.7411957411957412,0.2096317280453258,0.6666666666666666,0.25135135135135134,0.7486486486486487
5208,YDR531W YBR186W,0.0,NA,0.09489278495311737,444,1673,4987,222,0.7413322413322413,0.20973075106282474,0.6666666666666666,0.2512012012012012,0.7487987987987988
5209,YMR149W YOR229W,0.0,NA,0.09500008076429367,444,1672,4988,222,0.7414687414687414,0.20982986767485823,0.6666666666666666,0.2510510510510511,0.7489489489489489
5210,YOR113W YPR158C-C,0.0,NA,0.09511183202266693,444,1671,4989,222,0.7416052416052417,0.2099290780141844,0.6666666666666666,0.2509009009009009,0.7490990990990991
5211,YBR185C YLR154W-C,1.0,NA,0.09519972652196884,443,1671,4989,223,0.7414687414687414,0.20955534531693473,0.6651651651651652,0.2509009009009009,0.7490990990990991
5212,YDR374C YAL046C,0.0,NA,0.09539416432380676,443,1670,4990,223,0.7416052416052417,0.2096545196403218,0.6651651651651652,0.25075075075075076,0.7492492492492493
5213,YKL061W YNL297C,0.0,NA,0.09556860476732254,443,1669,4991,223,0.7417417417417418,0.20975378787878787,0.6651651651651652,0.2506006006006006,0.7493993993993994
5214,YJL052W YER078C,0.0,NA,0.09558746963739395,443,1668,4992,223,0.7418782418782419,0.2098531501657982,0.6651651651651652,0.25045045045045045,0.7495495495495496
5215,YER071C YJR043C,0.0,NA,0.09569354355335236,443,1667,4993,223,0.742014742014742,0.2099526066350711,0.6651651651651652,0.2503003003003003,0.7496996996996997
5216,YPR133W-A YLR373C,0.0,NA,0.09586670249700546,443,1666,4994,223,0.7421512421512422,0.21005215742057848,0.6651651651651652,0.25015015015015013,0.7498498498498498
5217,YKL047W YPL155C,0.0,NA,0.09641307592391968,443,1665,4995,223,0.7422877422877423,0.21015180265654648,0.6651651651651652,0.25,0.75
5218,YMR101C YIL071W,0.0,NA,0.09645653516054153,443,1664,4996,223,0.7424242424242424,0.2102515424774561,0.6651651651651652,0.24984984984984984,0.7501501501501502
5219,YGL080W YGR014W,0.0,NA,0.09651785343885422,443,1663,4997,223,0.7425607425607426,0.21035137701804368,0.6651651651651652,0.2496996996996997,0.7503003003003003
5220,YDR374C YNL221C,0.0,NA,0.09655939787626266,443,1662,4998,223,0.7426972426972427,0.21045130641330168,0.6651651651651652,0.24954954954954955,0.7504504504504504
5221,YOL072W YJR027W,0.0,NA,0.09680483490228653,443,1661,4999,223,0.7428337428337428,0.2105513307984791,0.6651651651651652,0.2493993993993994,0.7506006006006006
5222,YGL030W YJR075W,0.0,NA,0.0968334898352623,443,1660,5000,223,0.7429702429702429,0.21065145030908225,0.6651651651651652,0.24924924924924924,0.7507507507507507
5223,YER190W YLR053C,0.0,NA,0.09684112668037415,443,1659,5001,223,0.7431067431067431,0.21075166508087537,0.6651651651651652,0.2490990990990991,0.7509009009009009
5224,YGR266W YHR164C,0.0,NA,0.09711270034313202,443,1658,5002,223,0.7432432432432432,0.210851975249881,0.6651651651651652,0.24894894894894895,0.7510510510510511
5225,YCR005C YPL262W,1.0,NA,0.09711528569459915,442,1658,5002,224,0.7431067431067431,0.21047619047619048,0.6636636636636637,0.24894894894894895,0.7510510510510511
5226,YGR260W YHR029C,0.0,NA,0.09716351330280304,442,1657,5003,224,0.7432432432432432,0.21057646498332538,0.6636636636636637,0.2487987987987988,0.7512012012012012
5227,YMR111C YGL032C,0.0,NA,0.09752543270587921,442,1656,5004,224,0.7433797433797433,0.21067683508102955,0.6636636636636637,0.24864864864864866,0.7513513513513513
5228,YHL044W YFL017C,0.0,NA,0.09759868681430817,442,1655,5005,224,0.7435162435162436,0.21077730090605626,0.6636636636636637,0.2484984984984985,0.7515015015015015
5229,YML078W YDL001W,0.0,NA,0.0978483334183693,442,1654,5006,224,0.7436527436527437,0.21087786259541985,0.6636636636636637,0.24834834834834835,0.7516516516516516
5230,YCR029C-A YDL128W,0.0,NA,0.09807251393795013,442,1653,5007,224,0.7437892437892438,0.2109785202863962,0.6636636636636637,0.2481981981981982,0.7518018018018018
5231,YIL129C YCR097WB,0.0,NA,0.09810016304254532,442,1652,5008,224,0.743925743925744,0.2110792741165234,0.6636636636636637,0.24804804804804806,0.751951951951952
5232,YGL079W YGL147C,0.0,NA,0.09831566363573074,442,1651,5009,224,0.7440622440622441,0.2111801242236025,0.6636636636636637,0.2478978978978979,0.7521021021021022
5233,YBR264C YMR112C,0.0,NA,0.09838718920946121,442,1650,5010,224,0.7441987441987442,0.2112810707456979,0.6636636636636637,0.24774774774774774,0.7522522522522522
5234,YGR027W-B YNL272C,0.0,NA,0.09864362329244614,442,1649,5011,224,0.7443352443352443,0.21138211382113822,0.6636636636636637,0.24759759759759759,0.7524024024024024
5235,YDR034W-B YPL094C,0.0,NA,0.09887352585792542,442,1648,5012,224,0.7444717444717445,0.21148325358851675,0.6636636636636637,0.24744744744744746,0.7525525525525526
5236,YDR221W YGR208W,0.0,NA,0.09895406663417816,442,1647,5013,224,0.7446082446082446,0.2115844901866922,0.6636636636636637,0.2472972972972973,0.7527027027027027
5237,YGR038C-B YBR186W,0.0,NA,0.09914997965097427,442,1646,5014,224,0.7447447447447447,0.21168582375478928,0.6636636636636637,0.24714714714714714,0.7528528528528529
5238,YBL040C YAR028W,0.0,NA,0.09923003613948822,442,1645,5015,224,0.7448812448812449,0.21178725443219934,0.6636636636636637,0.246996996996997,0.753003003003003
5239,YIL005W YLR142W,0.0,NA,0.09929995983839035,442,1644,5016,224,0.745017745017745,0.21188878235858102,0.6636636636636637,0.24684684684684685,0.7531531531531531
5240,YFL050C YOR124C,0.0,NA,0.09938560426235199,442,1643,5017,224,0.7451542451542451,0.2119904076738609,0.6636636636636637,0.2466966966966967,0.7533033033033033
5241,YBL013W YNL245C,0.0,NA,0.09945172071456909,442,1642,5018,224,0.7452907452907452,0.21209213051823417,0.6636636636636637,0.24654654654654654,0.7534534534534535
5242,YDR236C YMR045C,0.0,NA,0.09966526180505753,442,1641,5019,224,0.7454272454272455,0.21219395103216515,0.6636636636636637,0.2463963963963964,0.7536036036036036
5243,YKL099C YFL002W-A,0.0,NA,0.09991883486509323,442,1640,5020,224,0.7455637455637456,0.21229586935638808,0.6636636636636637,0.24624624624624625,0.7537537537537538
5244,YBL064C YLR220W,0.0,NA,0.10018225759267807,442,1639,5021,224,0.7457002457002457,0.21239788563190773,0.6636636636636637,0.2460960960960961,0.7539039039039039
5245,YOR373W YIL076W,0.0,NA,0.10072965919971466,442,1638,5022,224,0.7458367458367459,0.2125,0.6636636636636637,0.24594594594594596,0.754054054054054
5246,YGR281W YLR309C,0.0,NA,0.10116631537675858,442,1637,5023,224,0.745973245973246,0.2126022126022126,0.6636636636636637,0.2457957957957958,0.7542042042042042
5247,YJL046W YLR321C,0.0,NA,0.10154493153095245,442,1636,5024,224,0.7461097461097461,0.21270452358036573,0.6636636636636637,0.24564564564564564,0.7543543543543544
5248,YHR092C YPR100W,1.0,NA,0.10189787298440933,441,1636,5024,225,0.745973245973246,0.21232546942705827,0.6621621621621622,0.24564564564564564,0.7543543543543544
5249,YJR027W YAR010C,0.0,NA,0.10193087160587311,441,1635,5025,225,0.7461097461097461,0.21242774566473988,0.6621621621621622,0.24549549549549549,0.7545045045045045
5250,YLR028C YJR120W,1.0,NA,0.10226239264011383,440,1635,5025,226,0.745973245973246,0.21204819277108433,0.6606606606606606,0.24549549549549549,0.7545045045045045
5251,YIL071W YCR066W,0.0,NA,0.10235882550477982,440,1634,5026,226,0.7461097461097461,0.21215043394406943,0.6606606606606606,0.24534534534534536,0.7546546546546546
5252,YDR341C YMR008C,0.0,NA,0.1024283766746521,440,1633,5027,226,0.7462462462462462,0.21225277375783888,0.6606606606606606,0.2451951951951952,0.7548048048048048
5253,YLR154W-C YNL177C,1.0,NA,0.10253631323575974,439,1633,5027,227,0.7461097461097461,0.21187258687258687,0.6591591591591591,0.2451951951951952,0.7548048048048048
5254,YJL018W YKL139W,0.0,NA,0.10261835157871246,439,1632,5028,227,0.7462462462462462,0.21197489135683245,0.6591591591591591,0.24504504504504504,0.7549549549549549
5255,YFL011W-A YOR033C,0.0,NA,0.10268725454807281,439,1631,5029,227,0.7463827463827464,0.21207729468599035,0.6591591591591591,0.24489489489489488,0.7551051051051051
5256,YLR376C YOR039W,0.0,NA,0.1031181737780571,439,1630,5030,227,0.7465192465192465,0.21217979700338327,0.6591591591591591,0.24474474474474475,0.7552552552552553
5257,YMR289W YBR204C,0.0,NA,0.10381493717432022,439,1629,5031,227,0.7466557466557466,0.2122823984526112,0.6591591591591591,0.2445945945945946,0.7554054054054054
5258,YOR396W YNL059C,0.0,NA,0.10388180613517761,439,1628,5032,227,0.7467922467922468,0.212385099177552,0.6591591591591591,0.24444444444444444,0.7555555555555555
5259,YGR266W YHR025W,0.0,NA,0.10395405441522598,439,1627,5033,227,0.7469287469287469,0.21248789932236206,0.6591591591591591,0.2442942942942943,0.7557057057057057
5260,YPR192W YPL028W,0.0,NA,0.1040671169757843,439,1626,5034,227,0.747065247065247,0.21259079903147698,0.6591591591591591,0.24414414414414415,0.7558558558558559
5261,YNL115C YDR228C,0.0,NA,0.10419273376464844,439,1625,5035,227,0.7472017472017473,0.2126937984496124,0.6591591591591591,0.243993993993994,0.756006006006006
5262,YLL016W YNL213C,0.0,NA,0.10420375317335129,439,1624,5036,227,0.7473382473382474,0.2127968977217644,0.6591591591591591,0.24384384384384383,0.7561561561561562
5263,YBR173C YOR142W-B,0.0,NA,0.10450964421033859,439,1623,5037,227,0.7474747474747475,0.21290009699321047,0.6591591591591591,0.2436936936936937,0.7563063063063064
5264,YDR146C YML012W,0.0,NA,0.10460425168275833,439,1622,5038,227,0.7476112476112476,0.21300339640950994,0.6591591591591591,0.24354354354354354,0.7564564564564564
5265,YOL165C YAR010C,0.0,NA,0.10463620722293854,439,1621,5039,227,0.7477477477477478,0.21310679611650485,0.6591591591591591,0.2433933933933934,0.7566066066066066
5266,YNL194C YBR247C,0.0,NA,0.10477448999881744,439,1620,5040,227,0.7478842478842479,0.21321029626032054,0.6591591591591591,0.24324324324324326,0.7567567567567568
5267,YGR127W YIL051C,0.0,NA,0.10485795885324478,439,1619,5041,227,0.748020748020748,0.21331389698736639,0.6591591591591591,0.2430930930930931,0.7569069069069069
5268,YEL038W YCR084C,0.0,NA,0.10486061871051788,439,1618,5042,227,0.7481572481572482,0.21341759844433641,0.6591591591591591,0.24294294294294294,0.7570570570570571
5269,YER075C YPL123C,0.0,NA,0.10492706298828125,439,1617,5043,227,0.7482937482937483,0.2135214007782101,0.6591591591591591,0.24279279279279278,0.7572072072072072
5270,YDR210W-A YMR058W,0.0,NA,0.10495829582214355,439,1616,5044,227,0.7484302484302484,0.21362530413625305,0.6591591591591591,0.24264264264264265,0.7573573573573573
5271,YGR027W-B YNL045W,0.0,NA,0.1051286831498146,439,1615,5045,227,0.7485667485667485,0.21372930866601753,0.6591591591591591,0.2424924924924925,0.7575075075075075
5272,YHR140W YCR096C,0.0,NA,0.10528026521205902,439,1614,5046,227,0.7487032487032487,0.2138334145153434,0.6591591591591591,0.24234234234234234,0.7576576576576577
5273,YMR016C YLL007C,0.0,NA,0.10550263524055481,439,1613,5047,227,0.7488397488397488,0.21393762183235868,0.6591591591591591,0.24219219219219218,0.7578078078078078
5274,YGR038W YOR142W-B,0.0,NA,0.10556762665510178,439,1612,5048,227,0.7489762489762489,0.21404193076548025,0.6591591591591591,0.24204204204204205,0.757957957957958
5275,YDR297W YPL162C,0.0,NA,0.10566413402557373,439,1611,5049,227,0.7491127491127492,0.21414634146341463,0.6591591591591591,0.2418918918918919,0.7581081081081081
5276,YNL284C-B YPR116W,0.0,NA,0.10569094866514206,439,1610,5050,227,0.7492492492492493,0.21425085407515862,0.6591591591591591,0.24174174174174173,0.7582582582582582
5277,YIL009W YKL155C,0.0,NA,0.10592126101255417,439,1609,5051,227,0.7493857493857494,0.21435546875,0.6591591591591591,0.2415915915915916,0.7584084084084084
5278,YHR061C YCL060C,0.0,NA,0.10621120035648346,439,1608,5052,227,0.7495222495222496,0.2144601856375183,0.6591591591591591,0.24144144144144145,0.7585585585585586
5279,YHR096C YCL026C-B,0.0,NA,0.106301449239254,439,1607,5053,227,0.7496587496587497,0.21456500488758554,0.6591591591591591,0.2412912912912913,0.7587087087087087
5280,YLR086W YLL007C,0.0,NA,0.10641375184059143,439,1606,5054,227,0.7497952497952498,0.21466992665036674,0.6591591591591591,0.24114114114114113,0.7588588588588588
5281,YPR022C YPL193W,0.0,NA,0.10661998391151428,439,1605,5055,227,0.7499317499317499,0.21477495107632094,0.6591591591591591,0.240990990990991,0.759009009009009
5282,YMR315W YBR195C,0.0,NA,0.10671334713697433,439,1604,5056,227,0.7500682500682501,0.21488007831620168,0.6591591591591591,0.24084084084084084,0.7591591591591592
5283,YLL025W YMR315W,0.0,NA,0.1069217249751091,439,1603,5057,227,0.7502047502047502,0.2149853085210578,0.6591591591591591,0.24069069069069068,0.7593093093093093
5284,YHR002W YDL168W,0.0,NA,0.10708646476268768,439,1602,5058,227,0.7503412503412503,0.2150906418422342,0.6591591591591591,0.24054054054054055,0.7594594594594595
5285,YML039W YJL052W,0.0,NA,0.10714367032051086,439,1601,5059,227,0.7504777504777504,0.21519607843137256,0.6591591591591591,0.2403903903903904,0.7596096096096097
5286,YKL188C YGL032C,0.0,NA,0.10730738192796707,439,1600,5060,227,0.7506142506142506,0.21530161844041196,0.6591591591591591,0.24024024024024024,0.7597597597597597
5287,YJR029W YGR055W,0.0,NA,0.10736077278852463,439,1599,5061,227,0.7507507507507507,0.2154072620215898,0.6591591591591591,0.24009009009009008,0.7599099099099099
5288,YDR259C YCL020W,0.0,NA,0.10738259553909302,439,1598,5062,227,0.7508872508872508,0.21551300932744233,0.6591591591591591,0.23993993993993995,0.7600600600600601
5289,YGR078C YER024W,0.0,NA,0.10746854543685913,439,1597,5063,227,0.7510237510237511,0.2156188605108055,0.6591591591591591,0.2397897897897898,0.7602102102102102
5290,YLR278C YPL129W,0.0,NA,0.10747154802083969,439,1596,5064,227,0.7511602511602512,0.21572481572481572,0.6591591591591591,0.23963963963963963,0.7603603603603604
5291,YBL075C YJR027W,0.0,NA,0.10757400840520859,439,1595,5065,227,0.7512967512967513,0.21583087512291052,0.6591591591591591,0.23948948948948948,0.7605105105105106
5292,YGR038C-B YBR055C,0.0,NA,0.10759977996349335,439,1594,5066,227,0.7514332514332515,0.2159370388588293,0.6591591591591591,0.23933933933933935,0.7606606606606606
5293,YLR409C YMR084W,0.0,NA,0.10824254155158997,439,1593,5067,227,0.7515697515697516,0.21604330708661418,0.6591591591591591,0.2391891891891892,0.7608108108108108
5294,YBR101C YHL022C,0.0,NA,0.10853388905525208,439,1592,5068,227,0.7517062517062517,0.21614967996061055,0.6591591591591591,0.23903903903903903,0.760960960960961
5295,YOL089C YPR021C,0.0,NA,0.10874174535274506,439,1591,5069,227,0.7518427518427518,0.216256157635468,0.6591591591591591,0.2388888888888889,0.7611111111111111
5296,YER123W YOR142W-B,0.0,NA,0.10875379294157028,439,1590,5070,227,0.751979251979252,0.21636274026614097,0.6591591591591591,0.23873873873873874,0.7612612612612613
5297,YCL020W YKR104W,0.0,NA,0.10916578769683838,439,1589,5071,227,0.7521157521157521,0.21646942800788954,0.6591591591591591,0.23858858858858858,0.7614114114114114
5298,YDL248W YKR051W,0.0,NA,0.10917797684669495,439,1588,5072,227,0.7522522522522522,0.2165762210162802,0.6591591591591591,0.23843843843843843,0.7615615615615615
5299,YMR260C YCR076C,0.0,NA,0.10930625349283218,439,1587,5073,227,0.7523887523887524,0.21668311944718657,0.6591591591591591,0.2382882882882883,0.7617117117117117
5300,YBR089C-A YFL002W-A,0.0,NA,0.10953718423843384,439,1586,5074,227,0.7525252525252525,0.21679012345679013,0.6591591591591591,0.23813813813813814,0.7618618618618619
5301,YPL113C YLR117C,0.0,NA,0.10973551869392395,439,1585,5075,227,0.7526617526617526,0.21689723320158102,0.6591591591591591,0.23798798798798798,0.762012012012012
5302,YDL045C YBR192W,0.0,NA,0.11004703491926193,439,1584,5076,227,0.7527982527982527,0.21700444883835887,0.6591591591591591,0.23783783783783785,0.7621621621621621
5303,YDR034W-B YER078C,0.0,NA,0.11028395593166351,439,1583,5077,227,0.752934752934753,0.21711177052423344,0.6591591591591591,0.2376876876876877,0.7623123123123123
5304,YDR324C YPL011C,0.0,NA,0.11032560467720032,439,1582,5078,227,0.7530712530712531,0.21721919841662543,0.6591591591591591,0.23753753753753754,0.7624624624624624
5305,YCR087C-A YML051W,0.0,NA,0.11053118854761124,439,1581,5079,227,0.7532077532077532,0.21732673267326733,0.6591591591591591,0.23738738738738738,0.7626126126126126
5306,YEL040W YPL257W-A,0.0,NA,0.11064839363098145,439,1580,5080,227,0.7533442533442534,0.21743437345220407,0.6591591591591591,0.23723723723723725,0.7627627627627628
5307,YDR534C YLR310C,0.0,NA,0.11079689860343933,439,1579,5081,227,0.7534807534807535,0.21754212091179387,0.6591591591591591,0.2370870870870871,0.762912912912913
5308,YOR339C YCL003W,0.0,NA,0.11086471378803253,439,1578,5082,227,0.7536172536172536,0.21764997521070897,0.6591591591591591,0.23693693693693693,0.763063063063063
5309,YLR139C YML081C-A,1.0,NA,0.11098194867372513,438,1578,5082,228,0.7534807534807535,0.21726190476190477,0.6576576576576577,0.23693693693693693,0.763063063063063
5310,YKL207W YGR027W-B,0.0,NA,0.11151979118585587,438,1577,5083,228,0.7536172536172536,0.2173697270471464,0.6576576576576577,0.23678678678678677,0.7632132132132132
5311,YML082W YHR058C,0.0,NA,0.11165137588977814,438,1576,5084,228,0.7537537537537538,0.21747765640516387,0.6576576576576577,0.23663663663663664,0.7633633633633634
5312,YLR309C YGR002C,0.0,NA,0.11178372800350189,438,1575,5085,228,0.7538902538902539,0.21758569299552907,0.6576576576576577,0.23648648648648649,0.7635135135135135
5313,YDR218C YBR137W,0.0,NA,0.1118013858795166,438,1574,5086,228,0.754026754026754,0.21769383697813122,0.6576576576576577,0.23633633633633633,0.7636636636636637
5314,YDR481C YIR035C,0.0,NA,0.11185853183269501,438,1573,5087,228,0.7541632541632541,0.21780208851317753,0.6576576576576577,0.2361861861861862,0.7638138138138139
5315,YKL069W YIL056W,0.0,NA,0.11192367970943451,438,1572,5088,228,0.7542997542997543,0.21791044776119403,0.6576576576576577,0.23603603603603604,0.7639639639639639
5316,YHR147C YIR042C,0.0,NA,0.1119295060634613,438,1571,5089,228,0.7544362544362544,0.21801891488302638,0.6576576576576577,0.23588588588588588,0.7641141141141141
5317,YNL116W YPL110C,0.0,NA,0.1120968610048294,438,1570,5090,228,0.7545727545727545,0.21812749003984064,0.6576576576576577,0.23573573573573572,0.7642642642642643
5318,YJL184W YAR010C,0.0,NA,0.1122046485543251,438,1569,5091,228,0.7547092547092548,0.21823617339312407,0.6576576576576577,0.2355855855855856,0.7644144144144144
5319,YOR021C YMR098C,0.0,NA,0.11264847218990326,438,1568,5092,228,0.7548457548457549,0.21834496510468593,0.6576576576576577,0.23543543543543544,0.7645645645645646
5320,YML012W YKR075C,0.0,NA,0.11268515139818192,438,1567,5093,228,0.754982254982255,0.21845386533665836,0.6576576576576577,0.23528528528528528,0.7647147147147147
5321,YEL077C YNL320W,0.0,NA,0.11270634829998016,438,1566,5094,228,0.7551187551187551,0.218562874251497,0.6576576576576577,0.23513513513513515,0.7648648648648648
5322,YDR497C YLR042C,0.0,NA,0.11294595152139664,438,1565,5095,228,0.7552552552552553,0.21867199201198204,0.6576576576576577,0.234984984984985,0.765015015015015
5323,YHR202W YCL020W,0.0,NA,0.11303924769163132,438,1564,5096,228,0.7553917553917554,0.21878121878121878,0.6576576576576577,0.23483483483483483,0.7651651651651652
5324,YCR098C YJR073C,0.0,NA,0.11306576430797577,438,1563,5097,228,0.7555282555282555,0.21889055472263869,0.6576576576576577,0.23468468468468467,0.7653153153153153
5325,YGR127W YOL049W,0.0,NA,0.11315349489450455,438,1562,5098,228,0.7556647556647557,0.219,0.6576576576576577,0.23453453453453454,0.7654654654654655
5326,YHR061C YMR102C,0.0,NA,0.11319109052419662,438,1561,5099,228,0.7558012558012558,0.2191095547773887,0.6576576576576577,0.2343843843843844,0.7656156156156156
5327,YLR014C YNR070W,0.0,NA,0.11327294260263443,438,1560,5100,228,0.7559377559377559,0.21921921921921922,0.6576576576576577,0.23423423423423423,0.7657657657657657
5328,YML131W YHR079C-A,0.0,NA,0.11345843225717545,438,1559,5101,228,0.756074256074256,0.21932899349023535,0.6576576576576577,0.23408408408408407,0.7659159159159159
5329,YHR140W YLR265C,0.0,NA,0.11347564309835434,438,1558,5102,228,0.7562107562107562,0.21943887775551102,0.6576576576576577,0.23393393393393394,0.7660660660660661
5330,YLR310C YGL130W,0.0,NA,0.1135806292295456,438,1557,5103,228,0.7563472563472563,0.21954887218045113,0.6576576576576577,0.23378378378378378,0.7662162162162162
5331,YNL230C YGR284C,0.0,NA,0.11369840055704117,438,1556,5104,228,0.7564837564837564,0.21965897693079237,0.6576576576576577,0.23363363363363363,0.7663663663663663
5332,YMR053C YGR266W,0.0,NA,0.11401844769716263,438,1555,5105,228,0.7566202566202567,0.21976919217260413,0.6576576576576577,0.2334834834834835,0.7665165165165165
5333,YBR204C YJL172W,0.0,NA,0.11419030278921127,438,1554,5106,228,0.7567567567567568,0.21987951807228914,0.6576576576576577,0.23333333333333334,0.7666666666666667
5334,YER058W YCR038C,0.0,NA,0.11423016339540482,438,1553,5107,228,0.7568932568932569,0.21998995479658462,0.6576576576576577,0.23318318318318318,0.7668168168168168
5335,YPL257W-A YDR466W,0.0,NA,0.11424440890550613,438,1552,5108,228,0.7570297570297571,0.2201005025125628,0.6576576576576577,0.23303303303303302,0.766966966966967
5336,YEL065W YCL029C,0.0,NA,0.11438369005918503,438,1551,5109,228,0.7571662571662572,0.22021116138763197,0.6576576576576577,0.2328828828828829,0.7671171171171172
5337,YLR425W YHL024W,0.0,NA,0.11445456743240356,438,1550,5110,228,0.7573027573027573,0.22032193158953722,0.6576576576576577,0.23273273273273273,0.7672672672672672
5338,YGL263W YNL241C,0.0,NA,0.11451563239097595,438,1549,5111,228,0.7574392574392574,0.22043281328636136,0.6576576576576577,0.23258258258258258,0.7674174174174174
5339,YGR122W YBR013C,0.0,NA,0.1147238239645958,438,1548,5112,228,0.7575757575757576,0.22054380664652568,0.6576576576576577,0.23243243243243245,0.7675675675675676
5340,YHR018C YLR309C,0.0,NA,0.11481931060552597,438,1547,5113,228,0.7577122577122577,0.22065491183879093,0.6576576576576577,0.2322822822822823,0.7677177177177177
5341,YHR001W YIL076W,0.0,NA,0.11493965983390808,438,1546,5114,228,0.7578487578487578,0.22076612903225806,0.6576576576576577,0.23213213213213213,0.7678678678678679
5342,YER053C YLR157C,0.0,NA,0.1149759441614151,438,1545,5115,228,0.757985257985258,0.22087745839636913,0.6576576576576577,0.23198198198198197,0.7680180180180181
5343,YOR087W YLR445W,0.0,NA,0.11528010666370392,438,1544,5116,228,0.7581217581217581,0.2209889001009082,0.6576576576576577,0.23183183183183184,0.7681681681681681
5344,YBR301W YOR197W,0.0,NA,0.11548557877540588,438,1543,5117,228,0.7582582582582582,0.22110045431600203,0.6576576576576577,0.23168168168168168,0.7683183183183183
5345,YPL220W YBR137W,0.0,NA,0.11551127582788467,438,1542,5118,228,0.7583947583947583,0.22121212121212122,0.6576576576576577,0.23153153153153153,0.7684684684684685
5346,YGL017W YMR160W,0.0,NA,0.11574036628007889,438,1541,5119,228,0.7585312585312586,0.22132390096008084,0.6576576576576577,0.23138138138138137,0.7686186186186186
5347,YOR343W-A YJR024C,0.0,NA,0.11599230766296387,438,1540,5120,228,0.7586677586677587,0.22143579373104147,0.6576576576576577,0.23123123123123124,0.7687687687687688
5348,YHR185C YER129W,0.0,NA,0.11606881767511368,438,1539,5121,228,0.7588042588042588,0.22154779969650987,0.6576576576576577,0.23108108108108108,0.768918918918919
5349,YCL060C YJL173C,0.0,NA,0.11624624580144882,438,1538,5122,228,0.758940758940759,0.2216599190283401,0.6576576576576577,0.23093093093093092,0.769069069069069
5350,YMR257C YIL172C,0.0,NA,0.11637480556964874,438,1537,5123,228,0.7590772590772591,0.22177215189873417,0.6576576576576577,0.2307807807807808,0.7692192192192192
5351,YML039W YML078W,0.0,NA,0.11662761121988297,438,1536,5124,228,0.7592137592137592,0.22188449848024316,0.6576576576576577,0.23063063063063063,0.7693693693693694
5352,YDR257C YGR027W-B,0.0,NA,0.11664559692144394,438,1535,5125,228,0.7593502593502593,0.22199695894576787,0.6576576576576577,0.23048048048048048,0.7695195195195195
5353,YLR008C YNL316C,0.0,NA,0.11700733751058578,438,1534,5126,228,0.7594867594867595,0.22210953346855983,0.6576576576576577,0.23033033033033032,0.7696696696696697
5354,YER090W YPR185W,0.0,NA,0.11730532348155975,438,1533,5127,228,0.7596232596232596,0.2222222222222222,0.6576576576576577,0.2301801801801802,0.7698198198198198
5355,YJL052W YIL056W,0.0,NA,0.11739441007375717,438,1532,5128,228,0.7597597597597597,0.22233502538071065,0.6576576576576577,0.23003003003003003,0.76996996996997
5356,YGL079W YKL165C,0.0,NA,0.11748550832271576,438,1531,5129,228,0.7598962598962599,0.22244794311833418,0.6576576576576577,0.22987987987987987,0.7701201201201201
5357,YLR392C YJR094W-A,0.0,NA,0.117486372590065,438,1530,5130,228,0.76003276003276,0.2225609756097561,0.6576576576576577,0.22972972972972974,0.7702702702702703
5358,YJR120W YGL191W,1.0,NA,0.11751396954059601,437,1530,5130,229,0.7598962598962599,0.22216573462125064,0.6561561561561562,0.22972972972972974,0.7702702702702703
5359,YFL054C YDR351W,0.0,NA,0.11766041815280914,437,1529,5131,229,0.76003276003276,0.22227873855544253,0.6561561561561562,0.22957957957957958,0.7704204204204205
5360,YKL061W YPL031C,0.0,NA,0.1177501454949379,437,1528,5132,229,0.7601692601692601,0.2223918575063613,0.6561561561561562,0.22942942942942943,0.7705705705705705
5361,YGR251W YPL024W,0.0,NA,0.1179819330573082,437,1527,5133,229,0.7603057603057604,0.2225050916496945,0.6561561561561562,0.22927927927927927,0.7707207207207207
5362,YGR038C-B YPL243W,0.0,NA,0.11822257936000824,437,1526,5134,229,0.7604422604422605,0.22261844116148752,0.6561561561561562,0.22912912912912914,0.7708708708708709
5363,YHR097C YDR462W,0.0,NA,0.1182560846209526,437,1525,5135,229,0.7605787605787606,0.22273190621814476,0.6561561561561562,0.22897897897897898,0.771021021021021
5364,YMR244C-A YNL330C,0.0,NA,0.11826811730861664,437,1524,5136,229,0.7607152607152607,0.2228454869964304,0.6561561561561562,0.22882882882882882,0.7711711711711712
5365,YOL109W YGR266W,0.0,NA,0.11846352368593216,437,1523,5137,229,0.7608517608517609,0.2229591836734694,0.6561561561561562,0.22867867867867867,0.7713213213213214
5366,YDR259C YCR096C,0.0,NA,0.11859476566314697,437,1522,5138,229,0.760988260988261,0.22307299642674835,0.6561561561561562,0.22852852852852854,0.7714714714714714
5367,YGR108W YKL087C,0.0,NA,0.11908664554357529,437,1521,5139,229,0.7611247611247611,0.22318692543411645,0.6561561561561562,0.22837837837837838,0.7716216216216216
5368,YJR064W YMR208W,0.0,NA,0.11919981986284256,437,1520,5140,229,0.7612612612612613,0.22330097087378642,0.6561561561561562,0.22822822822822822,0.7717717717717718
5369,YPL143W YBR204C,0.0,NA,0.11928599327802658,437,1519,5141,229,0.7613977613977614,0.22341513292433537,0.6561561561561562,0.2280780780780781,0.7719219219219219
5370,YLR201C YJR120W,1.0,NA,0.11938194185495377,436,1519,5141,230,0.7612612612612613,0.22301790281329922,0.6546546546546547,0.2280780780780781,0.7719219219219219
5371,YDR167W YJR015W,0.0,NA,0.11949244886636734,436,1518,5142,230,0.7613977613977614,0.22313203684749233,0.6546546546546547,0.22792792792792793,0.7720720720720721
5372,YLR293C YDR064W,0.0,NA,0.11954788118600845,436,1517,5143,230,0.7615342615342615,0.22324628776241678,0.6546546546546547,0.22777777777777777,0.7722222222222223
5373,YCR008W YJL056C,0.0,NA,0.11959759891033173,436,1516,5144,230,0.7616707616707616,0.22336065573770492,0.6546546546546547,0.22762762762762762,0.7723723723723723
5374,YNR067C YMR084W,0.0,NA,0.11995408684015274,436,1515,5145,230,0.7618072618072618,0.22347514095335724,0.6546546546546547,0.22747747747747749,0.7725225225225225
5375,YOR270C YOR158W,0.0,NA,0.12065301090478897,436,1514,5146,230,0.7619437619437619,0.2235897435897436,0.6546546546546547,0.22732732732732733,0.7726726726726727
5376,YEL006W YKL072W,0.0,NA,0.12082033604383469,436,1513,5147,230,0.762080262080262,0.2237044638276039,0.6546546546546547,0.22717717717717717,0.7728228228228228
5377,YGR038C-B YLR443W,0.0,NA,0.12082129716873169,436,1512,5148,230,0.7622167622167623,0.22381930184804927,0.6546546546546547,0.22702702702702704,0.772972972972973
5378,YGR120C YJR127C,0.0,NA,0.12084425240755081,436,1511,5149,230,0.7623532623532624,0.2239342578325629,0.6546546546546547,0.22687687687687688,0.7731231231231231
5379,YLR042C YBR186W,0.0,NA,0.12141439318656921,436,1510,5150,230,0.7624897624897625,0.22404933196300103,0.6546546546546547,0.22672672672672672,0.7732732732732732
5380,YMR058W YIL166C,0.0,NA,0.12141644954681396,436,1509,5151,230,0.7626262626262627,0.22416452442159382,0.6546546546546547,0.22657657657657657,0.7734234234234234
5381,YHR080C YPL153C,0.0,NA,0.12196417152881622,436,1508,5152,230,0.7627627627627628,0.2242798353909465,0.6546546546546547,0.22642642642642644,0.7735735735735736
5382,YCR005C YJL166W,1.0,NA,0.12212446331977844,435,1508,5152,231,0.7626262626262627,0.22388059701492538,0.6531531531531531,0.22642642642642644,0.7735735735735736
5383,YIR031C YJL166W,1.0,NA,0.1223568320274353,434,1508,5152,232,0.7624897624897625,0.223480947476828,0.6516516516516516,0.22642642642642644,0.7735735735735736
5384,YLR173W YPL051W,0.0,NA,0.12240499258041382,434,1507,5153,232,0.7626262626262627,0.22359608449252963,0.6516516516516516,0.22627627627627628,0.7737237237237238
5385,YMR257C YDL135C,0.0,NA,0.12245755642652512,434,1506,5154,232,0.7627627627627628,0.22371134020618558,0.6516516516516516,0.22612612612612612,0.7738738738738739
5386,YDR342C YGR109W-A,0.0,NA,0.12247811257839203,434,1505,5155,232,0.7628992628992629,0.22382671480144403,0.6516516516516516,0.22597597597597596,0.774024024024024
5387,YDR273W YKR026C,0.0,NA,0.12258236110210419,434,1504,5156,232,0.763035763035763,0.22394220846233232,0.6516516516516516,0.22582582582582583,0.7741741741741742
5388,YGR266W YPL258C,0.0,NA,0.12323108315467834,434,1503,5157,232,0.7631722631722632,0.2240578213732576,0.6516516516516516,0.22567567567567567,0.7743243243243243
5389,YOR019W YLR360W,0.0,NA,0.12355867773294449,434,1502,5158,232,0.7633087633087633,0.22417355371900827,0.6516516516516516,0.22552552552552552,0.7744744744744745
5390,YML025C YDL120W,1.0,NA,0.12367266416549683,433,1502,5158,233,0.7631722631722632,0.22377260981912145,0.6501501501501501,0.22552552552552552,0.7744744744744745
5391,YPR143W YPL257W-A,0.0,NA,0.12393451482057571,433,1501,5159,233,0.7633087633087633,0.22388831437435366,0.6501501501501501,0.2253753753753754,0.7746246246246247
5392,YPL240C YDR026C,0.0,NA,0.12399443238973618,433,1500,5160,233,0.7634452634452634,0.2240041386445939,0.6501501501501501,0.22522522522522523,0.7747747747747747
5393,YIL135C YIL134W,0.0,NA,0.12440794706344604,433,1499,5161,233,0.7635817635817636,0.22412008281573498,0.6501501501501501,0.22507507507507507,0.7749249249249249
5394,YMR279C YOL096C,0.0,NA,0.12517176568508148,433,1498,5162,233,0.7637182637182637,0.2242361470740549,0.6501501501501501,0.2249249249249249,0.7750750750750751
5395,YLR371W YLR053C,0.0,NA,0.12518975138664246,433,1497,5163,233,0.7638547638547638,0.22435233160621762,0.6501501501501501,0.22477477477477478,0.7752252252252252
5396,YNL284C-B YBR029C,0.0,NA,0.1256210207939148,433,1496,5164,233,0.7639912639912639,0.22446863659927424,0.6501501501501501,0.22462462462462462,0.7753753753753754
5397,YOR223W YFL002C,0.0,NA,0.12574230134487152,433,1495,5165,233,0.7641277641277642,0.2245850622406639,0.6501501501501501,0.22447447447447447,0.7755255255255256
5398,YLR115W YOR343W-A,0.0,NA,0.12578265368938446,433,1494,5166,233,0.7642642642642643,0.22470160871821485,0.6501501501501501,0.22432432432432434,0.7756756756756756
5399,YNL115C YLR088W,0.0,NA,0.12682096660137177,433,1493,5167,233,0.7644007644007644,0.22481827622014539,0.6501501501501501,0.22417417417417418,0.7758258258258258
5400,YLR265C YOR343W-A,0.0,NA,0.12693271040916443,433,1492,5168,233,0.7645372645372646,0.22493506493506493,0.6501501501501501,0.22402402402402402,0.775975975975976
5401,YMR262W YGL032C,0.0,NA,0.12693729996681213,433,1491,5169,233,0.7646737646737647,0.22505197505197505,0.6501501501501501,0.22387387387387386,0.7761261261261261
5402,YOR223W YAL027W,0.0,NA,0.12705495953559875,433,1490,5170,233,0.7648102648102648,0.2251690067602704,0.6501501501501501,0.22372372372372373,0.7762762762762763
5403,YOR113W YOR343W-A,0.0,NA,0.12718327343463898,433,1489,5171,233,0.764946764946765,0.22528616024973985,0.6501501501501501,0.22357357357357358,0.7764264264264265
5404,YLL034C YAR010C,0.0,NA,0.12744832038879395,433,1488,5172,233,0.7650832650832651,0.22540343571056742,0.6501501501501501,0.22342342342342342,0.7765765765765765
5405,YMR045C YGR027W-B,0.0,NA,0.12790626287460327,433,1487,5173,233,0.7652197652197652,0.22552083333333334,0.6501501501501501,0.22327327327327326,0.7767267267267267
5406,YDR225W YBR172C,0.0,NA,0.12792833149433136,433,1486,5174,233,0.7653562653562653,0.2256383533090151,0.6501501501501501,0.22312312312312313,0.7768768768768769
5407,YDR261C-D YBR137W,0.0,NA,0.12842147052288055,433,1485,5175,233,0.7654927654927655,0.22575599582898853,0.6501501501501501,0.22297297297297297,0.777027027027027
5408,YKR088C YIL166C,0.0,NA,0.12844811379909515,433,1484,5176,233,0.7656292656292656,0.22587376108502868,0.6501501501501501,0.2228228228228228,0.7771771771771772
5409,YJR029W YKL135C,0.0,NA,0.12848687171936035,433,1483,5177,233,0.7657657657657657,0.22599164926931106,0.6501501501501501,0.22267267267267268,0.7773273273273273
5410,YGL116W YHR126C,0.0,NA,0.12853482365608215,433,1482,5178,233,0.765902265902266,0.22610966057441254,0.6501501501501501,0.22252252252252253,0.7774774774774775
5411,YDR466W YCL012W,0.0,NA,0.1285763680934906,433,1481,5179,233,0.7660387660387661,0.22622779519331243,0.6501501501501501,0.22237237237237237,0.7776276276276276
5412,YNL284C-B YDR228C,0.0,NA,0.12867975234985352,433,1480,5180,233,0.7661752661752662,0.22634605331939361,0.6501501501501501,0.2222222222222222,0.7777777777777778
5413,YLR266C YBR004C,0.0,NA,0.12870670855045319,433,1479,5181,233,0.7663117663117663,0.22646443514644352,0.6501501501501501,0.22207207207207208,0.777927927927928
5414,YNL302C YDR257C,0.0,NA,0.12882782518863678,433,1478,5182,233,0.7664482664482665,0.22658294086865516,0.6501501501501501,0.22192192192192192,0.778078078078078
5415,YNR047W YPL092W,0.0,NA,0.1288597136735916,433,1477,5183,233,0.7665847665847666,0.22670157068062827,0.6501501501501501,0.22177177177177176,0.7782282282282282
5416,YMR315W YLR394W,0.0,NA,0.1288910210132599,433,1476,5184,233,0.7667212667212667,0.22682032477737035,0.6501501501501501,0.22162162162162163,0.7783783783783784
5417,YGR109W-A YGL097W,0.0,NA,0.12892669439315796,433,1475,5185,233,0.7668577668577669,0.22693920335429768,0.6501501501501501,0.22147147147147148,0.7785285285285285
5418,YOR129C YKL039W,0.0,NA,0.12932732701301575,433,1474,5186,233,0.766994266994267,0.2270582066072365,0.6501501501501501,0.22132132132132132,0.7786786786786787
5419,YPL243W YJR111C,0.0,NA,0.12934662401676178,433,1473,5187,233,0.7671307671307671,0.22717733473242394,0.6501501501501501,0.22117117117117116,0.7788288288288289
5420,YOR173W YMR316C-A,0.0,NA,0.12960322201251984,433,1472,5188,233,0.7672672672672672,0.2272965879265092,0.6501501501501501,0.22102102102102103,0.7789789789789789
5421,YDL176W YOR214C,0.0,NA,0.1296532303094864,433,1471,5189,233,0.7674037674037674,0.22741596638655462,0.6501501501501501,0.22087087087087087,0.7791291291291291
5422,YOR273C YDR531W,0.0,NA,0.129873588681221,433,1470,5190,233,0.7675402675402675,0.2275354703100368,0.6501501501501501,0.22072072072072071,0.7792792792792793
5423,YGR027W-B YER037W,0.0,NA,0.12997877597808838,433,1469,5191,233,0.7676767676767676,0.22765509989484753,0.6501501501501501,0.22057057057057058,0.7794294294294294
5424,YPL262W YGL040C,1.0,NA,0.13013531267642975,432,1469,5191,234,0.7675402675402675,0.2272488164124145,0.6486486486486487,0.22057057057057058,0.7794294294294294
5425,YDR034W-B YGL147C,0.0,NA,0.13046716153621674,432,1468,5192,234,0.7676767676767676,0.22736842105263158,0.6486486486486487,0.22042042042042043,0.7795795795795796
5426,YDL176W YCR096C,0.0,NA,0.13047245144844055,432,1467,5193,234,0.7678132678132679,0.22748815165876776,0.6486486486486487,0.22027027027027027,0.7797297297297298
5427,YNL284C-B YLR359W,0.0,NA,0.13048814237117767,432,1466,5194,234,0.767949767949768,0.22760800842992623,0.6486486486486487,0.2201201201201201,0.7798798798798798
5428,YLR201C YLR154W-C,1.0,NA,0.13073508441448212,431,1466,5194,235,0.7678132678132679,0.2272008434370058,0.6471471471471472,0.2201201201201201,0.7798798798798798
5429,YDL113C YOR223W,0.0,NA,0.13079245388507843,431,1465,5195,235,0.767949767949768,0.22732067510548523,0.6471471471471472,0.21996996996996998,0.78003003003003
5430,YCR092C YMR084W,0.0,NA,0.13086353242397308,431,1464,5196,235,0.7680862680862681,0.22744063324538258,0.6471471471471472,0.21981981981981982,0.7801801801801802
5431,YLR204W YNL183C,0.0,NA,0.13090083003044128,431,1463,5197,235,0.7682227682227682,0.2275607180570222,0.6471471471471472,0.21966966966966966,0.7803303303303303
5432,YIL071W YFR015C,0.0,NA,0.13091951608657837,431,1462,5198,235,0.7683592683592684,0.22768092974115162,0.6471471471471472,0.2195195195195195,0.7804804804804805
5433,YLR154W-C YHL004W,1.0,NA,0.1309945285320282,430,1462,5198,236,0.7682227682227682,0.22727272727272727,0.6456456456456456,0.2195195195195195,0.7804804804804805
5434,YOL165C YLR265C,0.0,NA,0.1313849538564682,430,1461,5199,236,0.7683592683592684,0.22739291380222104,0.6456456456456456,0.21936936936936938,0.7806306306306307
5435,YGR262C YOR077W,0.0,NA,0.1315111666917801,430,1460,5200,236,0.7684957684957685,0.2275132275132275,0.6456456456456456,0.21921921921921922,0.7807807807807807
5436,YPR128C YLR394W,0.0,NA,0.13176773488521576,430,1459,5201,236,0.7686322686322686,0.22763366860772896,0.6456456456456456,0.21906906906906906,0.7809309309309309
5437,YGR109W-A YMR192W,0.0,NA,0.1319935917854309,430,1458,5202,236,0.7687687687687688,0.2277542372881356,0.6456456456456456,0.21891891891891893,0.7810810810810811
5438,YJL063C YGL068W,1.0,NA,0.13217170536518097,429,1458,5202,237,0.7686322686322686,0.2273449920508744,0.6441441441441441,0.21891891891891893,0.7810810810810811
5439,YLR053C YEL004W,0.0,NA,0.13231031596660614,429,1457,5203,237,0.7687687687687688,0.22746553552492046,0.6441441441441441,0.21876876876876877,0.7812312312312313
5440,YGR109W-A YMR005W,0.0,NA,0.13233913481235504,429,1456,5204,237,0.7689052689052689,0.22758620689655173,0.6441441441441441,0.21861861861861862,0.7813813813813814
5441,YKR051W YGL147C,0.0,NA,0.13247165083885193,429,1455,5205,237,0.769041769041769,0.22770700636942676,0.6441441441441441,0.21846846846846846,0.7815315315315315
5442,YDL061C YMR279C,0.0,NA,0.13273325562477112,429,1454,5206,237,0.7691782691782691,0.22782793414763675,0.6441441441441441,0.21831831831831833,0.7816816816816817
5443,YKR051W YOR173W,0.0,NA,0.13285334408283234,429,1453,5207,237,0.7693147693147693,0.22794899043570668,0.6441441441441441,0.21816816816816817,0.7818318318318318
5444,YDR367W YPL267W,0.0,NA,0.13323116302490234,429,1452,5208,237,0.7694512694512694,0.22807017543859648,0.6441441441441441,0.218018018018018,0.781981981981982
5445,YOR142W-B YGL092W,0.0,NA,0.133596733212471,429,1451,5209,237,0.7695877695877695,0.22819148936170214,0.6441441441441441,0.21786786786786788,0.7821321321321322
5446,YJR094C YDR261C-D,0.0,NA,0.133596733212471,429,1450,5210,237,0.7697242697242698,0.22831293241085684,0.6441441441441441,0.21771771771771772,0.7822822822822822
5447,YCL055W YIL083C,0.0,NA,0.1336342841386795,429,1449,5211,237,0.7698607698607699,0.22843450479233227,0.6441441441441441,0.21756756756756757,0.7824324324324324
5448,YGL095C YFL002W-A,0.0,NA,0.1336418092250824,429,1448,5212,237,0.76999726999727,0.22855620671283963,0.6441441441441441,0.2174174174174174,0.7825825825825826
5449,YPR158C-C YBL068W,0.0,NA,0.13365930318832397,429,1447,5213,237,0.7701337701337702,0.2286780383795309,0.6441441441441441,0.21726726726726728,0.7827327327327327
5450,YDR210W-A YDR180W,0.0,NA,0.13381712138652802,429,1446,5214,237,0.7702702702702703,0.2288,0.6441441441441441,0.21711711711711712,0.7828828828828829
5451,YBR223C YKL178C,0.0,NA,0.13384994864463806,429,1445,5215,237,0.7704067704067704,0.2289220917822839,0.6441441441441441,0.21696696696696696,0.7830330330330331
5452,YER122C YPR158C-C,0.0,NA,0.13435040414333344,429,1444,5216,237,0.7705432705432705,0.22904431393486385,0.6441441441441441,0.2168168168168168,0.7831831831831831
5453,YDR371W YOR142W-B,0.0,NA,0.13443781435489655,429,1443,5217,237,0.7706797706797707,0.22916666666666666,0.6441441441441441,0.21666666666666667,0.7833333333333333
5454,YDL085W YDR210W-A,0.0,NA,0.13453538715839386,429,1442,5218,237,0.7708162708162708,0.22928915018706575,0.6441441441441441,0.21651651651651652,0.7834834834834835
5455,YDL049C YPR158C-C,0.0,NA,0.13473574817180634,429,1441,5219,237,0.7709527709527709,0.22941176470588234,0.6441441441441441,0.21636636636636636,0.7836336336336336
5456,YBR119W YLR266C,0.0,NA,0.13474427163600922,429,1440,5220,237,0.7710892710892711,0.22953451043338685,0.6441441441441441,0.21621621621621623,0.7837837837837838
5457,YKL207W YGL197W,0.0,NA,0.13478761911392212,429,1439,5221,237,0.7712257712257712,0.2296573875802998,0.6441441441441441,0.21606606606606607,0.783933933933934
5458,YGR062C YDR210W-A,0.0,NA,0.13480719923973083,429,1438,5222,237,0.7713622713622713,0.22978039635779324,0.6441441441441441,0.2159159159159159,0.784084084084084
5459,YNR065C YHR126C,0.0,NA,0.13483808934688568,429,1437,5223,237,0.7714987714987716,0.22990353697749197,0.6441441441441441,0.21576576576576575,0.7842342342342342
5460,YDR034W-B YDR277C,0.0,NA,0.1348477452993393,429,1436,5224,237,0.7716352716352717,0.23002680965147454,0.6441441441441441,0.21561561561561562,0.7843843843843844
5461,YML058W-A YOR116C,0.0,NA,0.13492687046527863,429,1435,5225,237,0.7717717717717718,0.23015021459227467,0.6441441441441441,0.21546546546546547,0.7845345345345346
5462,YGR038C-B YLR160C,0.0,NA,0.1350976675748825,429,1434,5226,237,0.7719082719082719,0.23027375201288244,0.6441441441441441,0.2153153153153153,0.7846846846846847
5463,YLR134W YBL068W,0.0,NA,0.1351756900548935,429,1433,5227,237,0.7720447720447721,0.23039742212674544,0.6441441441441441,0.21516516516516518,0.7848348348348348
5464,YDR134C YBR211C,0.0,NA,0.13519436120986938,429,1432,5228,237,0.7721812721812722,0.23052122514777001,0.6441441441441441,0.21501501501501502,0.784984984984985
5465,YJL052W YPL257W-A,0.0,NA,0.13524465262889862,429,1431,5229,237,0.7723177723177723,0.2306451612903226,0.6441441441441441,0.21486486486486486,0.7851351351351351
5466,YOR311C YJL148W,0.0,NA,0.13528288900852203,429,1430,5230,237,0.7724542724542725,0.23076923076923078,0.6441441441441441,0.2147147147147147,0.7852852852852853
5467,YNL284C-B YFL027C,0.0,NA,0.13561275601387024,429,1429,5231,237,0.7725907725907726,0.23089343379978472,0.6441441441441441,0.21456456456456457,0.7854354354354355
5468,YMR247C YKL072W,0.0,NA,0.13564042747020721,429,1428,5232,237,0.7727272727272727,0.2310177705977383,0.6441441441441441,0.21441441441441442,0.7855855855855856
5469,YOR197W YNL100W,0.0,NA,0.13569426536560059,429,1427,5233,237,0.7728637728637728,0.23114224137931033,0.6441441441441441,0.21426426426426426,0.7857357357357357
5470,YPR071W YPL154C,0.0,NA,0.13573552668094635,429,1426,5234,237,0.773000273000273,0.231266846361186,0.6441441441441441,0.2141141141141141,0.7858858858858859
5471,YDR300C YDR210W-A,0.0,NA,0.1360125094652176,429,1425,5235,237,0.7731367731367731,0.2313915857605178,0.6441441441441441,0.21396396396396397,0.786036036036036
5472,YGR133W YER066W,0.0,NA,0.1362106204032898,429,1424,5236,237,0.7732732732732732,0.23151645979492713,0.6441441441441441,0.2138138138138138,0.7861861861861862
5473,YDR224C YOR142W-B,0.0,NA,0.1362142711877823,429,1423,5237,237,0.7734097734097735,0.2316414686825054,0.6441441441441441,0.21366366366366366,0.7863363363363364
5474,YBR278W YOR214C,0.0,NA,0.13641124963760376,429,1422,5238,237,0.7735462735462736,0.23176661264181522,0.6441441441441441,0.21351351351351353,0.7864864864864864
5475,YIL129C YPL074W,0.0,NA,0.13653378188610077,429,1421,5239,237,0.7736827736827737,0.23189189189189188,0.6441441441441441,0.21336336336336337,0.7866366366366366
5476,YLR342W YGL084C,0.0,NA,0.13664649426937103,429,1420,5240,237,0.7738192738192738,0.23201730665224446,0.6441441441441441,0.2132132132132132,0.7867867867867868
5477,YGR109W-A YEL004W,0.0,NA,0.13683348894119263,429,1419,5241,237,0.773955773955774,0.23214285714285715,0.6441441441441441,0.21306306306306305,0.7869369369369369
5478,YIR031C YPR001W,1.0,NA,0.1373918503522873,428,1419,5241,238,0.7738192738192738,0.23172712506767731,0.6426426426426426,0.21306306306306305,0.7869369369369369
5479,YJR013W YFL035C,0.0,NA,0.13740460574626923,428,1418,5242,238,0.773955773955774,0.23185265438786565,0.6426426426426426,0.21291291291291292,0.7870870870870871
5480,YOL073C YLR441C,0.0,NA,0.1376599222421646,428,1417,5243,238,0.7740922740922741,0.23197831978319783,0.6426426426426426,0.21276276276276276,0.7872372372372373
5481,YCL038C YIL047C,0.0,NA,0.13775980472564697,428,1416,5244,238,0.7742287742287742,0.23210412147505424,0.6426426426426426,0.2126126126126126,0.7873873873873873
5482,YNL129W YIL172C,0.0,NA,0.13783013820648193,428,1415,5245,238,0.7743652743652744,0.23223005968529573,0.6426426426426426,0.21246246246246248,0.7875375375375375
5483,YMR053C YCR093W,0.0,NA,0.13802552223205566,428,1414,5246,238,0.7745017745017745,0.23235613463626492,0.6426426426426426,0.21231231231231232,0.7876876876876877
5484,YLR126C YGL250W,0.0,NA,0.13829591870307922,428,1413,5247,238,0.7746382746382746,0.23248234655078762,0.6426426426426426,0.21216216216216216,0.7878378378378378
5485,YJL209W YOR065W,1.0,NA,0.13845637440681458,427,1413,5247,239,0.7745017745017745,0.23206521739130434,0.6411411411411412,0.21216216216216216,0.7878378378378378
5486,YOR067C YML081W,0.0,NA,0.13851821422576904,427,1412,5248,239,0.7746382746382746,0.23219140837411636,0.6411411411411412,0.212012012012012,0.787987987987988
5487,YML082W YDR182W,0.0,NA,0.13852985203266144,427,1411,5249,239,0.7747747747747747,0.2323177366702938,0.6411411411411412,0.21186186186186187,0.7881381381381382
5488,YOR348C YIL166C,0.0,NA,0.13854975998401642,427,1410,5250,239,0.7749112749112749,0.23244420250408274,0.6411411411411412,0.21171171171171171,0.7882882882882883
5489,YOR343W-A YGL075C,0.0,NA,0.13855275511741638,427,1409,5251,239,0.775047775047775,0.23257080610021785,0.6411411411411412,0.21156156156156156,0.7884384384384384
5490,YDL176W YNL100W,0.0,NA,0.13880768418312073,427,1408,5252,239,0.7751842751842751,0.2326975476839237,0.6411411411411412,0.2114114114114114,0.7885885885885886
5491,YLR154W-C YMR188C,1.0,NA,0.1388152539730072,426,1408,5252,240,0.775047775047775,0.23227917121046893,0.6396396396396397,0.2114114114114114,0.7885885885885886
5492,YNL100W YFL002W-A,0.0,NA,0.13893206417560577,426,1407,5253,240,0.7751842751842751,0.23240589198036007,0.6396396396396397,0.21126126126126127,0.7887387387387388
5493,YHR039C-A YIL172C,0.0,NA,0.13901416957378387,426,1406,5254,240,0.7753207753207754,0.23253275109170304,0.6396396396396397,0.2111111111111111,0.7888888888888889
5494,YGR027W-B YAR027W,0.0,NA,0.13910958170890808,426,1405,5255,240,0.7754572754572755,0.2326597487711633,0.6396396396396397,0.21096096096096095,0.789039039039039
5495,YNR030W YNL092W,0.0,NA,0.13915064930915833,426,1404,5256,240,0.7755937755937756,0.23278688524590163,0.6396396396396397,0.21081081081081082,0.7891891891891892
5496,YOR007C YPR158C-C,0.0,NA,0.1391976773738861,426,1403,5257,240,0.7757302757302758,0.23291416074357574,0.6396396396396397,0.21066066066066066,0.7893393393393393
5497,YOR148C YLL039C,0.0,NA,0.1392090618610382,426,1402,5258,240,0.7758667758667759,0.23304157549234136,0.6396396396396397,0.2105105105105105,0.7894894894894895
5498,YJR117W YHR059W,0.0,NA,0.13928301632404327,426,1401,5259,240,0.776003276003276,0.23316912972085385,0.6396396396396397,0.21036036036036035,0.7896396396396397
5499,YLR460C YPR158C-C,0.0,NA,0.13935931026935577,426,1400,5260,240,0.7761397761397761,0.23329682365826945,0.6396396396396397,0.21021021021021022,0.7897897897897898
5500,YDL077C YDR462W,0.0,NA,0.13951300084590912,426,1399,5261,240,0.7762762762762763,0.23342465753424657,0.6396396396396397,0.21006006006006006,0.7899399399399399
5501,YML131W YNL238W,0.0,NA,0.13973543047904968,426,1398,5262,240,0.7764127764127764,0.23355263157894737,0.6396396396396397,0.2099099099099099,0.7900900900900901
5502,YNL284C-B YPR168W,0.0,NA,0.1398598551750183,426,1397,5263,240,0.7765492765492765,0.23368074602303895,0.6396396396396397,0.20975975975975977,0.7902402402402402
5503,YJL058C YIL071W,0.0,NA,0.1399129331111908,426,1396,5264,240,0.7766857766857767,0.23380900109769484,0.6396396396396397,0.20960960960960962,0.7903903903903904
5504,YBR013C YOR393W,0.0,NA,0.1401287168264389,426,1395,5265,240,0.7768222768222768,0.23393739703459637,0.6396396396396397,0.20945945945945946,0.7905405405405406
5505,YIR027C YLR278C,0.0,NA,0.1402222216129303,426,1394,5266,240,0.7769587769587769,0.23406593406593407,0.6396396396396397,0.2093093093093093,0.7906906906906906
5506,YJL051W YCL060C,0.0,NA,0.14041639864444733,426,1393,5267,240,0.7770952770952771,0.234194612424409,0.6396396396396397,0.20915915915915917,0.7908408408408408
5507,YIL172C YGR258C,0.0,NA,0.14094626903533936,426,1392,5268,240,0.7772317772317773,0.23432343234323433,0.6396396396396397,0.209009009009009,0.790990990990991
5508,YBR269C YIL134W,0.0,NA,0.14122071862220764,426,1391,5269,240,0.7773682773682774,0.2344523940561365,0.6396396396396397,0.20885885885885885,0.7911411411411411
5509,YOR339C YDR034W-B,0.0,NA,0.14135220646858215,426,1390,5270,240,0.7775047775047775,0.23458149779735682,0.6396396396396397,0.2087087087087087,0.7912912912912913
5510,YOL137W YGR119C,0.0,NA,0.14154869318008423,426,1389,5271,240,0.7776412776412777,0.23471074380165288,0.6396396396396397,0.20855855855855857,0.7914414414414415
5511,YIR035C YLR132C,0.0,NA,0.14166313409805298,426,1388,5272,240,0.7777777777777778,0.2348401323042999,0.6396396396396397,0.2084084084084084,0.7915915915915915
5512,YNR047W YCL001W-A,0.0,NA,0.14181797206401825,426,1387,5273,240,0.7779142779142779,0.2349696635410921,0.6396396396396397,0.20825825825825825,0.7917417417417417
5513,YOR348C YOR343W-A,0.0,NA,0.14192740619182587,426,1386,5274,240,0.778050778050778,0.23509933774834438,0.6396396396396397,0.20810810810810812,0.7918918918918919
5514,YEL065W YOR343W-A,0.0,NA,0.14207124710083008,426,1385,5275,240,0.7781872781872782,0.23522915516289342,0.6396396396396397,0.20795795795795796,0.7920420420420421
5515,YGL090W YGR047C,0.0,NA,0.14209505915641785,426,1384,5276,240,0.7783237783237783,0.23535911602209944,0.6396396396396397,0.2078078078078078,0.7921921921921922
5516,YKR096W YFL002C,0.0,NA,0.14214873313903809,426,1383,5277,240,0.7784602784602784,0.23548922056384744,0.6396396396396397,0.20765765765765765,0.7923423423423424
5517,YNL284C-B YOR069W,0.0,NA,0.14215344190597534,426,1382,5278,240,0.7785967785967786,0.23561946902654868,0.6396396396396397,0.20750750750750752,0.7924924924924925
5518,YDL243C YBL039W-B,0.0,NA,0.1422874927520752,426,1381,5279,240,0.7787332787332787,0.23574986164914222,0.6396396396396397,0.20735735735735736,0.7926426426426426
5519,YLR388W YJL011C,0.0,NA,0.14247427880764008,426,1380,5280,240,0.7788697788697788,0.23588039867109634,0.6396396396396397,0.2072072072072072,0.7927927927927928
5520,YPR071W YPL164C,0.0,NA,0.14262531697750092,426,1379,5281,240,0.7790062790062791,0.23601108033240997,0.6396396396396397,0.20705705705705707,0.792942942942943
5521,YGR027W-B YKL060C,0.0,NA,0.14265486598014832,426,1378,5282,240,0.7791427791427792,0.2361419068736142,0.6396396396396397,0.2069069069069069,0.7930930930930931
5522,YHR010W YDL192W,0.0,NA,0.14329364895820618,426,1377,5283,240,0.7792792792792793,0.23627287853577372,0.6396396396396397,0.20675675675675675,0.7932432432432432
5523,YDR182W YPL154C,0.0,NA,0.14336879551410675,426,1376,5284,240,0.7794157794157794,0.23640399556048836,0.6396396396396397,0.2066066066066066,0.7933933933933934
5524,YHR017W YPR158C-C,0.0,NA,0.1433909684419632,426,1375,5285,240,0.7795522795522796,0.23653525818989452,0.6396396396396397,0.20645645645645647,0.7935435435435435
5525,YDL113C YGR038C-B,0.0,NA,0.1435566544532776,426,1374,5286,240,0.7796887796887797,0.23666666666666666,0.6396396396396397,0.2063063063063063,0.7936936936936937
5526,YDR034W-B YML016C,0.0,NA,0.14428721368312836,426,1373,5287,240,0.7798252798252798,0.2367982212340189,0.6396396396396397,0.20615615615615615,0.7938438438438439
5527,YPL117C YCR038C,0.0,NA,0.14479444921016693,426,1372,5288,240,0.77996177996178,0.23692992213570635,0.6396396396396397,0.206006006006006,0.793993993993994
5528,YDL061C YNL045W,0.0,NA,0.14486218988895416,426,1371,5289,240,0.7800982800982801,0.2370617696160267,0.6396396396396397,0.20585585585585586,0.7941441441441441
5529,YOR177C YPL189C-A,0.0,NA,0.14487114548683167,426,1370,5290,240,0.7802347802347802,0.23719376391982183,0.6396396396396397,0.2057057057057057,0.7942942942942943
5530,YJL046W YPL267W,0.0,NA,0.14500249922275543,426,1369,5291,240,0.7803712803712803,0.2373259052924791,0.6396396396396397,0.20555555555555555,0.7944444444444444
5531,YIL067C YDR429C,0.0,NA,0.14503954350948334,426,1368,5292,240,0.7805077805077805,0.23745819397993312,0.6396396396396397,0.20540540540540542,0.7945945945945946
5532,YDR261C-D YNL330C,0.0,NA,0.14516884088516235,426,1367,5293,240,0.7806442806442806,0.23759063022866703,0.6396396396396397,0.20525525525525526,0.7947447447447448
5533,YDR414C YDR237W,0.0,NA,0.14529463648796082,426,1366,5294,240,0.7807807807807807,0.23772321428571427,0.6396396396396397,0.2051051051051051,0.7948948948948948
5534,YOR358W YDR315C,0.0,NA,0.14553488790988922,426,1365,5295,240,0.780917280917281,0.23785594639865998,0.6396396396396397,0.20495495495495494,0.795045045045045
5535,YIR031C YGL040C,1.0,NA,0.1455843448638916,425,1365,5295,241,0.7807807807807807,0.23743016759776536,0.6381381381381381,0.20495495495495494,0.795045045045045
5536,YAR002W YCL060C,0.0,NA,0.1457344889640808,425,1364,5296,241,0.780917280917281,0.23756288429290107,0.6381381381381381,0.2048048048048048,0.7951951951951952
5537,YMR258C YMR106C,0.0,NA,0.14582377672195435,425,1363,5297,241,0.7810537810537811,0.2376957494407159,0.6381381381381381,0.20465465465465466,0.7953453453453454
5538,YBL013W YDR357C,0.0,NA,0.1461726576089859,425,1362,5298,241,0.7811902811902812,0.2378287632904309,0.6381381381381381,0.2045045045045045,0.7954954954954955
5539,YLR278C YMR025W,0.0,NA,0.1463044136762619,425,1361,5299,241,0.7813267813267813,0.23796192609182532,0.6381381381381381,0.20435435435435437,0.7956456456456457
5540,YHR140W YLR373C,0.0,NA,0.14630448818206787,425,1360,5300,241,0.7814632814632815,0.23809523809523808,0.6381381381381381,0.2042042042042042,0.7957957957957958
5541,YIL160C YOR373W,0.0,NA,0.14632369577884674,425,1359,5301,241,0.7815997815997816,0.2382286995515695,0.6381381381381381,0.20405405405405405,0.7959459459459459
5542,YFL011W-A YHR084W,0.0,NA,0.14666195213794708,425,1358,5302,241,0.7817362817362817,0.23836231071228267,0.6381381381381381,0.2039039039039039,0.7960960960960961
5543,YMR048W YPL257W-A,0.0,NA,0.14710699021816254,425,1357,5303,241,0.7818727818727819,0.23849607182940516,0.6381381381381381,0.20375375375375376,0.7962462462462463
5544,YBR280C YER144C,0.0,NA,0.14715249836444855,425,1356,5304,241,0.782009282009282,0.2386299831555306,0.6381381381381381,0.2036036036036036,0.7963963963963964
5545,YML012W YDR238C,0.0,NA,0.14759747684001923,425,1355,5305,241,0.7821457821457821,0.23876404494382023,0.6381381381381381,0.20345345345345345,0.7965465465465466
5546,YPL180W YOL073C,0.0,NA,0.14769338071346283,425,1354,5306,241,0.7822822822822822,0.2388982574480045,0.6381381381381381,0.2033033033033033,0.7966966966966967
5547,YGR109W-A YKR026C,0.0,NA,0.1478123664855957,425,1353,5307,241,0.7824187824187824,0.2390326209223847,0.6381381381381381,0.20315315315315316,0.7968468468468468
5548,YDL220C YER066W,0.0,NA,0.14786550402641296,425,1352,5308,241,0.7825552825552825,0.23916713562183456,0.6381381381381381,0.203003003003003,0.796996996996997
5549,YER183C YNL316C,0.0,NA,0.14817243814468384,425,1351,5309,241,0.7826917826917827,0.2393018018018018,0.6381381381381381,0.20285285285285284,0.7971471471471472
5550,YNL284C-B YOL089C,0.0,NA,0.14817310869693756,425,1350,5310,241,0.7828282828282829,0.23943661971830985,0.6381381381381381,0.20270270270270271,0.7972972972972973
5551,YHR001W YGL004C,0.0,NA,0.1482783854007721,425,1349,5311,241,0.782964782964783,0.2395715896279594,0.6381381381381381,0.20255255255255256,0.7974474474474474
5552,YNL284C-B YDR277C,0.0,NA,0.14831583201885223,425,1348,5312,241,0.7831012831012831,0.23970671178793007,0.6381381381381381,0.2024024024024024,0.7975975975975976
5553,YHR109W YGR027W-B,0.0,NA,0.14834707975387573,425,1347,5313,241,0.7832377832377833,0.23984198645598195,0.6381381381381381,0.20225225225225224,0.7977477477477477
5554,YKL155C YCR076C,0.0,NA,0.14837120473384857,425,1346,5314,241,0.7833742833742834,0.23997741389045738,0.6381381381381381,0.2021021021021021,0.7978978978978979
5555,YGL070C YOR142W-B,0.0,NA,0.1484452784061432,425,1345,5315,241,0.7835107835107835,0.2401129943502825,0.6381381381381381,0.20195195195195195,0.7980480480480481
5556,YHR164C YPL189C-A,0.0,NA,0.1484571099281311,425,1344,5316,241,0.7836472836472836,0.24024872809496892,0.6381381381381381,0.2018018018018018,0.7981981981981981
5557,YPL215W YLR154W-C,1.0,NA,0.14847829937934875,424,1344,5316,242,0.7835107835107835,0.2398190045248869,0.6366366366366366,0.2018018018018018,0.7981981981981981
5558,YML015C YMR316C-A,0.0,NA,0.14871352910995483,424,1343,5317,242,0.7836472836472836,0.23995472552348612,0.6366366366366366,0.20165165165165166,0.7983483483483483
5559,YGL116W YDR210W-A,0.0,NA,0.14920151233673096,424,1342,5318,242,0.7837837837837838,0.24009060022650056,0.6366366366366366,0.2015015015015015,0.7984984984984985
5560,YNL238W YOR343W-A,0.0,NA,0.14921048283576965,424,1341,5319,242,0.7839202839202839,0.24022662889518415,0.6366366366366366,0.20135135135135135,0.7986486486486486
5561,YKR017C YGL207W,0.0,NA,0.1494227945804596,424,1340,5320,242,0.784056784056784,0.24036281179138322,0.6366366366366366,0.2012012012012012,0.7987987987987988
5562,YAR010C YGL001C,0.0,NA,0.14942429959774017,424,1339,5321,242,0.7841932841932842,0.24049914917753829,0.6366366366366366,0.20105105105105106,0.798948948948949
5563,YGR078C YPL042C,0.0,NA,0.14959199726581573,424,1338,5322,242,0.7843297843297843,0.24063564131668558,0.6366366366366366,0.2009009009009009,0.7990990990990992
5564,YJR015W YDR210W-A,0.0,NA,0.1497134119272232,424,1337,5323,242,0.7844662844662844,0.24077228847245882,0.6366366366366366,0.20075075075075074,0.7992492492492492
5565,YML082W YBL068W,0.0,NA,0.1498335897922516,424,1336,5324,242,0.7846027846027847,0.2409090909090909,0.6366366366366366,0.2006006006006006,0.7993993993993994
5566,YPL239W YDR210W-A,0.0,NA,0.1500246673822403,424,1335,5325,242,0.7847392847392848,0.24104604889141557,0.6366366366366366,0.20045045045045046,0.7995495495495496
5567,YNL284C-B YLR445W,0.0,NA,0.15045136213302612,424,1334,5326,242,0.7848757848757849,0.24118316268486917,0.6366366366366366,0.2003003003003003,0.7996996996996997
5568,YDR210W-A YMR138W,0.0,NA,0.15045171976089478,424,1333,5327,242,0.785012285012285,0.24132043255549232,0.6366366366366366,0.20015015015015014,0.7998498498498499
5569,YNL284C-B YDR089W,0.0,NA,0.15047283470630646,424,1332,5328,242,0.7851487851487852,0.24145785876993167,0.6366366366366366,0.2,0.8
5570,YJL133C-A YEL051W,0.0,NA,0.15047283470630646,424,1331,5329,242,0.7852852852852853,0.2415954415954416,0.6366366366366366,0.19984984984984985,0.8001501501501501
5571,YMR247W-A YMR183C,0.0,NA,0.15047283470630646,424,1330,5330,242,0.7854217854217854,0.24173318129988597,0.6366366366366366,0.1996996996996997,0.8003003003003003
5572,YOL086W-A YDR341C,0.0,NA,0.15047283470630646,424,1329,5331,242,0.7855582855582856,0.2418710781517399,0.6366366366366366,0.19954954954954954,0.8004504504504505
5573,YLR406C-A YMR079W,0.0,NA,0.15047283470630646,424,1328,5332,242,0.7856947856947857,0.2420091324200913,0.6366366366366366,0.1993993993993994,0.8006006006006006
5574,YBL008W-A YNL053W,0.0,NA,0.15047283470630646,424,1327,5333,242,0.7858312858312858,0.24214734437464305,0.6366366366366366,0.19924924924924925,0.8007507507507508
5575,YNL161W YOR032W-A,0.0,NA,0.15047283470630646,424,1326,5334,242,0.7859677859677859,0.2422857142857143,0.6366366366366366,0.1990990990990991,0.8009009009009009
5576,YKL099C YDR374W-A,0.0,NA,0.15047283470630646,424,1325,5335,242,0.7861042861042861,0.24242424242424243,0.6366366366366366,0.19894894894894896,0.801051051051051
5577,YBL108C-A YMR045C,0.0,NA,0.15047283470630646,424,1324,5336,242,0.7862407862407862,0.2425629290617849,0.6366366366366366,0.1987987987987988,0.8012012012012012
5578,YBL008W-A YMR203W,0.0,NA,0.15047283470630646,424,1323,5337,242,0.7863772863772863,0.24270177447052088,0.6366366366366366,0.19864864864864865,0.8013513513513514
5579,YMR194C-B YFL010W-A,0.0,NA,0.15047283470630646,424,1322,5338,242,0.7865137865137866,0.24284077892325315,0.6366366366366366,0.1984984984984985,0.8015015015015015
5580,YGL048C YMR247W-A,0.0,NA,0.15047283470630646,424,1321,5339,242,0.7866502866502867,0.24297994269340975,0.6366366366366366,0.19834834834834836,0.8016516516516516
5581,YDR014W-A YKR088C,0.0,NA,0.15047283470630646,424,1320,5340,242,0.7867867867867868,0.24311926605504589,0.6366366366366366,0.1981981981981982,0.8018018018018018
5582,YBL108C-A YKR075C,0.0,NA,0.15047283470630646,424,1319,5341,242,0.786923286923287,0.24325874928284566,0.6366366366366366,0.19804804804804804,0.8019519519519519
5583,YBL008W-A YLR321C,0.0,NA,0.15047283470630646,424,1318,5342,242,0.7870597870597871,0.24339839265212398,0.6366366366366366,0.19789789789789788,0.8021021021021021
5584,YLR259C YMR247W-A,0.0,NA,0.15047283470630646,424,1317,5343,242,0.7871962871962872,0.24353819643882826,0.6366366366366366,0.19774774774774775,0.8022522522522523
5585,YHR021C YMR194C-B,0.0,NA,0.15047283470630646,424,1316,5344,242,0.7873327873327873,0.24367816091954023,0.6366366366366366,0.1975975975975976,0.8024024024024023
5586,YML045W-A YIL067C,0.0,NA,0.15047283470630646,424,1315,5345,242,0.7874692874692875,0.24381828637147787,0.6366366366366366,0.19744744744744744,0.8025525525525525
5587,YAR018C YBL008W-A,0.0,NA,0.15047283470630646,424,1314,5346,242,0.7876057876057876,0.24395857307249713,0.6366366366366366,0.1972972972972973,0.8027027027027027
5588,YBR031W YOR032W-A,0.0,NA,0.15047283470630646,424,1313,5347,242,0.7877422877422877,0.24409902130109384,0.6366366366366366,0.19714714714714715,0.8028528528528529
5589,YPR090W YGR294W,0.0,NA,0.15047283470630646,424,1312,5348,242,0.7878787878787878,0.24423963133640553,0.6366366366366366,0.196996996996997,0.803003003003003
5590,YER136W YDR014W-A,0.0,NA,0.15047283470630646,424,1311,5349,242,0.788015288015288,0.24438040345821327,0.6366366366366366,0.19684684684684683,0.8031531531531532
5591,YNL038W YDR374W-A,0.0,NA,0.15047283470630646,424,1310,5350,242,0.7881517881517881,0.24452133794694347,0.6366366366366366,0.1966966966966967,0.8033033033033034
5592,YCL001W-B YOR033C,0.0,NA,0.15047283470630646,424,1309,5351,242,0.7882882882882883,0.24466243508366994,0.6366366366366366,0.19654654654654655,0.8034534534534534
5593,YJR120W YLR154W-C,1.0,NA,0.15047283470630646,423,1309,5351,243,0.7881517881517881,0.24422632794457275,0.6351351351351351,0.19654654654654655,0.8034534534534534
5594,YOR032W-A YML064C,0.0,NA,0.15047283470630646,423,1308,5352,243,0.7882882882882883,0.24436741767764297,0.6351351351351351,0.1963963963963964,0.8036036036036036
5595,YMR279C YCL060C,0.0,NA,0.15047283470630646,423,1307,5353,243,0.7884247884247885,0.2445086705202312,0.6351351351351351,0.19624624624624626,0.8037537537537538
5596,YPR090W YML096W,0.0,NA,0.15047283470630646,423,1306,5354,243,0.7885612885612886,0.2446500867553499,0.6351351351351351,0.1960960960960961,0.8039039039039039
5597,YOR388C YML045W-A,0.0,NA,0.15047283470630646,423,1305,5355,243,0.7886977886977887,0.24479166666666666,0.6351351351351351,0.19594594594594594,0.8040540540540541
5598,YKL065W-A YDR152W,0.0,NA,0.15047283470630646,423,1304,5356,243,0.7888342888342889,0.2449334105385061,0.6351351351351351,0.19579579579579579,0.8042042042042042
5599,YEL077C YCL003W,0.0,NA,0.15047283470630646,423,1303,5357,243,0.788970788970789,0.2450753186558517,0.6351351351351351,0.19564564564564565,0.8043543543543543
5600,YCL001W-B YLR027C,0.0,NA,0.15047283470630646,423,1302,5358,243,0.7891072891072891,0.24521739130434783,0.6351351351351351,0.1954954954954955,0.8045045045045045
5601,YHR097C YBL108C-A,0.0,NA,0.15047283470630646,423,1301,5359,243,0.7892437892437892,0.24535962877030162,0.6351351351351351,0.19534534534534534,0.8046546546546547
5602,YHR079C-A YOR020W-A,0.0,NA,0.15047283470630646,423,1300,5360,243,0.7893802893802894,0.24550203134068485,0.6351351351351351,0.19519519519519518,0.8048048048048048
5603,YJR061W YGR169C-C,0.0,NA,0.15047283470630646,423,1299,5361,243,0.7895167895167895,0.2456445993031359,0.6351351351351351,0.19504504504504505,0.804954954954955
5604,YDR210W-A YPL189C-A,0.0,NA,0.15047283470630646,423,1298,5362,243,0.7896532896532896,0.24578733294596164,0.6351351351351351,0.1948948948948949,0.8051051051051051
5605,YKL165C YDR014W-A,0.0,NA,0.15047283470630646,423,1297,5363,243,0.7897897897897898,0.24593023255813953,0.6351351351351351,0.19474474474474474,0.8052552552552552
5606,YNL024C-A YMR008C,0.0,NA,0.15047283470630646,423,1296,5364,243,0.7899262899262899,0.24607329842931938,0.6351351351351351,0.1945945945945946,0.8054054054054054
5607,YOR046C YDR374W-A,0.0,NA,0.15047283470630646,423,1295,5365,243,0.79006279006279,0.24621653084982537,0.6351351351351351,0.19444444444444445,0.8055555555555556
5608,YBL008W-A YHL007C,0.0,NA,0.15047283470630646,423,1294,5366,243,0.7901992901992902,0.24635993011065813,0.6351351351351351,0.1942942942942943,0.8057057057057057
5609,YDR381C-A YIL051C,0.0,NA,0.15047283470630646,423,1293,5367,243,0.7903357903357904,0.2465034965034965,0.6351351351351351,0.19414414414414413,0.8058558558558558
5610,YCR075W-A YOL124C,0.0,NA,0.15047283470630646,423,1292,5368,243,0.7904722904722905,0.2466472303206997,0.6351351351351351,0.193993993993994,0.806006006006006
5611,YEL053C YOR020W-A,0.0,NA,0.15047283470630646,423,1291,5369,243,0.7906087906087906,0.2467911318553092,0.6351351351351351,0.19384384384384384,0.8061561561561561
5612,YER056C YKL065W-A,0.0,NA,0.15047283470630646,423,1290,5370,243,0.7907452907452908,0.2469352014010508,0.6351351351351351,0.19369369369369369,0.8063063063063063
5613,YCR075W-A YGR254W,0.0,NA,0.15047283470630646,423,1289,5371,243,0.7908817908817909,0.24707943925233644,0.6351351351351351,0.19354354354354356,0.8064564564564565
5614,YLR061W YAR069W-A,0.0,NA,0.15047283470630646,423,1288,5372,243,0.791018291018291,0.2472238457042665,0.6351351351351351,0.1933933933933934,0.8066066066066067
5615,YGR027W-B YER155C,0.0,NA,0.15047283470630646,423,1287,5373,243,0.7911547911547911,0.24736842105263157,0.6351351351351351,0.19324324324324324,0.8067567567567567
5616,YPL162C YFL035C,0.0,NA,0.15047283470630646,423,1286,5374,243,0.7912912912912913,0.24751316559391456,0.6351351351351351,0.19309309309309308,0.8069069069069069
5617,YLR007W YAR069W-A,0.0,NA,0.15047283470630646,423,1285,5375,243,0.7914277914277914,0.24765807962529274,0.6351351351351351,0.19294294294294295,0.8070570570570571
5618,YAR069W-A YML128C,0.0,NA,0.15047283470630646,423,1284,5376,243,0.7915642915642915,0.2478031634446397,0.6351351351351351,0.1927927927927928,0.8072072072072072
5619,YJR108W YDR374W-A,0.0,NA,0.15047283470630646,423,1283,5377,243,0.7917007917007917,0.24794841735052756,0.6351351351351351,0.19264264264264264,0.8073573573573574
5620,YCR075W-A YDR225W,0.0,NA,0.15047283470630646,423,1282,5378,243,0.7918372918372918,0.24809384164222875,0.6351351351351351,0.1924924924924925,0.8075075075075075
5621,YNL244C YDR014W-A,0.0,NA,0.15047283470630646,423,1281,5379,243,0.7919737919737919,0.2482394366197183,0.6351351351351351,0.19234234234234235,0.8076576576576576
5622,YKL047W YCL003W,0.0,NA,0.15047283470630646,423,1280,5380,243,0.7921102921102922,0.24838520258367586,0.6351351351351351,0.1921921921921922,0.8078078078078078
5623,YMR139W YMR247W-A,0.0,NA,0.15047283470630646,423,1279,5381,243,0.7922467922467923,0.24853113983548766,0.6351351351351351,0.19204204204204203,0.807957957957958
5624,YNL194C YCR075W-A,0.0,NA,0.15047283470630646,423,1278,5382,243,0.7923832923832924,0.24867724867724866,0.6351351351351351,0.1918918918918919,0.8081081081081081
5625,YCR075W-A YAR010C,0.0,NA,0.15047283470630646,423,1277,5383,243,0.7925197925197925,0.2488235294117647,0.6351351351351351,0.19174174174174174,0.8082582582582583
5626,YMR233W YOR020W-A,0.0,NA,0.15047283470630646,423,1276,5384,243,0.7926562926562927,0.24896998234255444,0.6351351351351351,0.1915915915915916,0.8084084084084084
5627,YKL065W-A YJR072C,0.0,NA,0.15047283470630646,423,1275,5385,243,0.7927927927927928,0.24911660777385158,0.6351351351351351,0.19144144144144143,0.8085585585585585
5628,YNL100W YDR374W-A,0.0,NA,0.15047283470630646,423,1274,5386,243,0.7929292929292929,0.24926340601060695,0.6351351351351351,0.1912912912912913,0.8087087087087087
5629,YLR246W YMR247W-A,0.0,NA,0.15047283470630646,423,1273,5387,243,0.7930657930657931,0.24941037735849056,0.6351351351351351,0.19114114114114114,0.8088588588588589
5630,YLR459W YOR032W-A,0.0,NA,0.15047283470630646,423,1272,5388,243,0.7932022932022932,0.24955752212389382,0.6351351351351351,0.19099099099099098,0.809009009009009
5631,YBL008W-A YDR143C,0.0,NA,0.15047283470630646,423,1271,5389,243,0.7933387933387933,0.24970484061393153,0.6351351351351351,0.19084084084084085,0.8091591591591591
5632,YHR097C YBR196C-A,0.0,NA,0.15047283470630646,423,1270,5390,243,0.7934752934752934,0.24985233313644417,0.6351351351351351,0.1906906906906907,0.8093093093093093
5633,YOR020W-A YJR127C,0.0,NA,0.15047283470630646,423,1269,5391,243,0.7936117936117936,0.25,0.6351351351351351,0.19054054054054054,0.8094594594594594
5634,YOR343C-A YLR109W,0.0,NA,0.15047283470630646,423,1268,5392,243,0.7937482937482937,0.25014784151389713,0.6351351351351351,0.19039039039039038,0.8096096096096096
5635,YCR075W-A YJL056C,0.0,NA,0.15047283470630646,423,1267,5393,243,0.7938847938847939,0.25029585798816567,0.6351351351351351,0.19024024024024025,0.8097597597597598
5636,YKL065W-A YKR075C,0.0,NA,0.15047283470630646,423,1266,5394,243,0.7940212940212941,0.25044404973357015,0.6351351351351351,0.1900900900900901,0.80990990990991
5637,YDR014W-A YNL316C,0.0,NA,0.15047283470630646,423,1265,5395,243,0.7941577941577942,0.2505924170616114,0.6351351351351351,0.18993993993993993,0.81006006006006
5638,YKL065W-A YER123W,0.0,NA,0.15047283470630646,423,1264,5396,243,0.7942942942942943,0.25074096028452875,0.6351351351351351,0.1897897897897898,0.8102102102102102
5639,YJR002W YLR406C-A,0.0,NA,0.15047283470630646,423,1263,5397,243,0.7944307944307945,0.2508896797153025,0.6351351351351351,0.18963963963963965,0.8103603603603604
5640,YML082W YCR075W-A,0.0,NA,0.15047283470630646,423,1262,5398,243,0.7945672945672946,0.2510385756676558,0.6351351351351351,0.1894894894894895,0.8105105105105105
5641,YNL008C YCR075W-A,0.0,NA,0.15047283470630646,423,1261,5399,243,0.7947037947037947,0.251187648456057,0.6351351351351351,0.18933933933933933,0.8106606606606607
5642,YKL088W YMR247W-A,0.0,NA,0.15047283470630646,423,1260,5400,243,0.7948402948402948,0.25133689839572193,0.6351351351351351,0.1891891891891892,0.8108108108108109
5643,YBL108C-A YJR075W,0.0,NA,0.15047283470630646,423,1259,5401,243,0.794976794976795,0.25148632580261593,0.6351351351351351,0.18903903903903904,0.8109609609609609
5644,YLR406C-A YNL290W,0.0,NA,0.15047283470630646,423,1258,5402,243,0.7951132951132951,0.25163593099345627,0.6351351351351351,0.18888888888888888,0.8111111111111111
5645,YNL157W YGR169C-C,0.0,NA,0.15047283470630646,423,1257,5403,243,0.7952497952497952,0.2517857142857143,0.6351351351351351,0.18873873873873873,0.8112612612612613
5646,YBL108C-A YDR389W,0.0,NA,0.15047283470630646,423,1256,5404,243,0.7953862953862953,0.2519356759976176,0.6351351351351351,0.1885885885885886,0.8114114114114114
5647,YLR086W YGR169C-C,0.0,NA,0.15047283470630646,423,1255,5405,243,0.7955227955227955,0.2520858164481526,0.6351351351351351,0.18843843843843844,0.8115615615615616
5648,YOR381W YCL001W-B,0.0,NA,0.15047283470630646,423,1254,5406,243,0.7956592956592956,0.2522361359570662,0.6351351351351351,0.18828828828828828,0.8117117117117117
5649,YBR281C YMR194C-B,0.0,NA,0.15047283470630646,423,1253,5407,243,0.7957957957957958,0.25238663484486873,0.6351351351351351,0.18813813813813815,0.8118618618618618
5650,YML045W-A YBR196C-A,0.0,NA,0.15047283470630646,423,1252,5408,243,0.795932295932296,0.2525373134328358,0.6351351351351351,0.187987987987988,0.812012012012012
5651,YPL279C YKL158W,0.0,NA,0.15047283470630646,423,1251,5409,243,0.7960687960687961,0.25268817204301075,0.6351351351351351,0.18783783783783783,0.8121621621621622
5652,YKL065W-A YJR094W-A,0.0,NA,0.15047283470630646,423,1250,5410,243,0.7962052962052962,0.25283921099820683,0.6351351351351351,0.18768768768768768,0.8123123123123123
5653,YCL040W YDR381C-A,0.0,NA,0.15047283470630646,423,1249,5411,243,0.7963417963417964,0.25299043062200954,0.6351351351351351,0.18753753753753755,0.8124624624624625
5654,YDL248W YBL008W-A,0.0,NA,0.15047283470630646,423,1248,5412,243,0.7964782964782965,0.25314183123877915,0.6351351351351351,0.1873873873873874,0.8126126126126126
5655,YBR196C-A YDR531W,0.0,NA,0.15047283470630646,423,1247,5413,243,0.7966147966147966,0.25329341317365267,0.6351351351351351,0.18723723723723723,0.8127627627627627
5656,YLL034C YML045W-A,0.0,NA,0.15047283470630646,423,1246,5414,243,0.7967512967512967,0.2534451767525464,0.6351351351351351,0.1870870870870871,0.8129129129129129
5657,YDR085C YOR020W-A,0.0,NA,0.15047283470630646,423,1245,5415,243,0.7968877968877969,0.25359712230215825,0.6351351351351351,0.18693693693693694,0.8130630630630631
5658,YDR381C-A YDR088C,0.0,NA,0.15047283470630646,423,1244,5416,243,0.797024297024297,0.25374925014997,0.6351351351351351,0.18678678678678678,0.8132132132132132
5659,YJL133C-A YGR006W,0.0,NA,0.15047283470630646,423,1243,5417,243,0.7971607971607971,0.2539015606242497,0.6351351351351351,0.18663663663663663,0.8133633633633633
5660,YJL133C-A YOR038C,0.0,NA,0.15047283470630646,423,1242,5418,243,0.7972972972972973,0.25405405405405407,0.6351351351351351,0.1864864864864865,0.8135135135135135
5661,YCL001W-B YBR039W,0.0,NA,0.15047283470630646,423,1241,5419,243,0.7974337974337974,0.2542067307692308,0.6351351351351351,0.18633633633633634,0.8136636636636637
5662,YKL088W YLR406C-A,0.0,NA,0.15047283470630646,423,1240,5420,243,0.7975702975702975,0.25435959110042095,0.6351351351351351,0.18618618618618618,0.8138138138138138
5663,YMR194C-B YPR158W,0.0,NA,0.15047283470630646,423,1239,5421,243,0.7977067977067978,0.2545126353790614,0.6351351351351351,0.18603603603603602,0.813963963963964
5664,YPR128C YJL133C-A,0.0,NA,0.15047283470630646,423,1238,5422,243,0.7978432978432979,0.2546658639373871,0.6351351351351351,0.1858858858858859,0.8141141141141142
5665,YGL001C YMR247W-A,0.0,NA,0.15047283470630646,423,1237,5423,243,0.797979797979798,0.2548192771084337,0.6351351351351351,0.18573573573573574,0.8142642642642642
5666,YML045W-A YDR400W,0.0,NA,0.15047283470630646,423,1236,5424,243,0.7981162981162981,0.2549728752260398,0.6351351351351351,0.18558558558558558,0.8144144144144144
5667,YNL024C-A YOR021C,0.0,NA,0.15047283470630646,423,1235,5425,243,0.7982527982527983,0.25512665862484923,0.6351351351351351,0.18543543543543545,0.8145645645645646
5668,YKR030W YBL008W-A,0.0,NA,0.15047283470630646,423,1234,5426,243,0.7983892983892984,0.25528062764031384,0.6351351351351351,0.1852852852852853,0.8147147147147147
5669,YLR392C YDR374W-A,0.0,NA,0.15047283470630646,423,1233,5427,243,0.7985257985257985,0.2554347826086957,0.6351351351351351,0.18513513513513513,0.8148648648648649
5670,YOR389W YCL026C-B,0.0,NA,0.15047283470630646,423,1232,5428,243,0.7986622986622987,0.2555891238670695,0.6351351351351351,0.18498498498498497,0.815015015015015
5671,YHR010W YGR169C-C,0.0,NA,0.15047283470630646,423,1231,5429,243,0.7987987987987988,0.25574365175332525,0.6351351351351351,0.18483483483483484,0.8151651651651651
5672,YDR014W-A YBR058C,0.0,NA,0.15047283470630646,423,1230,5430,243,0.7989352989352989,0.2558983666061706,0.6351351351351351,0.18468468468468469,0.8153153153153153
5673,YMR194C-B YOR236W,0.0,NA,0.15047283470630646,423,1229,5431,243,0.799071799071799,0.2560532687651332,0.6351351351351351,0.18453453453453453,0.8154654654654655
5674,YNL024C-A YNR067C,0.0,NA,0.15047283470630646,423,1228,5432,243,0.7992082992082992,0.2562083585705633,0.6351351351351351,0.1843843843843844,0.8156156156156156
5675,YKL065W-A YCR011C,0.0,NA,0.15047283470630646,423,1227,5433,243,0.7993447993447993,0.25636363636363635,0.6351351351351351,0.18423423423423424,0.8157657657657658
5676,YFL011W-A YNL115C,0.0,NA,0.15047283470630646,423,1226,5434,243,0.7994812994812995,0.25651910248635534,0.6351351351351351,0.18408408408408408,0.815915915915916
5677,YKL065W-A YPR158W,0.0,NA,0.15047283470630646,423,1225,5435,243,0.7996177996177997,0.2566747572815534,0.6351351351351351,0.18393393393393392,0.816066066066066
5678,YGR169C-C YOR291W,0.0,NA,0.15047283470630646,423,1224,5436,243,0.7997542997542998,0.2568306010928962,0.6351351351351351,0.1837837837837838,0.8162162162162162
5679,YOR373W YJL133C-A,0.0,NA,0.15047283470630646,423,1223,5437,243,0.7998907998907999,0.25698663426488455,0.6351351351351351,0.18363363363363364,0.8163663663663664
5680,YGR053C YMR247W-A,0.0,NA,0.15047283470630646,423,1222,5438,243,0.8000273000273,0.2571428571428571,0.6351351351351351,0.18348348348348348,0.8165165165165165
5681,YDR208W YDR261C-D,0.0,NA,0.15047283470630646,423,1221,5439,243,0.8001638001638002,0.2572992700729927,0.6351351351351351,0.18333333333333332,0.8166666666666667
5682,YCR075W-A YOR198C,0.0,NA,0.15047283470630646,423,1220,5440,243,0.8003003003003003,0.25745587340231285,0.6351351351351351,0.1831831831831832,0.8168168168168168
5683,YBL108C-A YLR157C,0.0,NA,0.15047283470630646,423,1219,5441,243,0.8004368004368004,0.25761266747868455,0.6351351351351351,0.18303303303303303,0.8169669669669669
5684,YGR108W YJL133C-A,0.0,NA,0.15047283470630646,423,1218,5442,243,0.8005733005733006,0.2577696526508227,0.6351351351351351,0.18288288288288287,0.8171171171171171
5685,YKL065W-A YNL316C,0.0,NA,0.15047283470630646,423,1217,5443,243,0.8007098007098007,0.2579268292682927,0.6351351351351351,0.18273273273273274,0.8172672672672673
5686,YPR041W YBR196C-A,0.0,NA,0.15047283470630646,423,1216,5444,243,0.8008463008463008,0.25808419768151314,0.6351351351351351,0.1825825825825826,0.8174174174174175
5687,YFL035C YLR460C,0.0,NA,0.15047283470630646,423,1215,5445,243,0.800982800982801,0.25824175824175827,0.6351351351351351,0.18243243243243243,0.8175675675675675
5688,YJL132W YCR055C,0.0,NA,0.15047283470630646,423,1214,5446,243,0.8011193011193011,0.2583995113011607,0.6351351351351351,0.18228228228228227,0.8177177177177177
5689,YCR055C YOR052C,0.0,NA,0.15047283470630646,423,1213,5447,243,0.8012558012558012,0.25855745721271395,0.6351351351351351,0.18213213213213214,0.8178678678678679
5690,YPR090W YBR012W-B,0.0,NA,0.15047283470630646,423,1212,5448,243,0.8013923013923014,0.25871559633027524,0.6351351351351351,0.18198198198198198,0.818018018018018
5691,YNL116W YCL001W-B,0.0,NA,0.15047283470630646,423,1211,5449,243,0.8015288015288016,0.2588739290085679,0.6351351351351351,0.18183183183183182,0.8181681681681682
5692,YBL108C-A YOR223W,0.0,NA,0.15047283470630646,423,1210,5450,243,0.8016653016653017,0.25903245560318433,0.6351351351351351,0.1816816816816817,0.8183183183183184
5693,YNL024C-A YJR019C,0.0,NA,0.15047283470630646,423,1209,5451,243,0.8018018018018018,0.25919117647058826,0.6351351351351351,0.18153153153153154,0.8184684684684684
5694,YHR001W YOR032W-A,0.0,NA,0.15047283470630646,423,1208,5452,243,0.801938301938302,0.2593500919681177,0.6351351351351351,0.18138138138138138,0.8186186186186186
5695,YBR196C-A YDL001W,0.0,NA,0.15047283470630646,423,1207,5453,243,0.8020748020748021,0.25950920245398773,0.6351351351351351,0.18123123123123122,0.8187687687687688
5696,YMR303C YAR069W-A,0.0,NA,0.15047283470630646,423,1206,5454,243,0.8022113022113022,0.2596685082872928,0.6351351351351351,0.1810810810810811,0.8189189189189189
5697,YBR196C-A YBR200W,0.0,NA,0.15047283470630646,423,1205,5455,243,0.8023478023478023,0.25982800982800985,0.6351351351351351,0.18093093093093093,0.8190690690690691
5698,YOR197W YOR343C-A,0.0,NA,0.15047283470630646,423,1204,5456,243,0.8024843024843025,0.2599877074370006,0.6351351351351351,0.18078078078078078,0.8192192192192193
5699,YIR017C YBL108C-A,0.0,NA,0.15047283470630646,423,1203,5457,243,0.8026208026208026,0.26014760147601473,0.6351351351351351,0.18063063063063062,0.8193693693693693
5700,YBL008W-A YPL234C,0.0,NA,0.15047283470630646,423,1202,5458,243,0.8027573027573027,0.2603076923076923,0.6351351351351351,0.1804804804804805,0.8195195195195195
5701,YBL008W-A YDR003W,0.0,NA,0.15047283470630646,423,1201,5459,243,0.8028938028938029,0.2604679802955665,0.6351351351351351,0.18033033033033033,0.8196696696696697
5702,YNL024C-A YPL057C,0.0,NA,0.15047283470630646,423,1200,5460,243,0.803030303030303,0.26062846580406657,0.6351351351351351,0.18018018018018017,0.8198198198198198
5703,YOR032W-A YGR188C,0.0,NA,0.15047283470630646,423,1199,5461,243,0.8031668031668031,0.26078914919852036,0.6351351351351351,0.18003003003003004,0.81996996996997
5704,YML045W-A YLR320W,0.0,NA,0.15047283470630646,423,1198,5462,243,0.8033033033033034,0.26095003084515733,0.6351351351351351,0.17987987987987988,0.8201201201201201
5705,YMR194C-B YEL006W,0.0,NA,0.15047283470630646,423,1197,5463,243,0.8034398034398035,0.2611111111111111,0.6351351351351351,0.17972972972972973,0.8202702702702702
5706,YMR194C-B YCR038C,0.0,NA,0.15047283470630646,423,1196,5464,243,0.8035763035763036,0.26127239036442246,0.6351351351351351,0.17957957957957957,0.8204204204204204
5707,YBL108C-A YHR031C,0.0,NA,0.15047283470630646,423,1195,5465,243,0.8037128037128037,0.261433868974042,0.6351351351351351,0.17942942942942944,0.8205705705705706
5708,YLR406C-A YBL084C,0.0,NA,0.15047283470630646,423,1194,5466,243,0.8038493038493039,0.26159554730983303,0.6351351351351351,0.17927927927927928,0.8207207207207208
5709,YDR014W-A YOR045W,0.0,NA,0.15047283470630646,423,1193,5467,243,0.803985803985804,0.26175742574257427,0.6351351351351351,0.17912912912912912,0.8208708708708709
5710,YOR026W YGR169C-C,0.0,NA,0.15047283470630646,423,1192,5468,243,0.8041223041223041,0.26191950464396285,0.6351351351351351,0.178978978978979,0.821021021021021
5711,YNL024C-A YBR088C,0.0,NA,0.15047283470630646,423,1191,5469,243,0.8042588042588042,0.2620817843866171,0.6351351351351351,0.17882882882882883,0.8211711711711712
5712,YNL024C-A YOL104C,0.0,NA,0.15047283470630646,423,1190,5470,243,0.8043953043953044,0.26224426534407935,0.6351351351351351,0.17867867867867868,0.8213213213213213
5713,YGR169C-C YPL166W,0.0,NA,0.15047283470630646,423,1189,5471,243,0.8045318045318045,0.26240694789081886,0.6351351351351351,0.17852852852852852,0.8214714714714715
5714,YNL284C-B YBR275C,0.0,NA,0.15047283470630646,423,1188,5472,243,0.8046683046683046,0.26256983240223464,0.6351351351351351,0.1783783783783784,0.8216216216216217
5715,YMR315W YCL005W-A,0.0,NA,0.15047283470630646,423,1187,5473,243,0.8048048048048048,0.26273291925465836,0.6351351351351351,0.17822822822822823,0.8217717717717717
5716,YNL024C-A YBR283C,0.0,NA,0.15047283470630646,423,1186,5474,243,0.8049413049413049,0.26289620882535736,0.6351351351351351,0.17807807807807807,0.8219219219219219
5717,YOR074C YOR020W-A,0.0,NA,0.15047283470630646,423,1185,5475,243,0.8050778050778051,0.2630597014925373,0.6351351351351351,0.17792792792792791,0.8220720720720721
5718,YCR075W-A YML128C,0.0,NA,0.15047283470630646,423,1184,5476,243,0.8052143052143053,0.26322339763534536,0.6351351351351351,0.17777777777777778,0.8222222222222222
5719,YOL084W YDR014W-A,0.0,NA,0.15047283470630646,423,1183,5477,243,0.8053508053508054,0.263387297633873,0.6351351351351351,0.17762762762762763,0.8223723723723724
5720,YNL024C-A YNR033W,0.0,NA,0.15047283470630646,423,1182,5478,243,0.8054873054873055,0.2635514018691589,0.6351351351351351,0.17747747747747747,0.8225225225225226
5721,YML045W-A YLR388W,0.0,NA,0.15047283470630646,423,1181,5479,243,0.8056238056238056,0.263715710723192,0.6351351351351351,0.17732732732732734,0.8226726726726726
5722,YBL008W-A YNL083W,0.0,NA,0.15047283470630646,423,1180,5480,243,0.8057603057603058,0.2638802245789145,0.6351351351351351,0.17717717717717718,0.8228228228228228
5723,YFL021W YBL008W-A,0.0,NA,0.15047283470630646,423,1179,5481,243,0.8058968058968059,0.2640449438202247,0.6351351351351351,0.17702702702702702,0.822972972972973
5724,YKR096W YFL035C,0.0,NA,0.15047283470630646,423,1178,5482,243,0.806033306033306,0.26420986883198,0.6351351351351351,0.17687687687687687,0.8231231231231231
5725,YIL071C YJL133C-A,0.0,NA,0.15047283470630646,423,1177,5483,243,0.8061698061698062,0.264375,0.6351351351351351,0.17672672672672673,0.8232732732732733
5726,YBR196C-A YMR012W,0.0,NA,0.15047283470630646,423,1176,5484,243,0.8063063063063063,0.26454033771106944,0.6351351351351351,0.17657657657657658,0.8234234234234235
5727,YOR130C YDR374W-A,0.0,NA,0.15047283470630646,423,1175,5485,243,0.8064428064428064,0.2647058823529412,0.6351351351351351,0.17642642642642642,0.8235735735735735
5728,YCL001W-B YJR025C,0.0,NA,0.15047283470630646,423,1174,5486,243,0.8065793065793065,0.2648716343143394,0.6351351351351351,0.1762762762762763,0.8237237237237237
5729,YOR343C-A YGL151W,0.0,NA,0.15047283470630646,423,1173,5487,243,0.8067158067158067,0.2650375939849624,0.6351351351351351,0.17612612612612613,0.8238738738738739
5730,YLR054C YMR247W-A,0.0,NA,0.15047283470630646,423,1172,5488,243,0.8068523068523068,0.2652037617554859,0.6351351351351351,0.17597597597597597,0.824024024024024
5731,YJL133C-A YER143W,0.0,NA,0.15047283470630646,423,1171,5489,243,0.806988806988807,0.26537013801756587,0.6351351351351351,0.17582582582582582,0.8241741741741742
5732,YMR194C-B YCR076C,0.0,NA,0.15047283470630646,423,1170,5490,243,0.8071253071253072,0.2655367231638418,0.6351351351351351,0.17567567567567569,0.8243243243243243
5733,YBL008W-A YJL019W,0.0,NA,0.15047283470630646,423,1169,5491,243,0.8072618072618073,0.2657035175879397,0.6351351351351351,0.17552552552552553,0.8244744744744745
5734,YJL133C-A YNL082W,0.0,NA,0.15047283470630646,423,1168,5492,243,0.8073983073983074,0.26587052168447517,0.6351351351351351,0.17537537537537537,0.8246246246246246
5735,YOR019W YNL024C-A,0.0,NA,0.15047283470630646,423,1167,5493,243,0.8075348075348076,0.2660377358490566,0.6351351351351351,0.1752252252252252,0.8247747747747748
5736,YOR032W-A YMR180C,0.0,NA,0.15047283470630646,423,1166,5494,243,0.8076713076713077,0.26620516047828824,0.6351351351351351,0.17507507507507508,0.824924924924925
5737,YOR032W-A YAR050W,0.0,NA,0.15047283470630646,423,1165,5495,243,0.8078078078078078,0.2663727959697733,0.6351351351351351,0.17492492492492492,0.825075075075075
5738,YOR032W-A YKL039W,0.0,NA,0.15047283470630646,423,1164,5496,243,0.8079443079443079,0.2665406427221172,0.6351351351351351,0.17477477477477477,0.8252252252252252
5739,YKL065W-A YHR082C,0.0,NA,0.15047283470630646,423,1163,5497,243,0.8080808080808081,0.26670870113493067,0.6351351351351351,0.17462462462462464,0.8253753753753754
5740,YBL008W-A YOR393W,0.0,NA,0.15047283470630646,423,1162,5498,243,0.8082173082173082,0.2668769716088328,0.6351351351351351,0.17447447447447448,0.8255255255255255
5741,YCR075W-A YLR272C,0.0,NA,0.15047283470630646,423,1161,5499,243,0.8083538083538083,0.26704545454545453,0.6351351351351351,0.17432432432432432,0.8256756756756757
5742,YGR122W YGR169C-C,0.0,NA,0.15047283470630646,423,1160,5500,243,0.8084903084903085,0.26721415034744156,0.6351351351351351,0.17417417417417416,0.8258258258258259
5743,YKL065W-A YJL172W,0.0,NA,0.15047283470630646,423,1159,5501,243,0.8086268086268086,0.26738305941845764,0.6351351351351351,0.17402402402402403,0.8259759759759759
5744,YGR109W-A YBR229C,0.0,NA,0.15047283470630646,423,1158,5502,243,0.8087633087633087,0.2675521821631879,0.6351351351351351,0.17387387387387387,0.8261261261261261
5745,YMR260C YOR343C-A,0.0,NA,0.15047283470630646,423,1157,5503,243,0.808899808899809,0.26772151898734176,0.6351351351351351,0.17372372372372372,0.8262762762762763
5746,YJL133C-A YPL050C,0.0,NA,0.15047283470630646,423,1156,5504,243,0.8090363090363091,0.26789107029765674,0.6351351351351351,0.1735735735735736,0.8264264264264264
5747,YCR097WB YIL166C,0.0,NA,0.15047283470630646,423,1155,5505,243,0.8091728091728092,0.26806083650190116,0.6351351351351351,0.17342342342342343,0.8265765765765766
5748,YEL077C YCR097WB,0.0,NA,0.15047283470630646,423,1154,5506,243,0.8093093093093093,0.2682308180088776,0.6351351351351351,0.17327327327327327,0.8267267267267268
5749,YOR343C-A YPL094C,0.0,NA,0.15047283470630646,423,1153,5507,243,0.8094458094458095,0.2684010152284264,0.6351351351351351,0.1731231231231231,0.8268768768768768
5750,YDR381C-A YEL004W,0.0,NA,0.15047283470630646,423,1152,5508,243,0.8095823095823096,0.26857142857142857,0.6351351351351351,0.17297297297297298,0.827027027027027
5751,YOR343C-A YKL005C,0.0,NA,0.15047283470630646,423,1151,5509,243,0.8097188097188097,0.2687420584498094,0.6351351351351351,0.17282282282282282,0.8271771771771772
5752,YBR247C YOR020W-A,0.0,NA,0.15047283470630646,423,1150,5510,243,0.8098553098553098,0.26891290527654166,0.6351351351351351,0.17267267267267267,0.8273273273273273
5753,YNL024C-A YIR035C,0.0,NA,0.15047283470630646,423,1149,5511,243,0.80999180999181,0.26908396946564883,0.6351351351351351,0.1725225225225225,0.8274774774774775
5754,YKL065W-A YPL001W,0.0,NA,0.15047283470630646,423,1148,5512,243,0.8101283101283101,0.2692552514322088,0.6351351351351351,0.17237237237237238,0.8276276276276276
5755,YBR196C-A YLR266C,0.0,NA,0.15047283470630646,423,1147,5513,243,0.8102648102648102,0.2694267515923567,0.6351351351351351,0.17222222222222222,0.8277777777777777
5756,YHR073W YOR020W-A,0.0,NA,0.15047283470630646,423,1146,5514,243,0.8104013104013104,0.2695984703632887,0.6351351351351351,0.17207207207207206,0.8279279279279279
5757,YBL008W-A YAR050W,0.0,NA,0.15047283470630646,423,1145,5515,243,0.8105378105378105,0.2697704081632653,0.6351351351351351,0.17192192192192193,0.8280780780780781
5758,YOL137W YNL024C-A,0.0,NA,0.15047283470630646,423,1144,5516,243,0.8106743106743107,0.26994256541161454,0.6351351351351351,0.17177177177177178,0.8282282282282283
5759,YDL061C YCR075W-A,0.0,NA,0.15047283470630646,423,1143,5517,243,0.8108108108108109,0.27011494252873564,0.6351351351351351,0.17162162162162162,0.8283783783783784
5760,YOR343C-A YNL330C,0.0,NA,0.15047283470630646,423,1142,5518,243,0.810947310947311,0.2702875399361022,0.6351351351351351,0.17147147147147146,0.8285285285285285
5761,YDR429C YAR069W-A,0.0,NA,0.15047283470630646,423,1141,5519,243,0.8110838110838111,0.270460358056266,0.6351351351351351,0.17132132132132133,0.8286786786786787
5762,YLR309C YLR406C-A,0.0,NA,0.15047283470630646,423,1140,5520,243,0.8112203112203112,0.2706333973128599,0.6351351351351351,0.17117117117117117,0.8288288288288288
5763,YJL052W YOR020W-A,0.0,NA,0.15047283470630646,423,1139,5521,243,0.8113568113568114,0.2708066581306018,0.6351351351351351,0.171021021021021,0.828978978978979
5764,YBL108C-A YGR053C,0.0,NA,0.15047283470630646,423,1138,5522,243,0.8114933114933115,0.2709801409352979,0.6351351351351351,0.17087087087087088,0.8291291291291292
5765,YBL087C YAR069W-A,0.0,NA,0.15047283470630646,423,1137,5523,243,0.8116298116298116,0.27115384615384613,0.6351351351351351,0.17072072072072073,0.8292792792792792
5766,YMR194C-B YJR013W,0.0,NA,0.15047283470630646,423,1136,5524,243,0.8117663117663118,0.27132777421423987,0.6351351351351351,0.17057057057057057,0.8294294294294294
5767,YMR048W YBL108C-A,0.0,NA,0.15047283470630646,423,1135,5525,243,0.8119028119028119,0.27150192554557123,0.6351351351351351,0.1704204204204204,0.8295795795795796
5768,YBL108C-A YMR079W,0.0,NA,0.15047283470630646,423,1134,5526,243,0.812039312039312,0.27167630057803466,0.6351351351351351,0.17027027027027028,0.8297297297297297
5769,YCR075W-A YDR221W,0.0,NA,0.15047283470630646,423,1133,5527,243,0.8121758121758121,0.2718508997429306,0.6351351351351351,0.17012012012012012,0.8298798798798799
5770,YOL086W-A YOR021C,0.0,NA,0.15047283470630646,423,1132,5528,243,0.8123123123123123,0.2720257234726688,0.6351351351351351,0.16996996996996996,0.8300300300300301
5771,YOR020W-A YMR230W,0.0,NA,0.15047283470630646,423,1131,5529,243,0.8124488124488124,0.2722007722007722,0.6351351351351351,0.1698198198198198,0.8301801801801801
5772,YKL065W-A YGR204W,0.0,NA,0.15047283470630646,423,1130,5530,243,0.8125853125853126,0.27237604636188023,0.6351351351351351,0.16966966966966968,0.8303303303303303
5773,YJL133C-A YBR039W,0.0,NA,0.15047283470630646,423,1129,5531,243,0.8127218127218128,0.27255154639175255,0.6351351351351351,0.16951951951951952,0.8304804804804805
5774,YJL133C-A YJL033W,0.0,NA,0.15047283470630646,423,1128,5532,243,0.8128583128583129,0.2727272727272727,0.6351351351351351,0.16936936936936936,0.8306306306306306
5775,YMR262W YCL003W,0.0,NA,0.15047283470630646,423,1127,5533,243,0.812994812994813,0.2729032258064516,0.6351351351351351,0.16921921921921923,0.8307807807807808
5776,YCL001W-B YDR438W,0.0,NA,0.15047283470630646,423,1126,5534,243,0.8131313131313131,0.27307940606843123,0.6351351351351351,0.16906906906906907,0.830930930930931
5777,YDL135C YBR196C-A,0.0,NA,0.15047283470630646,423,1125,5535,243,0.8132678132678133,0.27325581395348836,0.6351351351351351,0.16891891891891891,0.831081081081081
5778,YBL074C YDR014W-A,0.0,NA,0.15047283470630646,423,1124,5536,243,0.8134043134043134,0.2734324499030381,0.6351351351351351,0.16876876876876876,0.8312312312312312
5779,YMR194C-B YLR425W,0.0,NA,0.15047283470630646,423,1123,5537,243,0.8135408135408135,0.27360931435963776,0.6351351351351351,0.16861861861861863,0.8313813813813814
5780,YKL065W-A YNR070W,0.0,NA,0.15047283470630646,423,1122,5538,243,0.8136773136773137,0.2737864077669903,0.6351351351351351,0.16846846846846847,0.8315315315315316
5781,YCL001W-B YNL082W,0.0,NA,0.15047283470630646,423,1121,5539,243,0.8138138138138138,0.27396373056994816,0.6351351351351351,0.1683183183183183,0.8316816816816817
5782,YIL172C YCL060C,0.0,NA,0.15048626065254211,423,1120,5540,243,0.8139503139503139,0.2741412832145172,0.6351351351351351,0.16816816816816818,0.8318318318318318
5783,YOR214C YFR048W,0.0,NA,0.1505245417356491,423,1119,5541,243,0.814086814086814,0.27431906614785995,0.6351351351351351,0.16801801801801802,0.831981981981982
5784,YKL086W YGR027W-B,0.0,NA,0.15056300163269043,423,1118,5542,243,0.8142233142233142,0.2744970798182998,0.6351351351351351,0.16786786786786786,0.8321321321321321
5785,YDR261C-D YCR066W,0.0,NA,0.15058870613574982,423,1117,5543,243,0.8143598143598143,0.2746753246753247,0.6351351351351351,0.1677177177177177,0.8322822822822823
5786,YGR027W-B YDR447C,0.0,NA,0.15082260966300964,423,1116,5544,243,0.8144963144963145,0.27485380116959063,0.6351351351351351,0.16756756756756758,0.8324324324324325
5787,YDR210W-A YCR073C,0.0,NA,0.15091760456562042,423,1115,5545,243,0.8146328146328147,0.27503250975292587,0.6351351351351351,0.16741741741741742,0.8325825825825826
5788,YOR142W-B YLR273C,0.0,NA,0.15108048915863037,423,1114,5546,243,0.8147693147693148,0.27521145087833443,0.6351351351351351,0.16726726726726726,0.8327327327327327
5789,YMR113W YOR343W-A,0.0,NA,0.15108731389045715,423,1113,5547,243,0.8149058149058149,0.275390625,0.6351351351351351,0.1671171171171171,0.8328828828828829
5790,YBR096W YHR059W,0.0,NA,0.1511579155921936,423,1112,5548,243,0.8150423150423151,0.2755700325732899,0.6351351351351351,0.16696696696696697,0.833033033033033
5791,YJL046W YGR243W,0.0,NA,0.15132249891757965,423,1111,5549,243,0.8151788151788152,0.2757496740547588,0.6351351351351351,0.16681681681681682,0.8331831831831832
5792,YLR391W-A YML078W,0.0,NA,0.15145647525787354,423,1110,5550,243,0.8153153153153153,0.2759295499021526,0.6351351351351351,0.16666666666666666,0.8333333333333334
5793,YKR025W YNR035C,0.0,NA,0.1514948457479477,423,1109,5551,243,0.8154518154518154,0.27610966057441255,0.6351351351351351,0.16651651651651653,0.8334834834834834
5794,YHR037W YFR039C,0.0,NA,0.15210209786891937,423,1108,5552,243,0.8155883155883156,0.2762900065316786,0.6351351351351351,0.16636636636636637,0.8336336336336336
5795,YOL108C YNR066C,0.0,NA,0.15233325958251953,423,1107,5553,243,0.8157248157248157,0.27647058823529413,0.6351351351351351,0.1662162162162162,0.8337837837837838
5796,YDR234W YDR371W,0.0,NA,0.15255442261695862,423,1106,5554,243,0.8158613158613158,0.27665140614780903,0.6351351351351351,0.16606606606606605,0.8339339339339339
5797,YLR309C YKL072W,0.0,NA,0.15287019312381744,423,1105,5555,243,0.815997815997816,0.2768324607329843,0.6351351351351351,0.16591591591591592,0.8340840840840841
5798,YGR221C YCR029C-A,0.0,NA,0.15290112793445587,423,1104,5556,243,0.8161343161343161,0.2770137524557957,0.6351351351351351,0.16576576576576577,0.8342342342342343
5799,YBR204C YFL010W-A,0.0,NA,0.15326757729053497,423,1103,5557,243,0.8162708162708163,0.27719528178243774,0.6351351351351351,0.1656156156156156,0.8343843843843843
5800,YBR301W YHR202W,0.0,NA,0.15327170491218567,423,1102,5558,243,0.8164073164073165,0.27737704918032785,0.6351351351351351,0.16546546546546548,0.8345345345345345
5801,YGR041W YNL320W,0.0,NA,0.1533762514591217,423,1101,5559,243,0.8165438165438166,0.27755905511811024,0.6351351351351351,0.16531531531531532,0.8346846846846847
5802,YHR132W-A YDR517W,0.0,NA,0.15444216132164001,423,1100,5560,243,0.8166803166803167,0.2777413000656599,0.6351351351351351,0.16516516516516516,0.8348348348348348
5803,YOL165C YNL070W,0.0,NA,0.15529842674732208,423,1099,5561,243,0.8168168168168168,0.2779237844940867,0.6351351351351351,0.165015015015015,0.834984984984985
5804,YJR064W YLR053C,0.0,NA,0.1553564965724945,423,1098,5562,243,0.816953316953317,0.2781065088757396,0.6351351351351351,0.16486486486486487,0.8351351351351352
5805,YGL107C YKL141W,1.0,NA,0.15540379285812378,422,1098,5562,244,0.8168168168168168,0.2776315789473684,0.6336336336336337,0.16486486486486487,0.8351351351351352
5806,YLR268W YLR443W,0.0,NA,0.1555136740207672,422,1097,5563,244,0.816953316953317,0.27781435154707046,0.6336336336336337,0.16471471471471472,0.8352852852852853
5807,YLR201C YPL215W,1.0,NA,0.15573810040950775,421,1097,5563,245,0.8168168168168168,0.27733860342555994,0.6321321321321322,0.16471471471471472,0.8352852852852853
5808,YFL011W-A YHR021C,0.0,NA,0.15578818321228027,421,1096,5564,245,0.816953316953317,0.27752142386288725,0.6321321321321322,0.16456456456456456,0.8354354354354354
5809,YMR048W YOL073C,0.0,NA,0.15589195489883423,421,1095,5565,245,0.8170898170898171,0.27770448548812665,0.6321321321321322,0.16441441441441443,0.8355855855855856
5810,YML081C-A YPL215W,1.0,NA,0.15630987286567688,420,1095,5565,246,0.816953316953317,0.27722772277227725,0.6306306306306306,0.16441441441441443,0.8355855855855856
5811,YMR279C YDR088C,0.0,NA,0.1571369171142578,420,1094,5566,246,0.8170898170898171,0.2774108322324967,0.6306306306306306,0.16426426426426427,0.8357357357357358
5812,YOR236W YMR016C,0.0,NA,0.15735432505607605,420,1093,5567,246,0.8172263172263172,0.2775941837409121,0.6306306306306306,0.1641141141141141,0.8358858858858859
5813,YHL011C YOL073C,0.0,NA,0.1575387418270111,420,1092,5568,246,0.8173628173628174,0.2777777777777778,0.6306306306306306,0.16396396396396395,0.836036036036036
5814,YJR072C YDR143C,0.0,NA,0.15862837433815002,420,1091,5569,246,0.8174993174993175,0.27796161482461945,0.6306306306306306,0.16381381381381382,0.8361861861861862
5815,YCL001W-A YCR073C,0.0,NA,0.15904024243354797,420,1090,5570,246,0.8176358176358176,0.2781456953642384,0.6306306306306306,0.16366366366366367,0.8363363363363363
5816,YGL049C YLL007C,0.0,NA,0.15926691889762878,420,1089,5571,246,0.8177723177723177,0.2783300198807157,0.6306306306306306,0.1635135135135135,0.8364864864864865
5817,YIR042C YBR072W,0.0,NA,0.15937988460063934,420,1088,5572,246,0.8179088179088179,0.27851458885941643,0.6306306306306306,0.16336336336336335,0.8366366366366367
5818,YJR029W YAR027W,0.0,NA,0.1595873385667801,420,1087,5573,246,0.818045318045318,0.278699402786994,0.6306306306306306,0.16321321321321322,0.8367867867867868
5819,YPR090W YOR158W,0.0,NA,0.16025063395500183,420,1086,5574,246,0.8181818181818182,0.2788844621513944,0.6306306306306306,0.16306306306306306,0.8369369369369369
5820,YJR120W YIL111W,1.0,NA,0.1605256348848343,419,1086,5574,247,0.818045318045318,0.27840531561461795,0.6291291291291291,0.16306306306306306,0.8369369369369369
5821,YML009C YBL063W,0.0,NA,0.1606786549091339,419,1085,5575,247,0.8181818181818182,0.2785904255319149,0.6291291291291291,0.1629129129129129,0.8370870870870871
5822,YDR120C YDR071C,0.0,NA,0.16072684526443481,419,1084,5576,247,0.8183183183183184,0.27877578176979373,0.6291291291291291,0.16276276276276277,0.8372372372372372
5823,YCL040W YHR057C,0.0,NA,0.1607353687286377,419,1083,5577,247,0.8184548184548185,0.2789613848202397,0.6291291291291291,0.16261261261261262,0.8373873873873874
5824,YIL144W YIL083C,0.0,NA,0.1608179807662964,419,1082,5578,247,0.8185913185913186,0.279147235176549,0.6291291291291291,0.16246246246246246,0.8375375375375376
5825,YBR088C YOR158W,0.0,NA,0.1610284298658371,419,1081,5579,247,0.8187278187278187,0.2793333333333333,0.6291291291291291,0.1623123123123123,0.8376876876876876
5826,YGR044C YEL077C,0.0,NA,0.16124610602855682,419,1080,5580,247,0.8188643188643189,0.27951967978652437,0.6291291291291291,0.16216216216216217,0.8378378378378378
5827,YEL077C YIL056W,0.0,NA,0.16175056993961334,419,1079,5581,247,0.819000819000819,0.27970627503337786,0.6291291291291291,0.162012012012012,0.837987987987988
5828,YJR025C YLL007C,0.0,NA,0.16195790469646454,419,1078,5582,247,0.8191373191373191,0.2798931195724783,0.6291291291291291,0.16186186186186186,0.8381381381381381
5829,YFL011W-A YDR064W,0.0,NA,0.16210106015205383,419,1077,5583,247,0.8192738192738193,0.2800802139037433,0.6291291291291291,0.16171171171171173,0.8382882882882883
5830,YPL111W YNL177C,1.0,NA,0.1624152809381485,418,1077,5583,248,0.8191373191373191,0.27959866220735785,0.6276276276276276,0.16171171171171173,0.8382882882882883
5831,YGR127W YDR297W,0.0,NA,0.16242149472236633,418,1076,5584,248,0.8192738192738193,0.2797858099062918,0.6276276276276276,0.16156156156156157,0.8384384384384385
5832,YDR026C YDR141C,0.0,NA,0.16243599355220795,418,1075,5585,248,0.8194103194103194,0.2799732083054253,0.6276276276276276,0.1614114114114114,0.8385885885885885
5833,YPR128C YNL071W,0.0,NA,0.1624741405248642,418,1074,5586,248,0.8195468195468195,0.2801608579088472,0.6276276276276276,0.16126126126126125,0.8387387387387387
5834,YLR139C YLR154W-C,1.0,NA,0.16270792484283447,417,1074,5586,249,0.8194103194103194,0.2796780684104628,0.6261261261261262,0.16126126126126125,0.8387387387387387
5835,YKR100C YCL005W-A,0.0,NA,0.16296617686748505,417,1073,5587,249,0.8195468195468195,0.27986577181208055,0.6261261261261262,0.16111111111111112,0.8388888888888889
5836,YMR247C YPR157W,0.0,NA,0.16307398676872253,417,1072,5588,249,0.8196833196833196,0.2800537273337811,0.6261261261261262,0.16096096096096096,0.8390390390390391
5837,YER123W YGL090W,0.0,NA,0.1631835252046585,417,1071,5589,249,0.8198198198198198,0.28024193548387094,0.6261261261261262,0.1608108108108108,0.8391891891891892
5838,YPR022C YGR152C,0.0,NA,0.16445748507976532,417,1070,5590,249,0.8199563199563199,0.2804303967720242,0.6261261261261262,0.16066066066066065,0.8393393393393394
5839,YLR053C YLR466W,0.0,NA,0.16460703313350677,417,1069,5591,249,0.8200928200928201,0.28061911170928666,0.6261261261261262,0.16051051051051052,0.8394894894894895
5840,YNR065C YFL002W-A,0.0,NA,0.16531553864479065,417,1068,5592,249,0.8202293202293203,0.2808080808080808,0.6261261261261262,0.16036036036036036,0.8396396396396396
5841,YJL105W YML081W,0.0,NA,0.16543230414390564,417,1067,5593,249,0.8203658203658204,0.28099730458221023,0.6261261261261262,0.1602102102102102,0.8397897897897898
5842,YOL022C YER110C,0.0,NA,0.16572584211826324,417,1066,5594,249,0.8205023205023205,0.28118678354686444,0.6261261261261262,0.16006006006006007,0.83993993993994
5843,YAR015W YHR079C-A,0.0,NA,0.1659727394580841,417,1065,5595,249,0.8206388206388207,0.2813765182186235,0.6261261261261262,0.15990990990990991,0.8400900900900901
5844,YJL066C YBL068W,0.0,NA,0.16602547466754913,417,1064,5596,249,0.8207753207753208,0.28156650911546255,0.6261261261261262,0.15975975975975976,0.8402402402402402
5845,YER058W YLR071C,0.0,NA,0.16630488634109497,417,1063,5597,249,0.8209118209118209,0.28175675675675677,0.6261261261261262,0.1596096096096096,0.8403903903903904
5846,YCL003W YPL057C,0.0,NA,0.16652613878250122,417,1062,5598,249,0.821048321048321,0.281947261663286,0.6261261261261262,0.15945945945945947,0.8405405405405405
5847,YBR283C YOR017W,0.0,NA,0.16667918860912323,417,1061,5599,249,0.8211848211848212,0.2821380243572395,0.6261261261261262,0.1593093093093093,0.8406906906906907
5848,YOL086W-A YOR215C,0.0,NA,0.167035311460495,417,1060,5600,249,0.8213213213213213,0.2823290453622207,0.6261261261261262,0.15915915915915915,0.8408408408408409
5849,YBR137W YER078C,0.0,NA,0.16713471710681915,417,1059,5601,249,0.8214578214578214,0.28252032520325204,0.6261261261261262,0.15900900900900902,0.840990990990991
5850,YMR262W YOR249C,0.0,NA,0.16721710562705994,417,1058,5602,249,0.8215943215943216,0.28271186440677964,0.6261261261261262,0.15885885885885886,0.8411411411411411
5851,YOR107W YIR037W,0.0,NA,0.16742061078548431,417,1057,5603,249,0.8217308217308217,0.2829036635006784,0.6261261261261262,0.1587087087087087,0.8412912912912913
5852,YCR005C YPR001W,1.0,NA,0.16749897599220276,416,1057,5603,250,0.8215943215943216,0.28241683638832316,0.6246246246246246,0.1587087087087087,0.8412912912912913
5853,YBR204C YOR003W,0.0,NA,0.16753558814525604,416,1056,5604,250,0.8217308217308217,0.2826086956521739,0.6246246246246246,0.15855855855855855,0.8414414414414414
5854,YNR039C YJR064W,0.0,NA,0.167913556098938,416,1055,5605,250,0.8218673218673219,0.28280081577158395,0.6246246246246246,0.15840840840840842,0.8415915915915916
5855,YHL044W YNL244C,0.0,NA,0.16803164780139923,416,1054,5606,250,0.822003822003822,0.2829931972789116,0.6246246246246246,0.15825825825825826,0.8417417417417418
5856,YJR015W YOR348C,0.0,NA,0.1680450737476349,416,1053,5607,250,0.8221403221403222,0.2831858407079646,0.6246246246246246,0.1581081081081081,0.8418918918918918
5857,YDR405W YAL046C,0.0,NA,0.16814926266670227,416,1052,5608,250,0.8222768222768223,0.28337874659400547,0.6246246246246246,0.15795795795795795,0.842042042042042
5858,YEL077C YGL130W,0.0,NA,0.1683078408241272,416,1051,5609,250,0.8224133224133224,0.283571915473756,0.6246246246246246,0.15780780780780782,0.8421921921921922
5859,YGR251W YJR082C,0.0,NA,0.16832248866558075,416,1050,5610,250,0.8225498225498226,0.2837653478854025,0.6246246246246246,0.15765765765765766,0.8423423423423423
5860,YML082W YPL234C,0.0,NA,0.168416365981102,416,1049,5611,250,0.8226863226863227,0.2839590443686007,0.6246246246246246,0.1575075075075075,0.8424924924924925
5861,YOR161C YPL216W,0.0,NA,0.16845333576202393,416,1048,5612,250,0.8228228228228228,0.28415300546448086,0.6246246246246246,0.15735735735735737,0.8426426426426427
5862,YKL047W YER064C,0.0,NA,0.16866828501224518,416,1047,5613,250,0.822959322959323,0.2843472317156528,0.6246246246246246,0.1572072072072072,0.8427927927927928
5863,YJR029W YDR273W,0.0,NA,0.16874496638774872,416,1046,5614,250,0.8230958230958231,0.28454172366621067,0.6246246246246246,0.15705705705705705,0.8429429429429429
5864,YBR013C YFL017C,0.0,NA,0.16876254975795746,416,1045,5615,250,0.8232323232323232,0.28473648186173856,0.6246246246246246,0.1569069069069069,0.8430930930930931
5865,YHL044W YPR021C,0.0,NA,0.16887249052524567,416,1044,5616,250,0.8233688233688233,0.28493150684931506,0.6246246246246246,0.15675675675675677,0.8432432432432433
5866,YOR161C YNL245C,0.0,NA,0.16896174848079681,416,1043,5617,250,0.8235053235053235,0.2851267991775189,0.6246246246246246,0.1566066066066066,0.8433933933933934
5867,YGL197W YNR066C,0.0,NA,0.16935476660728455,416,1042,5618,250,0.8236418236418236,0.28532235939643347,0.6246246246246246,0.15645645645645645,0.8435435435435436
5868,YJL018W YHR037W,0.0,NA,0.16964329779148102,416,1041,5619,250,0.8237783237783238,0.2855181880576527,0.6246246246246246,0.15630630630630632,0.8436936936936937
5869,YLR014C YGL026C,0.0,NA,0.17009791731834412,416,1040,5620,250,0.823914823914824,0.2857142857142857,0.6246246246246246,0.15615615615615616,0.8438438438438438
5870,YAL001C YLR250W,0.0,NA,0.17022870481014252,416,1039,5621,250,0.8240513240513241,0.2859106529209622,0.6246246246246246,0.156006006006006,0.843993993993994
5871,YLR154W-C YGL068W,1.0,NA,0.17023557424545288,415,1039,5621,251,0.823914823914824,0.28541953232462175,0.6231231231231231,0.156006006006006,0.843993993993994
5872,YLR418C YOR337W,0.0,NA,0.17036251723766327,415,1038,5622,251,0.8240513240513241,0.2856159669649002,0.6231231231231231,0.15585585585585585,0.8441441441441442
5873,YKL088W YLL039C,0.0,NA,0.1706255078315735,415,1037,5623,251,0.8241878241878242,0.2858126721763085,0.6231231231231231,0.15570570570570572,0.8442942942942943
5874,YPL180W YGR006W,0.0,NA,0.17098693549633026,415,1036,5624,251,0.8243243243243243,0.28600964851826327,0.6231231231231231,0.15555555555555556,0.8444444444444444
5875,YGL203C YCR097WB,0.0,NA,0.17106139659881592,415,1035,5625,251,0.8244608244608245,0.28620689655172415,0.6231231231231231,0.1554054054054054,0.8445945945945946
5876,YNL169C YOL030W,0.0,NA,0.1716427356004715,415,1034,5626,251,0.8245973245973246,0.2864044168391994,0.6231231231231231,0.15525525525525524,0.8447447447447447
5877,YPL237W YPL193W,0.0,NA,0.171835258603096,415,1033,5627,251,0.8247338247338247,0.2866022099447514,0.6231231231231231,0.1551051051051051,0.8448948948948949
5878,YDL232W YLL014W,0.0,NA,0.1722303330898285,415,1032,5628,251,0.8248703248703249,0.28680027643400136,0.6231231231231231,0.15495495495495495,0.8450450450450451
5879,YLR034C YAR028W,0.0,NA,0.17249222099781036,415,1031,5629,251,0.825006825006825,0.2869986168741355,0.6231231231231231,0.1548048048048048,0.8451951951951951
5880,YPR071W YOR026W,0.0,NA,0.17328035831451416,415,1030,5630,251,0.8251433251433251,0.28719723183391005,0.6231231231231231,0.15465465465465467,0.8453453453453453
5881,YAL001C YNL157W,0.0,NA,0.17358174920082092,415,1029,5631,251,0.8252798252798252,0.2873961218836565,0.6231231231231231,0.1545045045045045,0.8454954954954955
5882,YCL001W-A YJR127C,0.0,NA,0.1748693734407425,415,1028,5632,251,0.8254163254163254,0.2875952875952876,0.6231231231231231,0.15435435435435435,0.8456456456456456
5883,YNL115C YFL002W-A,0.0,NA,0.17596535384655,415,1027,5633,251,0.8255528255528255,0.28779472954230234,0.6231231231231231,0.1542042042042042,0.8457957957957958
5884,YDR134C YOR107W,0.0,NA,0.17620612680912018,415,1026,5634,251,0.8256893256893257,0.2879944482997918,0.6231231231231231,0.15405405405405406,0.845945945945946
5885,YJL132W YLR234W,0.0,NA,0.17659518122673035,415,1025,5635,251,0.8258258258258259,0.2881944444444444,0.6231231231231231,0.1539039039039039,0.8460960960960962
5886,YMR295C YNL183C,0.0,NA,0.17717815935611725,415,1024,5636,251,0.825962325962326,0.2883947185545518,0.6231231231231231,0.15375375375375375,0.8462462462462462
5887,YOL057W YDR497C,0.0,NA,0.17772698402404785,415,1023,5637,251,0.8260988260988261,0.2885952712100139,0.6231231231231231,0.15360360360360362,0.8463963963963964
5888,YMR247C YGR243W,0.0,NA,0.17796927690505981,415,1022,5638,251,0.8262353262353263,0.28879610299234515,0.6231231231231231,0.15345345345345346,0.8465465465465466
5889,YML003W YML111W,0.0,NA,0.17820923030376434,415,1021,5639,251,0.8263718263718264,0.2889972144846797,0.6231231231231231,0.1533033033033033,0.8466966966966967
5890,YJR015W YLR360W,0.0,NA,0.1782316118478775,415,1020,5640,251,0.8265083265083265,0.289198606271777,0.6231231231231231,0.15315315315315314,0.8468468468468469
5891,YML069W YMR106C,0.0,NA,0.17827676236629486,415,1019,5641,251,0.8266448266448266,0.2894002789400279,0.6231231231231231,0.153003003003003,0.846996996996997
5892,YLR154W-C YOR065W,1.0,NA,0.17857027053833008,414,1019,5641,252,0.8265083265083265,0.28890439637124915,0.6216216216216216,0.153003003003003,0.846996996996997
5893,YDR255C YCR096C,0.0,NA,0.1788364201784134,414,1018,5642,252,0.8266448266448266,0.28910614525139666,0.6216216216216216,0.15285285285285286,0.8471471471471471
5894,YDL176W YJR082C,0.0,NA,0.178926482796669,414,1017,5643,252,0.8267813267813268,0.2893081761006289,0.6216216216216216,0.1527027027027027,0.8472972972972973
5895,YKL069W YMR204C,0.0,NA,0.17916078865528107,414,1016,5644,252,0.8269178269178269,0.2895104895104895,0.6216216216216216,0.15255255255255254,0.8474474474474475
5896,YHR074W YDL192W,0.0,NA,0.17919299006462097,414,1015,5645,252,0.827054327054327,0.28971308607417773,0.6216216216216216,0.1524024024024024,0.8475975975975976
5897,YBR082C YJR043C,0.0,NA,0.1792464405298233,414,1014,5646,252,0.8271908271908271,0.28991596638655465,0.6216216216216216,0.15225225225225225,0.8477477477477477
5898,YPR001W YMR188C,1.0,NA,0.1793968379497528,413,1014,5646,253,0.827054327054327,0.28941836019621586,0.6201201201201201,0.15225225225225225,0.8477477477477477
5899,YLL007C YHR104W,0.0,NA,0.17949403822422028,413,1013,5647,253,0.8271908271908271,0.28962131837307153,0.6201201201201201,0.1521021021021021,0.8478978978978979
5900,YGR062C YJL053W,0.0,NA,0.17962703108787537,413,1012,5648,253,0.8273273273273273,0.28982456140350876,0.6201201201201201,0.15195195195195196,0.848048048048048
5901,YIR042C YGL062W,0.0,NA,0.1798933744430542,413,1011,5649,253,0.8274638274638275,0.29002808988764045,0.6201201201201201,0.1518018018018018,0.8481981981981982
5902,YCR076C YJL173C,0.0,NA,0.18025049567222595,413,1010,5650,253,0.8276003276003276,0.2902319044272663,0.6201201201201201,0.15165165165165165,0.8483483483483484
5903,YPL111W YKL085W,1.0,NA,0.18032191693782806,412,1010,5650,254,0.8274638274638275,0.28973277074542897,0.6186186186186187,0.15165165165165165,0.8483483483483484
5904,YCL030C YIL005W,0.0,NA,0.18106138706207275,412,1009,5651,254,0.8276003276003276,0.28993666432090076,0.6186186186186187,0.1515015015015015,0.8484984984984985
5905,YDL130W-A YMR027W,0.0,NA,0.18116946518421173,412,1008,5652,254,0.8277368277368278,0.29014084507042254,0.6186186186186187,0.15135135135135136,0.8486486486486486
5906,YIL172C YBL087C,0.0,NA,0.1814853698015213,412,1007,5653,254,0.8278733278733279,0.29034531360112753,0.6186186186186187,0.1512012012012012,0.8487987987987988
5907,YGR220C YDR389W,0.0,NA,0.18152539432048798,412,1006,5654,254,0.828009828009828,0.29055007052186177,0.6186186186186187,0.15105105105105104,0.8489489489489489
5908,YBL013W YPL050C,0.0,NA,0.18153369426727295,412,1005,5655,254,0.8281463281463282,0.29075511644318985,0.6186186186186187,0.15090090090090091,0.8490990990990991
5909,YLR139C YJR120W,1.0,NA,0.18235217034816742,411,1005,5655,255,0.828009828009828,0.2902542372881356,0.6171171171171171,0.15090090090090091,0.8490990990990991
5910,YHR097C YDL126C,0.0,NA,0.18269504606723785,411,1004,5656,255,0.8281463281463282,0.2904593639575972,0.6171171171171171,0.15075075075075076,0.8492492492492493
5911,YJR094C YMR084W,0.0,NA,0.18307965993881226,411,1003,5657,255,0.8282828282828283,0.29066478076379065,0.6171171171171171,0.1506006006006006,0.8493993993993993
5912,YDL035C YOL066C,0.0,NA,0.18323469161987305,411,1002,5658,255,0.8284193284193284,0.2908704883227176,0.6171171171171171,0.15045045045045044,0.8495495495495495
5913,YDR434W YIL077C,0.0,NA,0.18328681588172913,411,1001,5659,255,0.8285558285558285,0.29107648725212465,0.6171171171171171,0.1503003003003003,0.8496996996996997
5914,YLR391W-A YNL221C,0.0,NA,0.1837109625339508,411,1000,5660,255,0.8286923286923287,0.29128277817150955,0.6171171171171171,0.15015015015015015,0.8498498498498499
5915,YDR182W YMR203W,0.0,NA,0.18448688089847565,411,999,5661,255,0.8288288288288288,0.29148936170212764,0.6171171171171171,0.15,0.85
5916,YKR030W YHR132W-A,0.0,NA,0.18452580273151398,411,998,5662,255,0.8289653289653289,0.2916962384669979,0.6171171171171171,0.14984984984984984,0.8501501501501502
5917,YGR127W YJR082C,0.0,NA,0.18488959968090057,411,997,5663,255,0.8291018291018291,0.2919034090909091,0.6171171171171171,0.1496996996996997,0.8503003003003003
5918,YOR311C YLR037C,0.0,NA,0.18501856923103333,411,996,5664,255,0.8292383292383292,0.2921108742004264,0.6171171171171171,0.14954954954954955,0.8504504504504504
5919,YDR530C YCR097WB,0.0,NA,0.18509964644908905,411,995,5665,255,0.8293748293748294,0.2923186344238976,0.6171171171171171,0.1493993993993994,0.8506006006006006
5920,YCR005C YLR201C,1.0,NA,0.18606172502040863,410,995,5665,256,0.8292383292383292,0.2918149466192171,0.6156156156156156,0.1493993993993994,0.8506006006006006
5921,YMR053C YGL062W,0.0,NA,0.18639913201332092,410,994,5666,256,0.8293748293748294,0.292022792022792,0.6156156156156156,0.14924924924924926,0.8507507507507508
5922,YMR133W YNL328C,0.0,NA,0.186466246843338,410,993,5667,256,0.8295113295113296,0.29223093371347114,0.6156156156156156,0.1490990990990991,0.8509009009009009
5923,YPL259C YLR278C,0.0,NA,0.1865749955177307,410,992,5668,256,0.8296478296478297,0.29243937232524964,0.6156156156156156,0.14894894894894894,0.851051051051051
5924,YJR015W YJR155W,0.0,NA,0.1866164654493332,410,991,5669,256,0.8297843297843298,0.2926481084939329,0.6156156156156156,0.1487987987987988,0.8512012012012012
5925,YGR006W YLL007C,0.0,NA,0.18674656748771667,410,990,5670,256,0.8299208299208299,0.29285714285714287,0.6156156156156156,0.14864864864864866,0.8513513513513513
5926,YGL211W YKL059C,0.0,NA,0.186944380402565,410,989,5671,256,0.8300573300573301,0.2930664760543245,0.6156156156156156,0.1484984984984985,0.8515015015015015
5927,YGL107C YLR154W-C,1.0,NA,0.18727761507034302,409,989,5671,257,0.8299208299208299,0.2925608011444921,0.6141141141141141,0.1484984984984985,0.8515015015015015
5928,YJR120W YOR065W,1.0,NA,0.18831850588321686,408,989,5671,258,0.8297843297843298,0.29205440229062274,0.6126126126126126,0.1484984984984985,0.8515015015015015
5929,YMR262W YCL029C,0.0,NA,0.18862824141979218,408,988,5672,258,0.8299208299208299,0.2922636103151863,0.6126126126126126,0.14834834834834834,0.8516516516516517
5930,YPL001W YCL029C,0.0,NA,0.18943186104297638,408,987,5673,258,0.8300573300573301,0.2924731182795699,0.6126126126126126,0.1481981981981982,0.8518018018018018
5931,YOR394W YIL144W,0.0,NA,0.1897185891866684,408,986,5674,258,0.8301938301938302,0.2926829268292683,0.6126126126126126,0.14804804804804805,0.851951951951952
5932,YIL111W YPR001W,1.0,NA,0.18995165824890137,407,986,5674,259,0.8300573300573301,0.2921751615218952,0.6111111111111112,0.14804804804804805,0.851951951951952
5933,YPL220W YPL096C-A,0.0,NA,0.19062240421772003,407,985,5675,259,0.8301938301938302,0.29238505747126436,0.6111111111111112,0.1478978978978979,0.8521021021021021
5934,YGR028W YBL039W-B,0.0,NA,0.19121764600276947,407,984,5676,259,0.8303303303303303,0.29259525521207763,0.6111111111111112,0.14774774774774774,0.8522522522522522
5935,YDR342C YER024W,0.0,NA,0.19126664102077484,407,983,5677,259,0.8304668304668305,0.29280575539568343,0.6111111111111112,0.1475975975975976,0.8524024024024024
5936,YPL143W YKL171W,0.0,NA,0.1915275752544403,407,982,5678,259,0.8306033306033306,0.29301655867530596,0.6111111111111112,0.14744744744744745,0.8525525525525526
5937,YNL053W YPL224C,0.0,NA,0.1920791119337082,407,981,5679,259,0.8307398307398307,0.29322766570605185,0.6111111111111112,0.1472972972972973,0.8527027027027027
5938,YJR015W YOL073C,0.0,NA,0.19231918454170227,407,980,5680,259,0.8308763308763308,0.29343907714491707,0.6111111111111112,0.14714714714714713,0.8528528528528528
5939,YKR096W YML058W-A,0.0,NA,0.1929308921098709,407,979,5681,259,0.831012831012831,0.29365079365079366,0.6111111111111112,0.146996996996997,0.853003003003003
5940,YHR097C YOR126C,0.0,NA,0.19315455853939056,407,978,5682,259,0.8311493311493311,0.29386281588447655,0.6111111111111112,0.14684684684684685,0.8531531531531531
5941,YML081C-A YLR154W-C,1.0,NA,0.19331218302249908,406,978,5682,260,0.831012831012831,0.29335260115606937,0.6096096096096096,0.14684684684684685,0.8531531531531531
5942,YPR128C YEL006W,0.0,NA,0.19343429803848267,406,977,5683,260,0.8311493311493311,0.2935647143890094,0.6096096096096096,0.1466966966966967,0.8533033033033033
5943,YER043C YNL217W,0.0,NA,0.19349662959575653,406,976,5684,260,0.8312858312858313,0.2937771345875543,0.6096096096096096,0.14654654654654656,0.8534534534534535
5944,YML025C YLR154W-C,1.0,NA,0.19373303651809692,405,976,5684,261,0.8311493311493311,0.2932657494569153,0.6081081081081081,0.14654654654654656,0.8534534534534535
5945,YBR283C YBL051C,0.0,NA,0.19376078248023987,405,975,5685,261,0.8312858312858313,0.29347826086956524,0.6081081081081081,0.1463963963963964,0.8536036036036037
5946,YJL018W YCR098C,0.0,NA,0.1939878612756729,405,974,5686,261,0.8314223314223315,0.29369108049311093,0.6081081081081081,0.14624624624624624,0.8537537537537537
5947,YCL001W-A YPL030W,0.0,NA,0.19447529315948486,405,973,5687,261,0.8315588315588316,0.29390420899854863,0.6081081081081081,0.14609609609609608,0.8539039039039039
5948,YMR197C YMR160W,0.0,NA,0.1946457326412201,405,972,5688,261,0.8316953316953317,0.29411764705882354,0.6081081081081081,0.14594594594594595,0.8540540540540541
5949,YLR436C YDR141C,0.0,NA,0.1949293613433838,405,971,5689,261,0.8318318318318318,0.29433139534883723,0.6081081081081081,0.1457957957957958,0.8542042042042042
5950,YDL022W YKL010C,0.0,NA,0.19509784877300262,405,970,5690,261,0.831968331968332,0.29454545454545455,0.6081081081081081,0.14564564564564564,0.8543543543543544
5951,YKL156W YHL033C,0.0,NA,0.1952582448720932,405,969,5691,261,0.8321048321048321,0.29475982532751094,0.6081081081081081,0.1454954954954955,0.8545045045045045
5952,YFL035C YOL080C,0.0,NA,0.19549304246902466,405,968,5692,261,0.8322413322413322,0.2949745083758194,0.6081081081081081,0.14534534534534535,0.8546546546546546
5953,YCR092C YJR094C,0.0,NA,0.19569340348243713,405,967,5693,261,0.8323778323778324,0.29518950437317787,0.6081081081081081,0.1451951951951952,0.8548048048048048
5954,YNL038W YBR012W-B,0.0,NA,0.19592568278312683,405,966,5694,261,0.8325143325143325,0.29540481400437635,0.6081081081081081,0.14504504504504503,0.854954954954955
5955,YPR116W YBR121C,0.0,NA,0.19607558846473694,405,965,5695,261,0.8326508326508326,0.2956204379562044,0.6081081081081081,0.1448948948948949,0.8551051051051051
5956,YCR029C-A YGL004C,0.0,NA,0.19718514382839203,405,964,5696,261,0.8327873327873327,0.295836376917458,0.6081081081081081,0.14474474474474475,0.8552552552552553
5957,YMR016C YNL217W,0.0,NA,0.1972803771495819,405,963,5697,261,0.8329238329238329,0.29605263157894735,0.6081081081081081,0.1445945945945946,0.8554054054054054
5958,YMR295C YJL210W,0.0,NA,0.19754964113235474,405,962,5698,261,0.8330603330603331,0.29626920263350404,0.6081081081081081,0.14444444444444443,0.8555555555555555
5959,YNL320W YMR084W,0.0,NA,0.19755937159061432,405,961,5699,261,0.8331968331968332,0.2964860907759883,0.6081081081081081,0.1442942942942943,0.8557057057057057
5960,YDR143C YPR116W,0.0,NA,0.19771893322467804,405,960,5700,261,0.8333333333333334,0.2967032967032967,0.6081081081081081,0.14414414414414414,0.8558558558558559
5961,YLR014C YDR041W,0.0,NA,0.19784215092658997,405,959,5701,261,0.8334698334698335,0.2969208211143695,0.6081081081081081,0.14399399399399399,0.856006006006006
5962,YIL135C YNL272C,0.0,NA,0.19865043461322784,405,958,5702,261,0.8336063336063336,0.2971386647101981,0.6081081081081081,0.14384384384384385,0.8561561561561561
5963,YIR042C YKL039W,0.0,NA,0.1988050639629364,405,957,5703,261,0.8337428337428338,0.2973568281938326,0.6081081081081081,0.1436936936936937,0.8563063063063063
5964,YPR071W YKR104W,0.0,NA,0.19883954524993896,405,956,5704,261,0.8338793338793339,0.2975753122703894,0.6081081081081081,0.14354354354354354,0.8564564564564564
5965,YML003W YHL007C,0.0,NA,0.19907204806804657,405,955,5705,261,0.834015834015834,0.2977941176470588,0.6081081081081081,0.14339339339339338,0.8566066066066066
5966,YGL181W YCR021C,0.0,NA,0.2000201940536499,405,954,5706,261,0.8341523341523341,0.2980132450331126,0.6081081081081081,0.14324324324324325,0.8567567567567568
5967,YNL070W YMR112C,0.0,NA,0.20027093589305878,405,953,5707,261,0.8342888342888343,0.29823269513991163,0.6081081081081081,0.1430930930930931,0.856906906906907
5968,YLR348C YBL027W,0.0,NA,0.20150387287139893,405,952,5708,261,0.8344253344253344,0.2984524686809138,0.6081081081081081,0.14294294294294294,0.857057057057057
5969,YBR003W YIL083C,0.0,NA,0.20173341035842896,405,951,5709,261,0.8345618345618345,0.29867256637168144,0.6081081081081081,0.1427927927927928,0.8572072072072072
5970,YNL081C YCR076C,0.0,NA,0.20191267132759094,405,950,5710,261,0.8346983346983347,0.2988929889298893,0.6081081081081081,0.14264264264264265,0.8573573573573574
5971,YER071C YJL173C,0.0,NA,0.2020932286977768,405,949,5711,261,0.8348348348348348,0.29911373707533234,0.6081081081081081,0.1424924924924925,0.8575075075075075
5972,YNL217W YGL035C,0.0,NA,0.20225229859352112,405,948,5712,261,0.834971334971335,0.29933481152993346,0.6081081081081081,0.14234234234234233,0.8576576576576577
5973,YMR176W YER078C,0.0,NA,0.20237533748149872,405,947,5713,261,0.8351078351078352,0.2995562130177515,0.6081081081081081,0.1421921921921922,0.8578078078078079
5974,YHR132W-A YNL199C,0.0,NA,0.2025601863861084,405,946,5714,261,0.8352443352443353,0.2997779422649889,0.6081081081081081,0.14204204204204204,0.8579579579579579
5975,YMR086W YOR224C,0.0,NA,0.20327137410640717,405,945,5715,261,0.8353808353808354,0.3,0.6081081081081081,0.14189189189189189,0.8581081081081081
5976,YML039W YLR265C,0.0,NA,0.20332121849060059,405,944,5716,261,0.8355173355173355,0.3002223869532987,0.6081081081081081,0.14174174174174173,0.8582582582582583
5977,YLR008C YLR394W,0.0,NA,0.20332194864749908,405,943,5717,261,0.8356538356538357,0.3004451038575668,0.6081081081081081,0.1415915915915916,0.8584084084084084
5978,YLR034C YNL247W,0.0,NA,0.2036059945821762,405,942,5718,261,0.8357903357903358,0.30066815144766146,0.6081081081081081,0.14144144144144144,0.8585585585585586
5979,YDL232W YER078C,0.0,NA,0.2038041055202484,405,941,5719,261,0.8359268359268359,0.30089153046062406,0.6081081081081081,0.14129129129129128,0.8587087087087087
5980,YLR037C YKL171W,0.0,NA,0.20431649684906006,405,940,5720,261,0.836063336063336,0.30111524163568776,0.6081081081081081,0.14114114114114115,0.8588588588588588
5981,YIR037W YMR102C,0.0,NA,0.2043178528547287,405,939,5721,261,0.8361998361998362,0.3013392857142857,0.6081081081081081,0.140990990990991,0.859009009009009
5982,YER064C YBR070C,0.0,NA,0.20444339513778687,405,938,5722,261,0.8363363363363363,0.3015636634400596,0.6081081081081081,0.14084084084084084,0.8591591591591592
5983,YOL086W-A YPL155C,0.0,NA,0.20471495389938354,405,937,5723,261,0.8364728364728364,0.30178837555886734,0.6081081081081081,0.14069069069069068,0.8593093093093093
5984,YNL116W YNL010W,0.0,NA,0.20511078834533691,405,936,5724,261,0.8366093366093366,0.30201342281879195,0.6081081081081081,0.14054054054054055,0.8594594594594595
5985,YMR160W YMR112C,0.0,NA,0.20598971843719482,405,935,5725,261,0.8367458367458367,0.30223880597014924,0.6081081081081081,0.1403903903903904,0.8596096096096096
5986,YCR005C YIR031C,1.0,NA,0.20643405616283417,404,935,5725,262,0.8366093366093366,0.3017176997759522,0.6066066066066066,0.1403903903903904,0.8596096096096096
5987,YIL033C YLR258W,0.0,NA,0.20657995343208313,404,934,5726,262,0.8367458367458367,0.30194319880418535,0.6066066066066066,0.14024024024024023,0.8597597597597597
5988,YBL064C YMR322C,0.0,NA,0.20667244493961334,404,933,5727,262,0.8368823368823369,0.3021690351533283,0.6066066066066066,0.1400900900900901,0.8599099099099099
5989,YKL207W YPL123C,0.0,NA,0.20681563019752502,404,932,5728,262,0.8370188370188371,0.3023952095808383,0.6066066066066066,0.13993993993993994,0.8600600600600601
5990,YLR072W YHR104W,0.0,NA,0.20684510469436646,404,931,5729,262,0.8371553371553372,0.30262172284644195,0.6066066066066066,0.1397897897897898,0.8602102102102102
5991,YHR092C YKL141W,1.0,NA,0.2075881063938141,403,931,5729,263,0.8370188370188371,0.3020989505247376,0.6051051051051051,0.1397897897897898,0.8602102102102102
5992,YLL025W YCL020W,0.0,NA,0.20774643123149872,403,930,5730,263,0.8371553371553372,0.3023255813953488,0.6051051051051051,0.13963963963963963,0.8603603603603603
5993,YDR259C YDR026C,0.0,NA,0.20887257158756256,403,929,5731,263,0.8372918372918373,0.30255255255255253,0.6051051051051051,0.1394894894894895,0.8605105105105105
5994,YGL002W YLR359W,0.0,NA,0.2089511901140213,403,928,5732,263,0.8374283374283374,0.30277986476333585,0.6051051051051051,0.13933933933933934,0.8606606606606607
5995,YGL079W YLR336C,0.0,NA,0.20903454720973969,403,927,5733,263,0.8375648375648376,0.3030075187969925,0.6051051051051051,0.13918918918918918,0.8608108108108108
5996,YOR099W YNL213C,0.0,NA,0.20918312668800354,403,926,5734,263,0.8377013377013377,0.30323551542513166,0.6051051051051051,0.13903903903903903,0.860960960960961
5997,YKR017C YLR205C,0.0,NA,0.2091992348432541,403,925,5735,263,0.8378378378378378,0.30346385542168675,0.6051051051051051,0.1388888888888889,0.8611111111111112
5998,YKL088W YOR007C,0.0,NA,0.20936498045921326,403,924,5736,263,0.837974337974338,0.3036925395629239,0.6051051051051051,0.13873873873873874,0.8612612612612612
5999,YOR349W YOR291W,0.0,NA,0.20993492007255554,403,923,5737,263,0.8381108381108381,0.30392156862745096,0.6051051051051051,0.13858858858858858,0.8614114114114114
6000,YNL233W YER147C,0.0,NA,0.20997527241706848,403,922,5738,263,0.8382473382473382,0.3041509433962264,0.6051051051051051,0.13843843843843845,0.8615615615615616
6001,YBR031W YDR237W,0.0,NA,0.21020573377609253,403,921,5739,263,0.8383838383838383,0.30438066465256797,0.6051051051051051,0.1382882882882883,0.8617117117117117
6002,YPR001W YDL120W,1.0,NA,0.2102402299642563,402,921,5739,264,0.8382473382473382,0.30385487528344673,0.6036036036036037,0.1382882882882883,0.8617117117117117
6003,YGL048C YCL001W-A,0.0,NA,0.21032221615314484,402,920,5740,264,0.8383838383838383,0.3040847201210287,0.6036036036036037,0.13813813813813813,0.8618618618618619
6004,YHR132W-A YDR225W,0.0,NA,0.2111630141735077,402,919,5741,264,0.8385203385203385,0.30431491294473884,0.6036036036036037,0.13798798798798798,0.862012012012012
6005,YNL100W YOR126C,0.0,NA,0.21195295453071594,402,918,5742,264,0.8386568386568387,0.30454545454545456,0.6036036036036037,0.13783783783783785,0.8621621621621621
6006,YLR391W-A YCR105W,0.0,NA,0.21203960478305817,402,917,5743,264,0.8387933387933388,0.30477634571645185,0.6036036036036037,0.1376876876876877,0.8623123123123123
6007,YCL005W-A YJR063W,0.0,NA,0.21242322027683258,402,916,5744,264,0.838929838929839,0.30500758725341426,0.6036036036036037,0.13753753753753753,0.8624624624624625
6008,YDR040C YNR030W,0.0,NA,0.21252353489398956,402,915,5745,264,0.8390663390663391,0.3052391799544419,0.6036036036036037,0.1373873873873874,0.8626126126126126
6009,YCR055C YBR302C,0.0,NA,0.21321451663970947,402,914,5746,264,0.8392028392028392,0.30547112462006076,0.6036036036036037,0.13723723723723724,0.8627627627627628
6010,YHR070W YJR024C,0.0,NA,0.2137608379125595,402,913,5747,264,0.8393393393393394,0.3057034220532319,0.6036036036036037,0.13708708708708708,0.8629129129129129
6011,YKL003C YKL072W,0.0,NA,0.2138209491968155,402,912,5748,264,0.8394758394758395,0.3059360730593607,0.6036036036036037,0.13693693693693693,0.863063063063063
6012,YHL022C YNL251C,0.0,NA,0.21513789892196655,402,911,5749,264,0.8396123396123396,0.30616907844630614,0.6036036036036037,0.1367867867867868,0.8632132132132132
6013,YGL079W YIL172C,0.0,NA,0.2153298407793045,402,910,5750,264,0.8397488397488397,0.30640243902439024,0.6036036036036037,0.13663663663663664,0.8633633633633634
6014,YKL047W YLR320W,0.0,NA,0.2157207876443863,402,909,5751,264,0.8398853398853399,0.30663615560640733,0.6036036036036037,0.13648648648648648,0.8635135135135135
6015,YDR428C YHR164C,0.0,NA,0.215902179479599,402,908,5752,264,0.84002184002184,0.3068702290076336,0.6036036036036037,0.13633633633633635,0.8636636636636636
6016,YPL154C YPR114W,0.0,NA,0.21594561636447906,402,907,5753,264,0.8401583401583401,0.30710466004583653,0.6036036036036037,0.1361861861861862,0.8638138138138138
6017,YGR266W YOR198C,0.0,NA,0.21638837456703186,402,906,5754,264,0.8402948402948403,0.3073394495412844,0.6036036036036037,0.13603603603603603,0.8639639639639639
6018,YOL086W-A YMR197C,0.0,NA,0.21643918752670288,402,905,5755,264,0.8404313404313404,0.30757459831675593,0.6036036036036037,0.13588588588588588,0.8641141141141141
6019,YGR046W YIL083C,0.0,NA,0.21730145812034607,402,904,5756,264,0.8405678405678406,0.30781010719754975,0.6036036036036037,0.13573573573573575,0.8642642642642643
6020,YJL052W YLR466W,0.0,NA,0.21737168729305267,402,903,5757,264,0.8407043407043407,0.3080459770114943,0.6036036036036037,0.1355855855855856,0.8644144144144145
6021,YGR251W YOR381W,0.0,NA,0.2178182154893875,402,902,5758,264,0.8408408408408409,0.30828220858895705,0.6036036036036037,0.13543543543543543,0.8645645645645645
6022,YML124C YHR132W-A,0.0,NA,0.21857482194900513,402,901,5759,264,0.840977340977341,0.3085188027628549,0.6036036036036037,0.13528528528528527,0.8647147147147147
6023,YLR205C YDR141C,0.0,NA,0.21861223876476288,402,900,5760,264,0.8411138411138411,0.3087557603686636,0.6036036036036037,0.13513513513513514,0.8648648648648649
6024,YJL059W YGL250W,0.0,NA,0.21901872754096985,402,899,5761,264,0.8412503412503413,0.30899308224442734,0.6036036036036037,0.13498498498498498,0.865015015015015
6025,YIL111W YOR065W,1.0,NA,0.21902181208133698,401,899,5761,265,0.8411138411138411,0.30846153846153845,0.6021021021021021,0.13498498498498498,0.865015015015015
6026,YHR091C YBR132C,0.0,NA,0.2198473960161209,401,898,5762,265,0.8412503412503413,0.3086989992301771,0.6021021021021021,0.13483483483483483,0.8651651651651652
6027,YGL197W YOL096C,0.0,NA,0.2202499806880951,401,897,5763,265,0.8413868413868414,0.3089368258859784,0.6021021021021021,0.1346846846846847,0.8653153153153154
6028,YFL054C YKL170W,0.0,NA,0.22075457870960236,401,896,5764,265,0.8415233415233415,0.3091750192752506,0.6021021021021021,0.13453453453453454,0.8654654654654654
6029,YDR093W YDR374C,0.0,NA,0.2210681140422821,401,895,5765,265,0.8416598416598416,0.30941358024691357,0.6021021021021021,0.13438438438438438,0.8656156156156156
6030,YLR241W YLR238W,0.0,NA,0.2212301343679428,401,894,5766,265,0.8417963417963418,0.3096525096525097,0.6021021021021021,0.13423423423423422,0.8657657657657658
6031,YEL077C YMR112C,0.0,NA,0.2213519662618637,401,893,5767,265,0.8419328419328419,0.30989180834621327,0.6021021021021021,0.1340840840840841,0.8659159159159159
6032,YCR087C-A YER155C,0.0,NA,0.22249238193035126,401,892,5768,265,0.842069342069342,0.31013147718484146,0.6021021021021021,0.13393393393393394,0.8660660660660661
6033,YGL045W YDR494W,0.0,NA,0.2227497100830078,401,891,5769,265,0.8422058422058422,0.31037151702786375,0.6021021021021021,0.13378378378378378,0.8662162162162163
6034,YML039W YHR179W,0.0,NA,0.22345957159996033,401,890,5770,265,0.8423423423423423,0.31061192873741283,0.6021021021021021,0.13363363363363365,0.8663663663663663
6035,YCL014W YKL143W,0.0,NA,0.22391685843467712,401,889,5771,265,0.8424788424788425,0.31085271317829455,0.6021021021021021,0.1334834834834835,0.8665165165165165
6036,YJR158W YCR042C,0.0,NA,0.2239324003458023,401,888,5772,265,0.8426153426153427,0.3110938712179985,0.6021021021021021,0.13333333333333333,0.8666666666666667
6037,YNL008C YDR248C,0.0,NA,0.22394876182079315,401,887,5773,265,0.8427518427518428,0.3113354037267081,0.6021021021021021,0.13318318318318317,0.8668168168168168
6038,YOR245C YHR202W,0.0,NA,0.2239830046892166,401,886,5774,265,0.8428883428883429,0.31157731157731156,0.6021021021021021,0.13303303303303304,0.866966966966967
6039,YJR027W YKR061W,0.0,NA,0.22426161170005798,401,885,5775,265,0.843024843024843,0.3118195956454121,0.6021021021021021,0.13288288288288289,0.8671171171171171
6040,YLR139C YBR185C,1.0,NA,0.2245028018951416,400,885,5775,266,0.8428883428883429,0.311284046692607,0.6006006006006006,0.13288288288288289,0.8671171171171171
6041,YMR008C YFL002W-A,0.0,NA,0.22459369897842407,400,884,5776,266,0.843024843024843,0.3115264797507788,0.6006006006006006,0.13273273273273273,0.8672672672672672
6042,YJL166W YBR085W,1.0,NA,0.22463226318359375,399,884,5776,267,0.8428883428883429,0.31098986749805146,0.5990990990990991,0.13273273273273273,0.8672672672672672
6043,YBL040C YNR066C,0.0,NA,0.22467580437660217,399,883,5777,267,0.843024843024843,0.3112324492979719,0.5990990990990991,0.13258258258258257,0.8674174174174174
6044,YOR040W YLL007C,0.0,NA,0.22491316497325897,399,882,5778,267,0.8431613431613432,0.3114754098360656,0.5990990990990991,0.13243243243243244,0.8675675675675676
6045,YNL217W YOR069W,0.0,NA,0.22516939043998718,399,881,5779,267,0.8432978432978433,0.31171875,0.5990990990990991,0.13228228228228228,0.8677177177177177
6046,YGR127W YPR071W,0.0,NA,0.2253103256225586,399,880,5780,267,0.8434343434343434,0.31196247068021893,0.5990990990990991,0.13213213213213212,0.8678678678678678
6047,YDR034W-B YKR051W,0.0,NA,0.22623516619205475,399,879,5781,267,0.8435708435708436,0.31220657276995306,0.5990990990990991,0.131981981981982,0.868018018018018
6048,YAL029C YPR098C,0.0,NA,0.22661158442497253,399,878,5782,267,0.8437073437073437,0.312451057165231,0.5990990990990991,0.13183183183183184,0.8681681681681682
6049,YGR260W YDL001W,0.0,NA,0.22703303396701813,399,877,5783,267,0.8438438438438438,0.3126959247648903,0.5990990990990991,0.13168168168168168,0.8683183183183183
6050,YOR161C YDR352W,0.0,NA,0.22750169038772583,399,876,5784,267,0.8439803439803439,0.3129411764705882,0.5990990990990991,0.13153153153153152,0.8684684684684685
6051,YBR223C YGR294W,0.0,NA,0.2278100550174713,399,875,5785,267,0.8441168441168441,0.3131868131868132,0.5990990990990991,0.1313813813813814,0.8686186186186187
6052,YLR268W YOR214C,0.0,NA,0.2283085137605667,399,874,5786,267,0.8442533442533443,0.31343283582089554,0.5990990990990991,0.13123123123123123,0.8687687687687687
6053,YDR216W YOL112W,0.0,NA,0.22878775000572205,399,873,5787,267,0.8443898443898444,0.3136792452830189,0.5990990990990991,0.13108108108108107,0.8689189189189189
6054,YKR096W YHR126C,0.0,NA,0.22878961265087128,399,872,5788,267,0.8445263445263446,0.3139260424862313,0.5990990990990991,0.13093093093093094,0.8690690690690691
6055,YMR279C YHR085W,0.0,NA,0.22894082963466644,399,871,5789,267,0.8446628446628447,0.31417322834645667,0.5990990990990991,0.1307807807807808,0.8692192192192192
6056,YPL240C YOL108C,0.0,NA,0.22914625704288483,399,870,5790,267,0.8447993447993448,0.3144208037825059,0.5990990990990991,0.13063063063063063,0.8693693693693694
6057,YFR020W YLR259C,0.0,NA,0.23010842502117157,399,869,5791,267,0.844935844935845,0.3146687697160883,0.5990990990990991,0.13048048048048047,0.8695195195195196
6058,YKL047W YJL008C,0.0,NA,0.23071379959583282,399,868,5792,267,0.8450723450723451,0.3149171270718232,0.5990990990990991,0.13033033033033034,0.8696696696696696
6059,YNL185C YLR154W-C,1.0,NA,0.23179788887500763,398,868,5792,268,0.844935844935845,0.31437598736176936,0.5975975975975976,0.13033033033033034,0.8696696696696696
6060,YDR180W YGL110C,0.0,NA,0.23316670954227448,398,867,5793,268,0.8450723450723451,0.31462450592885377,0.5975975975975976,0.13018018018018018,0.8698198198198198
6061,YDR429C YDR221W,0.0,NA,0.23356041312217712,398,866,5794,268,0.8452088452088452,0.314873417721519,0.5975975975975976,0.13003003003003002,0.86996996996997
6062,YAR018C YPR116W,0.0,NA,0.2337867021560669,398,865,5795,268,0.8453453453453453,0.31512272367379257,0.5975975975975976,0.12987987987987987,0.8701201201201201
6063,YCR005C YOR065W,1.0,NA,0.2346763163805008,397,865,5795,269,0.8452088452088452,0.3145800316957211,0.5960960960960962,0.12987987987987987,0.8701201201201201
6064,YIR032C YOL096C,0.0,NA,0.23492373526096344,397,864,5796,269,0.8453453453453453,0.3148295003965107,0.5960960960960962,0.12972972972972974,0.8702702702702703
6065,YJL132W YJL058C,0.0,NA,0.23520547151565552,397,863,5797,269,0.8454818454818455,0.31507936507936507,0.5960960960960962,0.12957957957957958,0.8704204204204204
6066,YPL183W-A YJR120W,1.0,NA,0.23540472984313965,396,863,5797,270,0.8453453453453453,0.3145353455123114,0.5945945945945946,0.12957957957957958,0.8704204204204204
6067,YHR104W YKR075C,0.0,NA,0.23554877936840057,396,862,5798,270,0.8454818454818455,0.314785373608903,0.5945945945945946,0.12942942942942942,0.8705705705705705
6068,YFL048C YMR086W,0.0,NA,0.23621365427970886,396,861,5799,270,0.8456183456183456,0.315035799522673,0.5945945945945946,0.1292792792792793,0.8707207207207207
6069,YDL028C YOL073C,0.0,NA,0.23806709051132202,396,860,5800,270,0.8457548457548457,0.31528662420382164,0.5945945945945946,0.12912912912912913,0.8708708708708709
6070,YBR089C-A YLR142W,0.0,NA,0.23856303095817566,396,859,5801,270,0.8458913458913458,0.3155378486055777,0.5945945945945946,0.12897897897897898,0.871021021021021
6071,YGR091W YNL100W,0.0,NA,0.2392304688692093,396,858,5802,270,0.846027846027846,0.3157894736842105,0.5945945945945946,0.12882882882882882,0.8711711711711712
6072,YMR016C YBL068W,0.0,NA,0.23943226039409637,396,857,5803,270,0.8461643461643462,0.3160415003990423,0.5945945945945946,0.1286786786786787,0.8713213213213213
6073,YGL079W YGR208W,0.0,NA,0.24016813933849335,396,856,5804,270,0.8463008463008463,0.31629392971246006,0.5945945945945946,0.12852852852852853,0.8714714714714715
6074,YNL010W YNL020C,0.0,NA,0.24342815577983856,396,855,5805,270,0.8464373464373465,0.31654676258992803,0.5945945945945946,0.12837837837837837,0.8716216216216216
6075,YCR005C YGL191W,1.0,NA,0.2434341162443161,395,855,5805,271,0.8463008463008463,0.316,0.5930930930930931,0.12837837837837837,0.8716216216216216
6076,YDR293C YPL026C,0.0,NA,0.24355627596378326,395,854,5806,271,0.8464373464373465,0.31625300240192156,0.5930930930930931,0.12822822822822824,0.8717717717717718
6077,YLR414C YLR086W,0.0,NA,0.24382682144641876,395,853,5807,271,0.8465738465738466,0.31650641025641024,0.5930930930930931,0.12807807807807808,0.871921921921922
6078,YBR088C YBR096W,0.0,NA,0.2438778579235077,395,852,5808,271,0.8467103467103467,0.31676022453889335,0.5930930930930931,0.12792792792792793,0.872072072072072
6079,YDR146C YCR043C,0.0,NA,0.24392369389533997,395,851,5809,271,0.8468468468468469,0.31701444622792935,0.5930930930930931,0.12777777777777777,0.8722222222222222
6080,YBR192W YPL066W,0.0,NA,0.24483345448970795,395,850,5810,271,0.846983346983347,0.3172690763052209,0.5930930930930931,0.12762762762762764,0.8723723723723724
6081,YHR080C YCL030C,0.0,NA,0.24490776658058167,395,849,5811,271,0.8471198471198471,0.317524115755627,0.5930930930930931,0.12747747747747748,0.8725225225225225
6082,YLL019C YDL128W,0.0,NA,0.2450319528579712,395,848,5812,271,0.8472563472563472,0.3177795655671762,0.5930930930930931,0.12732732732732732,0.8726726726726727
6083,YFL054C YLR262C-A,0.0,NA,0.2462470829486847,395,847,5813,271,0.8473928473928474,0.31803542673107893,0.5930930930930931,0.12717717717717716,0.8728228228228229
6084,YCL003W YMR059W,0.0,NA,0.2462569773197174,395,846,5814,271,0.8475293475293475,0.3182917002417405,0.5930930930930931,0.12702702702702703,0.8729729729729729
6085,YKR097W YKL143W,0.0,NA,0.24656283855438232,395,845,5815,271,0.8476658476658476,0.3185483870967742,0.5930930930930931,0.12687687687687688,0.8731231231231231
6086,YOR126C YOR214C,0.0,NA,0.24667805433273315,395,844,5816,271,0.8478023478023478,0.3188054882970137,0.5930930930930931,0.12672672672672672,0.8732732732732733
6087,YML081C-A YBR085W,1.0,NA,0.24671119451522827,394,844,5816,272,0.8476658476658476,0.3182552504038772,0.5915915915915916,0.12672672672672672,0.8732732732732733
6088,YER183C YJR117W,0.0,NA,0.2470647692680359,394,843,5817,272,0.8478023478023478,0.3185125303152789,0.5915915915915916,0.1265765765765766,0.8734234234234234
6089,YKL170W YOR106W,0.0,NA,0.24708136916160583,394,842,5818,272,0.8479388479388479,0.3187702265372168,0.5915915915915916,0.12642642642642643,0.8735735735735736
6090,YCR076C YLR104W,0.0,NA,0.24730493128299713,394,841,5819,272,0.8480753480753481,0.31902834008097164,0.5915915915915916,0.12627627627627627,0.8737237237237238
6091,YER064C YDR482C,0.0,NA,0.24845658242702484,394,840,5820,272,0.8482118482118483,0.3192868719611021,0.5915915915915916,0.12612612612612611,0.8738738738738738
6092,YDL045W-A YGR032W,0.0,NA,0.24900417029857635,394,839,5821,272,0.8483483483483484,0.3195458231954582,0.5915915915915916,0.12597597597597598,0.874024024024024
6093,YCR087C-A YBR127C,0.0,NA,0.24949604272842407,394,838,5822,272,0.8484848484848485,0.3198051948051948,0.5915915915915916,0.12582582582582583,0.8741741741741742
6094,YLR293C YER071C,0.0,NA,0.24969710409641266,394,837,5823,272,0.8486213486213486,0.3200649878147847,0.5915915915915916,0.12567567567567567,0.8743243243243243
6095,YIR031C YLR154W-C,1.0,NA,0.24990229308605194,393,837,5823,273,0.8484848484848485,0.3195121951219512,0.5900900900900901,0.12567567567567567,0.8743243243243243
6096,YPR138C YNL221C,0.0,NA,0.25056198239326477,393,836,5824,273,0.8486213486213486,0.3197721724979658,0.5900900900900901,0.12552552552552554,0.8744744744744745
6097,YGL080W YOR090C,0.0,NA,0.2509456276893616,393,835,5825,273,0.8487578487578488,0.32003257328990226,0.5900900900900901,0.12537537537537538,0.8746246246246246
6098,YDL171C YMR315W,0.0,NA,0.2512567937374115,393,834,5826,273,0.8488943488943489,0.3202933985330073,0.5900900900900901,0.12522522522522522,0.8747747747747747
6099,YGR091W YCL047C,0.0,NA,0.25129446387290955,393,833,5827,273,0.849030849030849,0.3205546492659054,0.5900900900900901,0.12507507507507507,0.8749249249249249
6100,YDR300C YHR096C,0.0,NA,0.2515702545642853,393,832,5828,273,0.8491673491673492,0.32081632653061226,0.5900900900900901,0.12492492492492492,0.8750750750750751
6101,YPL123C YDR089W,0.0,NA,0.251845121383667,393,831,5829,273,0.8493038493038493,0.32107843137254904,0.5900900900900901,0.12477477477477478,0.8752252252252253
6102,YDL192W YLR053C,0.0,NA,0.2520190179347992,393,830,5830,273,0.8494403494403494,0.321340964840556,0.5900900900900901,0.12462462462462462,0.8753753753753754
6103,YOR161C YPR193C,0.0,NA,0.2521485686302185,393,829,5831,273,0.8495768495768495,0.32160392798690673,0.5900900900900901,0.12447447447447448,0.8755255255255255
6104,YBL107C YLR246W,0.0,NA,0.2522711455821991,393,828,5832,273,0.8497133497133497,0.32186732186732187,0.5900900900900901,0.12432432432432433,0.8756756756756757
6105,YOR339C YPL030W,0.0,NA,0.2523268163204193,393,827,5833,273,0.8498498498498499,0.3221311475409836,0.5900900900900901,0.12417417417417417,0.8758258258258258
6106,YBR086C YPR086W,0.0,NA,0.25233912467956543,393,826,5834,273,0.84998634998635,0.3223954060705496,0.5900900900900901,0.12402402402402403,0.875975975975976
6107,YHR202W YCR038C,0.0,NA,0.2525482475757599,393,825,5835,273,0.8501228501228502,0.3226600985221675,0.5900900900900901,0.12387387387387387,0.8761261261261262
6108,YPR118W YDR531W,0.0,NA,0.25382569432258606,393,824,5836,273,0.8502593502593503,0.3229252259654889,0.5900900900900901,0.12372372372372373,0.8762762762762762
6109,YDL176W YPR106W,0.0,NA,0.2540109157562256,393,823,5837,273,0.8503958503958504,0.32319078947368424,0.5900900900900901,0.12357357357357357,0.8764264264264264
6110,YDL085W YMR115W,0.0,NA,0.2555111050605774,393,822,5838,273,0.8505323505323505,0.3234567901234568,0.5900900900900901,0.12342342342342343,0.8765765765765766
6111,YLR205C YOR396W,0.0,NA,0.25555190443992615,393,821,5839,273,0.8506688506688507,0.3237232289950577,0.5900900900900901,0.12327327327327327,0.8767267267267267
6112,YNL316C YFL002W-A,0.0,NA,0.25637707114219666,393,820,5840,273,0.8508053508053508,0.3239901071723001,0.5900900900900901,0.12312312312312312,0.8768768768768769
6113,YFL003C YGL111W,0.0,NA,0.2574310600757599,393,819,5841,273,0.8509418509418509,0.32425742574257427,0.5900900900900901,0.12297297297297298,0.8770270270270271
6114,YDR342C YKL191W,0.0,NA,0.257537305355072,393,818,5842,273,0.8510783510783511,0.32452518579686207,0.5900900900900901,0.12282282282282282,0.8771771771771771
6115,YLL007C YLR061W,0.0,NA,0.25778570771217346,393,817,5843,273,0.8512148512148512,0.3247933884297521,0.5900900900900901,0.12267267267267268,0.8773273273273273
6116,YDR437W YER183C,0.0,NA,0.25790753960609436,393,816,5844,273,0.8513513513513513,0.3250620347394541,0.5900900900900901,0.12252252252252252,0.8774774774774775
6117,YMR084W YKL171W,0.0,NA,0.2581656873226166,393,815,5845,273,0.8514878514878514,0.3253311258278146,0.5900900900900901,0.12237237237237238,0.8776276276276276
6118,YNR066C YLL019C,0.0,NA,0.2595464885234833,393,814,5846,273,0.8516243516243516,0.3256006628003314,0.5900900900900901,0.12222222222222222,0.8777777777777778
6119,YLR391W-A YDR003W,0.0,NA,0.2601080536842346,393,813,5847,273,0.8517608517608518,0.32587064676616917,0.5900900900900901,0.12207207207207207,0.877927927927928
6120,YJR120W YPR100W,1.0,NA,0.26076486706733704,392,813,5847,274,0.8516243516243516,0.3253112033195021,0.5885885885885885,0.12207207207207207,0.877927927927928
6121,YDR481C YHR104W,0.0,NA,0.26140686869621277,392,812,5848,274,0.8517608517608518,0.32558139534883723,0.5885885885885885,0.12192192192192192,0.878078078078078
6122,YCR097WB YNL059C,0.0,NA,0.2620469629764557,392,811,5849,274,0.8518973518973519,0.3258520365752286,0.5885885885885885,0.12177177177177177,0.8782282282282282
6123,YPL066W YNL027W,0.0,NA,0.2620707154273987,392,810,5850,274,0.8520338520338521,0.3261231281198003,0.5885885885885885,0.12162162162162163,0.8783783783783784
6124,YML058W-A YMR058W,0.0,NA,0.26240333914756775,392,809,5851,274,0.8521703521703522,0.3263946711074105,0.5885885885885885,0.12147147147147147,0.8785285285285285
6125,YIL009W YDR013W,0.0,NA,0.2626492977142334,392,808,5852,274,0.8523068523068523,0.32666666666666666,0.5885885885885885,0.12132132132132133,0.8786786786786787
6126,YIR018W YHR057C,0.0,NA,0.26285794377326965,392,807,5853,274,0.8524433524433525,0.3269391159299416,0.5885885885885885,0.12117117117117117,0.8788288288288288
6127,YOR382W YFL020C,0.0,NA,0.26310425996780396,392,806,5854,274,0.8525798525798526,0.327212020033389,0.5885885885885885,0.12102102102102102,0.878978978978979
6128,YCL014W YPL216W,0.0,NA,0.2631438076496124,392,805,5855,274,0.8527163527163527,0.32748538011695905,0.5885885885885885,0.12087087087087087,0.8791291291291291
6129,YPL279C YPL024W,0.0,NA,0.26424089074134827,392,804,5856,274,0.8528528528528528,0.3277591973244147,0.5885885885885885,0.12072072072072072,0.8792792792792793
6130,YLR254C YIR035C,0.0,NA,0.2654895782470703,392,803,5857,274,0.852989352989353,0.32803347280334727,0.5885885885885885,0.12057057057057056,0.8794294294294295
6131,YJL184W YDL002C,0.0,NA,0.2657392919063568,392,802,5858,274,0.8531258531258531,0.32830820770519265,0.5885885885885885,0.12042042042042042,0.8795795795795796
6132,YJR108W YDR517W,0.0,NA,0.26581108570098877,392,801,5859,274,0.8532623532623532,0.32858340318524726,0.5885885885885885,0.12027027027027028,0.8797297297297297
6133,YPR118W YBR101C,0.0,NA,0.26724398136138916,392,800,5860,274,0.8533988533988534,0.3288590604026846,0.5885885885885885,0.12012012012012012,0.8798798798798799
6134,YML025C YJR120W,1.0,NA,0.2672828733921051,391,800,5860,275,0.8532623532623532,0.32829554995801846,0.5870870870870871,0.12012012012012012,0.8798798798798799
6135,YOR090C YER037W,0.0,NA,0.2673165798187256,391,799,5861,275,0.8533988533988534,0.32857142857142857,0.5870870870870871,0.11996996996996998,0.88003003003003
6136,YBR278W YGL008C,0.0,NA,0.268471896648407,391,798,5862,275,0.8535353535353535,0.3288477712363331,0.5870870870870871,0.11981981981981982,0.8801801801801802
6137,YOR020C YNL241C,0.0,NA,0.2684747576713562,391,797,5863,275,0.8536718536718537,0.3291245791245791,0.5870870870870871,0.11966966966966967,0.8803303303303304
6138,YDL120W YNL177C,1.0,NA,0.2699818015098572,390,797,5863,276,0.8535353535353535,0.32855939342881213,0.5855855855855856,0.11966966966966967,0.8803303303303304
6139,YPL183W-A YBR085W,1.0,NA,0.2705991268157959,389,797,5863,277,0.8533988533988534,0.3279932546374368,0.5840840840840841,0.11966966966966967,0.8803303303303304
6140,YGR080W YGL026C,0.0,NA,0.2708743214607239,389,796,5864,277,0.8535353535353535,0.32827004219409284,0.5840840840840841,0.11951951951951952,0.8804804804804804
6141,YGR152C YDR400W,0.0,NA,0.2713775634765625,389,795,5865,277,0.8536718536718537,0.3285472972972973,0.5840840840840841,0.11936936936936937,0.8806306306306306
6142,YGR055W YDL128W,0.0,NA,0.27165353298187256,389,794,5866,277,0.8538083538083538,0.32882502113271345,0.5840840840840841,0.11921921921921921,0.8807807807807808
6143,YER151C YDR089W,0.0,NA,0.2723628580570221,389,793,5867,277,0.853944853944854,0.3291032148900169,0.5840840840840841,0.11906906906906907,0.8809309309309309
6144,YLR042C YDR151C,0.0,NA,0.2728233337402344,389,792,5868,277,0.8540813540813541,0.3293818797629128,0.5840840840840841,0.11891891891891893,0.8810810810810811
6145,YCR005C YHL004W,1.0,NA,0.2731398344039917,388,792,5868,278,0.853944853944854,0.3288135593220339,0.5825825825825826,0.11891891891891893,0.8810810810810811
6146,YPR071W YJL025W,0.0,NA,0.2734934091567993,388,791,5869,278,0.8540813540813541,0.3290924512298558,0.5825825825825826,0.11876876876876877,0.8812312312312313
6147,YLR359W YAR028W,0.0,NA,0.2747577428817749,388,790,5870,278,0.8542178542178542,0.3293718166383701,0.5825825825825826,0.11861861861861862,0.8813813813813813
6148,YOL155C YKL003C,0.0,NA,0.2753566801548004,388,789,5871,278,0.8543543543543544,0.3296516567544605,0.5825825825825826,0.11846846846846847,0.8815315315315315
6149,YMR247C YAR002W,0.0,NA,0.27578461170196533,388,788,5872,278,0.8544908544908545,0.3299319727891156,0.5825825825825826,0.11831831831831832,0.8816816816816817
6150,YFL003C YIL005W,0.0,NA,0.2760472297668457,388,787,5873,278,0.8546273546273546,0.3302127659574468,0.5825825825825826,0.11816816816816816,0.8818318318318318
6151,YLR216C YOL155C,0.0,NA,0.2761695683002472,388,786,5874,278,0.8547638547638547,0.33049403747870526,0.5825825825825826,0.11801801801801802,0.881981981981982
6152,YAL046C YOR007C,0.0,NA,0.27639758586883545,388,785,5875,278,0.8549003549003549,0.3307757885763001,0.5825825825825826,0.11786786786786786,0.8821321321321322
6153,YPL113C YML051W,0.0,NA,0.27660802006721497,388,784,5876,278,0.855036855036855,0.3310580204778157,0.5825825825825826,0.11771771771771772,0.8822822822822823
6154,YNL010W YDR479C,0.0,NA,0.2773182690143585,388,783,5877,278,0.8551733551733551,0.33134073441502987,0.5825825825825826,0.11756756756756757,0.8824324324324324
6155,YLR388W YKL060C,0.0,NA,0.2783866226673126,388,782,5878,278,0.8553098553098553,0.3316239316239316,0.5825825825825826,0.11741741741741742,0.8825825825825826
6156,YLR309C YCL001W-A,0.0,NA,0.27860209345817566,388,781,5879,278,0.8554463554463555,0.3319076133447391,0.5825825825825826,0.11726726726726727,0.8827327327327328
6157,YKL170W YKR075C,0.0,NA,0.27937155961990356,388,780,5880,278,0.8555828555828556,0.3321917808219178,0.5825825825825826,0.11711711711711711,0.8828828828828829
6158,YER136W YDR539W,0.0,NA,0.2794307470321655,388,779,5881,278,0.8557193557193558,0.3324764353041988,0.5825825825825826,0.11696696696696697,0.883033033033033
6159,YML082W YPL123C,0.0,NA,0.27964505553245544,388,778,5882,278,0.8558558558558559,0.33276157804459694,0.5825825825825826,0.11681681681681681,0.8831831831831832
6160,YER072W YBL068W,0.0,NA,0.27976521849632263,388,777,5883,278,0.855992355992356,0.33304721030042916,0.5825825825825826,0.11666666666666667,0.8833333333333333
6161,YJR029W YDR089W,0.0,NA,0.2799392342567444,388,776,5884,278,0.8561288561288561,0.3333333333333333,0.5825825825825826,0.11651651651651651,0.8834834834834835
6162,YPR071W YAL034C,0.0,NA,0.27999743819236755,388,775,5885,278,0.8562653562653563,0.3336199484092863,0.5825825825825826,0.11636636636636637,0.8836336336336337
6163,YOR348C YOR003W,0.0,NA,0.2802748680114746,388,774,5886,278,0.8564018564018564,0.33390705679862304,0.5825825825825826,0.11621621621621622,0.8837837837837837
6164,YDR255C YNL239W,0.0,NA,0.2802774906158447,388,773,5887,278,0.8565383565383565,0.3341946597760551,0.5825825825825826,0.11606606606606606,0.8839339339339339
6165,YBR137W YBR072W,0.0,NA,0.2807539999485016,388,772,5888,278,0.8566748566748567,0.33448275862068966,0.5825825825825826,0.11591591591591592,0.8840840840840841
6166,YPL183W-A YMR188C,1.0,NA,0.2817634642124176,387,772,5888,279,0.8565383565383565,0.3339085418464193,0.581081081081081,0.11591591591591592,0.8840840840840841
6167,YPL075W YNL272C,0.0,NA,0.2817879617214203,387,771,5889,279,0.8566748566748567,0.33419689119170987,0.581081081081081,0.11576576576576576,0.8842342342342342
6168,YLR098C YGR188C,0.0,NA,0.2823181450366974,387,770,5890,279,0.8568113568113568,0.334485738980121,0.581081081081081,0.11561561561561562,0.8843843843843844
6169,YKL207W YNR058W,0.0,NA,0.28292393684387207,387,769,5891,279,0.8569478569478569,0.33477508650519033,0.581081081081081,0.11546546546546546,0.8845345345345346
6170,YMR027W YGR294W,0.0,NA,0.2831748425960541,387,768,5892,279,0.857084357084357,0.33506493506493507,0.581081081081081,0.11531531531531532,0.8846846846846846
6171,YDR224C YGR091W,0.0,NA,0.2836548686027527,387,767,5893,279,0.8572208572208572,0.33535528596187175,0.581081081081081,0.11516516516516516,0.8848348348348348
6172,YGR043C YAL027W,0.0,NA,0.28381890058517456,387,766,5894,279,0.8573573573573574,0.33564614050303554,0.581081081081081,0.11501501501501502,0.884984984984985
6173,YJR155W YEL006W,0.0,NA,0.2840815484523773,387,765,5895,279,0.8574938574938575,0.3359375,0.581081081081081,0.11486486486486487,0.8851351351351351
6174,YPR023C YDR367W,0.0,NA,0.2859281301498413,387,764,5896,279,0.8576303576303577,0.3362293657688966,0.581081081081081,0.11471471471471471,0.8852852852852853
6175,YLR028C YPR100W,1.0,NA,0.2868511974811554,386,764,5896,280,0.8574938574938575,0.3356521739130435,0.5795795795795796,0.11471471471471471,0.8852852852852853
6176,YJR120W YPL215W,1.0,NA,0.28714245557785034,385,764,5896,281,0.8573573573573574,0.33507397737162753,0.5780780780780781,0.11471471471471471,0.8852852852852853
6177,YMR203W YDL099W,0.0,NA,0.2871726453304291,385,763,5897,281,0.8574938574938575,0.3353658536585366,0.5780780780780781,0.11456456456456457,0.8854354354354355
6178,YPL094C YHR082C,0.0,NA,0.2871893346309662,385,762,5898,281,0.8576303576303577,0.33565823888404533,0.5780780780780781,0.11441441441441441,0.8855855855855855
6179,YDR516C YHL022C,0.0,NA,0.28726810216903687,385,761,5899,281,0.8577668577668578,0.33595113438045376,0.5780780780780781,0.11426426426426427,0.8857357357357357
6180,YBL028C YNL290W,0.0,NA,0.2873293459415436,385,760,5900,281,0.8579033579033579,0.33624454148471616,0.5780780780780781,0.11411411411411411,0.8858858858858859
6181,YMR053C YNR047W,0.0,NA,0.2879696190357208,385,759,5901,281,0.858039858039858,0.33653846153846156,0.5780780780780781,0.11396396396396397,0.8860360360360361
6182,YOR229W YER155C,0.0,NA,0.2880963981151581,385,758,5902,281,0.8581763581763582,0.336832895888014,0.5780780780780781,0.11381381381381381,0.8861861861861862
6183,YDR167W YFL027C,0.0,NA,0.2888536751270294,385,757,5903,281,0.8583128583128583,0.3371278458844133,0.5780780780780781,0.11366366366366366,0.8863363363363364
6184,YMR316W YHR070W,0.0,NA,0.289944589138031,385,756,5904,281,0.8584493584493584,0.3374233128834356,0.5780780780780781,0.11351351351351352,0.8864864864864865
6185,YMR148W YKL119C,0.0,NA,0.2901139557361603,385,755,5905,281,0.8585858585858586,0.33771929824561403,0.5780780780780781,0.11336336336336336,0.8866366366366366
6186,YER190W YPL066W,0.0,NA,0.29097142815589905,385,754,5906,281,0.8587223587223587,0.33801580333625986,0.5780780780780781,0.11321321321321322,0.8867867867867868
6187,YLR028C YHR092C,1.0,NA,0.2911563515663147,384,754,5906,282,0.8585858585858586,0.3374340949033392,0.5765765765765766,0.11321321321321322,0.8867867867867868
6188,YDR041W YER066W,0.0,NA,0.2914216220378876,384,753,5907,282,0.8587223587223587,0.33773087071240104,0.5765765765765766,0.11306306306306306,0.886936936936937
6189,YPL154C YLR284C,0.0,NA,0.291430801153183,384,752,5908,282,0.8588588588588588,0.3380281690140845,0.5765765765765766,0.11291291291291292,0.8870870870870871
6190,YPL183W-A YLR154W-C,1.0,NA,0.2914879322052002,383,752,5908,283,0.8587223587223587,0.33744493392070485,0.575075075075075,0.11291291291291292,0.8870870870870871
6191,YPR138C YOL073C,0.0,NA,0.2920919358730316,383,751,5909,283,0.8588588588588588,0.3377425044091711,0.575075075075075,0.11276276276276276,0.8872372372372372
6192,YBR119W YHR029C,0.0,NA,0.2922424376010895,383,750,5910,283,0.858995358995359,0.3380406001765225,0.575075075075075,0.11261261261261261,0.8873873873873874
6193,YMR111C YGR129W,0.0,NA,0.2928266227245331,383,749,5911,283,0.8591318591318591,0.338339222614841,0.575075075075075,0.11246246246246246,0.8875375375375375
6194,YDL120W YKL085W,1.0,NA,0.29327869415283203,382,749,5911,284,0.858995358995359,0.33775419982316535,0.5735735735735735,0.11246246246246246,0.8875375375375375
6195,YIR031C YIL111W,1.0,NA,0.2937469780445099,381,749,5911,285,0.8588588588588588,0.33716814159292036,0.5720720720720721,0.11246246246246246,0.8875375375375375
6196,YDR365C YOR358W,0.0,NA,0.2942782938480377,381,748,5912,285,0.858995358995359,0.337466784765279,0.5720720720720721,0.11231231231231231,0.8876876876876877
6197,YJR120W YKL085W,1.0,NA,0.2949056625366211,380,748,5912,286,0.8588588588588588,0.33687943262411346,0.5705705705705706,0.11231231231231231,0.8876876876876877
6198,YLR414C YJR073C,0.0,NA,0.2951420247554779,380,747,5913,286,0.858995358995359,0.33717834960070986,0.5705705705705706,0.11216216216216217,0.8878378378378379
6199,YPL042C YOR021C,0.0,NA,0.295362263917923,380,746,5914,286,0.8591318591318591,0.33747779751332146,0.5705705705705706,0.11201201201201201,0.887987987987988
6200,YHL024W YAR028W,0.0,NA,0.29547813534736633,380,745,5915,286,0.8592683592683593,0.3377777777777778,0.5705705705705706,0.11186186186186187,0.8881381381381381
6201,YDR248C YDR324C,0.0,NA,0.2973935902118683,380,744,5916,286,0.8594048594048594,0.33807829181494664,0.5705705705705706,0.11171171171171171,0.8882882882882883
6202,YOL073C YML016C,0.0,NA,0.297659695148468,380,743,5917,286,0.8595413595413596,0.3383793410507569,0.5705705705705706,0.11156156156156156,0.8884384384384384
6203,YKL194C YOR393W,0.0,NA,0.2987828254699707,380,742,5918,286,0.8596778596778597,0.33868092691622104,0.5705705705705706,0.1114114114114114,0.8885885885885886
6204,YHR018C YMR279C,0.0,NA,0.2994314432144165,380,741,5919,286,0.8598143598143598,0.3389830508474576,0.5705705705705706,0.11126126126126126,0.8887387387387388
6205,YLL014W YHR037W,0.0,NA,0.29976189136505127,380,740,5920,286,0.85995085995086,0.3392857142857143,0.5705705705705706,0.1111111111111111,0.8888888888888888
6206,YBR018C YKR026C,0.0,NA,0.3008880317211151,380,739,5921,286,0.8600873600873601,0.33958891867739055,0.5705705705705706,0.11096096096096096,0.889039039039039
6207,YML003W YDR128W,0.0,NA,0.3017546534538269,380,738,5922,286,0.8602238602238602,0.33989266547406083,0.5705705705705706,0.11081081081081082,0.8891891891891892
6208,YCR008W YER066W,0.0,NA,0.30204150080680847,380,737,5923,286,0.8603603603603603,0.3401969561324978,0.5705705705705706,0.11066066066066066,0.8893393393393393
6209,YHR005C-A YBR013C,0.0,NA,0.30335837602615356,380,736,5924,286,0.8604968604968605,0.34050179211469533,0.5705705705705706,0.11051051051051052,0.8894894894894895
6210,YIL033C YBR188C,0.0,NA,0.3040243685245514,380,735,5925,286,0.8606333606333606,0.34080717488789236,0.5705705705705706,0.11036036036036036,0.8896396396396397
6211,YKR017C YBR195C,0.0,NA,0.30506637692451477,380,734,5926,286,0.8607698607698607,0.34111310592459604,0.5705705705705706,0.11021021021021021,0.8897897897897898
6212,YER071C YPR049C,0.0,NA,0.30600661039352417,380,733,5927,286,0.8609063609063609,0.3414195867026056,0.5705705705705706,0.11006006006006006,0.8899399399399399
6213,YML104C YPL096C-A,0.0,NA,0.30621689558029175,380,732,5928,286,0.8610428610428611,0.34172661870503596,0.5705705705705706,0.10990990990990991,0.8900900900900901
6214,YKL096W YKL069W,0.0,NA,0.30664974451065063,380,731,5929,286,0.8611793611793612,0.342034203420342,0.5705705705705706,0.10975975975975975,0.8902402402402403
6215,YCR087C-A YER129W,0.0,NA,0.3067738711833954,380,730,5930,286,0.8613158613158614,0.34234234234234234,0.5705705705705706,0.10960960960960961,0.8903903903903904
6216,YJL056C YNR030W,0.0,NA,0.3073745369911194,380,729,5931,286,0.8614523614523615,0.34265103697024346,0.5705705705705706,0.10945945945945947,0.8905405405405405
6217,YGR120C YCL020W,0.0,NA,0.3075641095638275,380,728,5932,286,0.8615888615888616,0.34296028880866425,0.5705705705705706,0.10930930930930931,0.8906906906906907
6218,YGL107C YLR201C,1.0,NA,0.3087230622768402,379,728,5932,287,0.8614523614523615,0.34236675700090335,0.5690690690690691,0.10930930930930931,0.8906906906906907
6219,YGR068C YCR060W,0.0,NA,0.30892354249954224,379,727,5933,287,0.8615888615888616,0.3426763110307414,0.5690690690690691,0.10915915915915916,0.8908408408408408
6220,YJL063C YLR154W-C,1.0,NA,0.3099108934402466,378,727,5933,288,0.8614523614523615,0.3420814479638009,0.5675675675675675,0.10915915915915916,0.8908408408408408
6221,YML051W YGL167C,0.0,NA,0.31056487560272217,378,726,5934,288,0.8615888615888616,0.3423913043478261,0.5675675675675675,0.109009009009009,0.890990990990991
6222,YNR015W YER078C,0.0,NA,0.3108312785625458,378,725,5935,288,0.8617253617253617,0.34270172257479603,0.5675675675675675,0.10885885885885886,0.8911411411411412
6223,YLR394W YHR082C,0.0,NA,0.31083956360816956,378,724,5936,288,0.8618618618618619,0.3430127041742287,0.5675675675675675,0.1087087087087087,0.8912912912912913
6224,YLR097C YJL056C,0.0,NA,0.31087809801101685,378,723,5937,288,0.861998361998362,0.34332425068119893,0.5675675675675675,0.10855855855855856,0.8914414414414414
6225,YNL100W YKL116C,0.0,NA,0.3113652765750885,378,722,5938,288,0.8621348621348621,0.34363636363636363,0.5675675675675675,0.1084084084084084,0.8915915915915916
6226,YML012W YMR084W,0.0,NA,0.3118622601032257,378,721,5939,288,0.8622713622713623,0.34394904458598724,0.5675675675675675,0.10825825825825826,0.8917417417417417
6227,YGL139W YOR214C,0.0,NA,0.31389057636260986,378,720,5940,288,0.8624078624078624,0.3442622950819672,0.5675675675675675,0.10810810810810811,0.8918918918918919
6228,YDR374C YBR275C,0.0,NA,0.3142368495464325,378,719,5941,288,0.8625443625443625,0.3445761166818596,0.5675675675675675,0.10795795795795796,0.8920420420420421
6229,YNL129W YDR353W,0.0,NA,0.31517165899276733,378,718,5942,288,0.8626808626808626,0.3448905109489051,0.5675675675675675,0.10780780780780781,0.8921921921921921
6230,YNL100W YOR087W,0.0,NA,0.3155748248100281,378,717,5943,288,0.8628173628173628,0.3452054794520548,0.5675675675675675,0.10765765765765765,0.8923423423423423
6231,YLL014W YGR262C,0.0,NA,0.31584230065345764,378,716,5944,288,0.862953862953863,0.34552102376599636,0.5675675675675675,0.10750750750750751,0.8924924924924925
6232,YGR034W YDR374C,0.0,NA,0.31608980894088745,378,715,5945,288,0.8630903630903631,0.3458371454711802,0.5675675675675675,0.10735735735735735,0.8926426426426426
6233,YDR434W YHR126C,0.0,NA,0.31648528575897217,378,714,5946,288,0.8632268632268633,0.34615384615384615,0.5675675675675675,0.10720720720720721,0.8927927927927928
6234,YHR092C YPL215W,1.0,NA,0.31658220291137695,377,714,5946,289,0.8630903630903631,0.34555453712190654,0.566066066066066,0.10720720720720721,0.8927927927927928
6235,YDR076W YDR089W,0.0,NA,0.31665146350860596,377,713,5947,289,0.8632268632268633,0.3458715596330275,0.566066066066066,0.10705705705705705,0.892942942942943
6236,YCR097WB YPR049C,0.0,NA,0.31824612617492676,377,712,5948,289,0.8633633633633634,0.34618916437098257,0.566066066066066,0.1069069069069069,0.893093093093093
6237,YML081W YGL130W,0.0,NA,0.318609356880188,377,711,5949,289,0.8634998634998635,0.34650735294117646,0.566066066066066,0.10675675675675676,0.8932432432432432
6238,YIL166C YCR105W,0.0,NA,0.3200262188911438,377,710,5950,289,0.8636363636363636,0.3468261269549218,0.566066066066066,0.1066066066066066,0.8933933933933934
6239,YPL262W YLR154W-C,1.0,NA,0.3201713562011719,376,710,5950,290,0.8634998634998635,0.3462246777163904,0.5645645645645646,0.1066066066066066,0.8933933933933934
6240,YOL057W YLR394W,0.0,NA,0.3204460144042969,376,709,5951,290,0.8636363636363636,0.34654377880184334,0.5645645645645646,0.10645645645645646,0.8935435435435436
6241,YFL011W-A YOL080C,0.0,NA,0.32046908140182495,376,708,5952,290,0.8637728637728638,0.34686346863468637,0.5645645645645646,0.1063063063063063,0.8936936936936937
6242,YLL067C YPL057C,0.0,NA,0.3208898901939392,376,707,5953,290,0.8639093639093639,0.3471837488457987,0.5645645645645646,0.10615615615615616,0.8938438438438439
6243,YLR241W YNL318C,0.0,NA,0.32183146476745605,376,706,5954,290,0.864045864045864,0.34750462107208874,0.5645645645645646,0.106006006006006,0.893993993993994
6244,YOR388C YKR026C,0.0,NA,0.32210326194763184,376,705,5955,290,0.8641823641823642,0.34782608695652173,0.5645645645645646,0.10585585585585586,0.8941441441441441
6245,YHR206W YOR069W,0.0,NA,0.32262396812438965,376,704,5956,290,0.8643188643188643,0.34814814814814815,0.5645645645645646,0.1057057057057057,0.8942942942942943
6246,YPR090W YBL013W,0.0,NA,0.3229890763759613,376,703,5957,290,0.8644553644553644,0.3484708063021316,0.5645645645645646,0.10555555555555556,0.8944444444444445
6247,YCR005C YCR071C,1.0,NA,0.3232010304927826,375,703,5957,291,0.8643188643188643,0.34786641929499074,0.5630630630630631,0.10555555555555556,0.8944444444444445
6248,YLR283W YMR098C,0.0,NA,0.3232126533985138,375,702,5958,291,0.8644553644553644,0.34818941504178275,0.5630630630630631,0.10540540540540541,0.8945945945945946
6249,YCL047C YIL172C,0.0,NA,0.3235926628112793,375,701,5959,291,0.8645918645918645,0.34851301115241634,0.5630630630630631,0.10525525525525525,0.8947447447447447
6250,YPL220W YJR094W-A,0.0,NA,0.32413506507873535,375,700,5960,291,0.8647283647283647,0.3488372093023256,0.5630630630630631,0.10510510510510511,0.8948948948948949
6251,YLL016W YDL045W-A,0.0,NA,0.32447925209999084,375,699,5961,291,0.8648648648648649,0.34916201117318435,0.5630630630630631,0.10495495495495495,0.895045045045045
6252,YBR185C YBR085W,1.0,NA,0.32484138011932373,374,699,5961,292,0.8647283647283647,0.34855545200372784,0.5615615615615616,0.10495495495495495,0.895045045045045
6253,YLR268W YEL036C,0.0,NA,0.32506847381591797,374,698,5962,292,0.8648648648648649,0.34888059701492535,0.5615615615615616,0.10480480480480481,0.8951951951951952
6254,YJL082W YOL089C,0.0,NA,0.3257969319820404,374,697,5963,292,0.865001365001365,0.3492063492063492,0.5615615615615616,0.10465465465465465,0.8953453453453454
6255,YOR046C YJL025W,0.0,NA,0.32592862844467163,374,696,5964,292,0.8651378651378652,0.34953271028037386,0.5615615615615616,0.1045045045045045,0.8954954954954955
6256,YIL111W YLR154W-C,1.0,NA,0.32647496461868286,373,696,5964,293,0.865001365001365,0.3489242282507016,0.56006006006006,0.1045045045045045,0.8954954954954955
6257,YHR132W-A YPL271W,0.0,NA,0.3284066915512085,373,695,5965,293,0.8651378651378652,0.34925093632958804,0.56006006006006,0.10435435435435435,0.8956456456456456
6258,YPL215W YDL120W,1.0,NA,0.32841476798057556,372,695,5965,294,0.865001365001365,0.3486410496719775,0.5585585585585585,0.10435435435435435,0.8956456456456456
6259,YMR184W YGR294W,0.0,NA,0.3298179805278778,372,694,5966,294,0.8651378651378652,0.34896810506566606,0.5585585585585585,0.1042042042042042,0.8957957957957958
6260,YGR038W YGR260W,0.0,NA,0.3306320607662201,372,693,5967,294,0.8652743652743653,0.3492957746478873,0.5585585585585585,0.10405405405405406,0.8959459459459459
6261,YOR099W YJR058C,0.0,NA,0.3315379321575165,372,692,5968,294,0.8654108654108654,0.34962406015037595,0.5585585585585585,0.1039039039039039,0.8960960960960961
6262,YPR119W YPR157W,0.0,NA,0.33169424533843994,372,691,5969,294,0.8655473655473656,0.34995296331138287,0.5585585585585585,0.10375375375375376,0.8962462462462463
6263,YPL180W YML104C,0.0,NA,0.3328307867050171,372,690,5970,294,0.8656838656838657,0.3502824858757062,0.5585585585585585,0.1036036036036036,0.8963963963963963
6264,YBR089C-A YBR137W,0.0,NA,0.33323848247528076,372,689,5971,294,0.8658203658203658,0.35061262959472195,0.5585585585585585,0.10345345345345346,0.8965465465465465
6265,YLR028C YLR154W-C,1.0,NA,0.33326467871665955,371,689,5971,295,0.8656838656838657,0.35,0.5570570570570571,0.10345345345345346,0.8965465465465465
6266,YDR238C YBR172C,0.0,NA,0.33333954215049744,371,688,5972,295,0.8658203658203658,0.35033050047214354,0.5570570570570571,0.1033033033033033,0.8966966966966967
6267,YJR158W YNL233W,0.0,NA,0.333363801240921,371,687,5973,295,0.8659568659568659,0.3506616257088847,0.5570570570570571,0.10315315315315315,0.8968468468468469
6268,YFL011W-A YEL051W,0.0,NA,0.3344521224498749,371,686,5974,295,0.8660933660933661,0.3509933774834437,0.5570570570570571,0.103003003003003,0.896996996996997
6269,YBR283C YKL088W,0.0,NA,0.3355868458747864,371,685,5975,295,0.8662298662298662,0.35132575757575757,0.5570570570570571,0.10285285285285285,0.8971471471471472
6270,YML131W YDR357C,0.0,NA,0.33612704277038574,371,684,5976,295,0.8663663663663663,0.35165876777251187,0.5570570570570571,0.10270270270270271,0.8972972972972973
6271,YOR039W YPL066W,0.0,NA,0.3365938663482666,371,683,5977,295,0.8665028665028665,0.3519924098671727,0.5570570570570571,0.10255255255255255,0.8974474474474474
6272,YJL046W YDR273W,0.0,NA,0.3370441496372223,371,682,5978,295,0.8666393666393667,0.352326685660019,0.5570570570570571,0.1024024024024024,0.8975975975975976
6273,YLL025W YFL035C,0.0,NA,0.337306410074234,371,681,5979,295,0.8667758667758668,0.3526615969581749,0.5570570570570571,0.10225225225225225,0.8977477477477478
6274,YML039W YJR099W,0.0,NA,0.3376004993915558,371,680,5980,295,0.866912366912367,0.35299714557564227,0.5570570570570571,0.1021021021021021,0.8978978978978979
6275,YNL239W YHR179W,0.0,NA,0.3381628692150116,371,679,5981,295,0.8670488670488671,0.35333333333333333,0.5570570570570571,0.10195195195195195,0.898048048048048
6276,YDR425W YAR028W,0.0,NA,0.338471919298172,371,678,5982,295,0.8671853671853672,0.3536701620591039,0.5570570570570571,0.1018018018018018,0.8981981981981982
6277,YJR111C YPR021C,0.0,NA,0.3390052616596222,371,677,5983,295,0.8673218673218673,0.35400763358778625,0.5570570570570571,0.10165165165165164,0.8983483483483483
6278,YMR262W YOR382W,0.0,NA,0.33933937549591064,371,676,5984,295,0.8674583674583675,0.3543457497612225,0.5570570570570571,0.1015015015015015,0.8984984984984985
6279,YPR023C YPR157W,0.0,NA,0.33936700224876404,371,675,5985,295,0.8675948675948676,0.3546845124282983,0.5570570570570571,0.10135135135135136,0.8986486486486487
6280,YGL090W YDL022W,0.0,NA,0.33969753980636597,371,674,5986,295,0.8677313677313677,0.3550239234449761,0.5570570570570571,0.1012012012012012,0.8987987987987988
6281,YDL116W YHR132W-A,0.0,NA,0.34113144874572754,371,673,5987,295,0.8678678678678678,0.3553639846743295,0.5570570570570571,0.10105105105105106,0.898948948948949
6282,YOL057W YPL066W,0.0,NA,0.34180542826652527,371,672,5988,295,0.868004368004368,0.35570469798657717,0.5570570570570571,0.1009009009009009,0.8990990990990991
6283,YHR080C YOR173W,0.0,NA,0.341984361410141,371,671,5989,295,0.8681408681408681,0.3560460652591171,0.5570570570570571,0.10075075075075075,0.8992492492492492
6284,YHL044W YPL051W,0.0,NA,0.3423587679862976,371,670,5990,295,0.8682773682773682,0.356388088376561,0.5570570570570571,0.1006006006006006,0.8993993993993994
6285,YBR012W-B YDL220C,0.0,NA,0.3438712954521179,371,669,5991,295,0.8684138684138684,0.35673076923076924,0.5570570570570571,0.10045045045045045,0.8995495495495496
6286,YDR034W-B YEL034W,0.0,NA,0.3455542325973511,371,668,5992,295,0.8685503685503686,0.3570741097208855,0.5570570570570571,0.1003003003003003,0.8996996996996997
6287,YBR088C YCR076C,0.0,NA,0.3457661271095276,371,667,5993,295,0.8686868686868687,0.35741811175337185,0.5570570570570571,0.10015015015015015,0.8998498498498498
6288,YGR133W YMR208W,0.0,NA,0.34703391790390015,371,666,5994,295,0.8688233688233689,0.35776277724204436,0.5570570570570571,0.1,0.9
6289,YJR013W YMR008C,0.0,NA,0.3472003638744354,371,665,5995,295,0.868959868959869,0.3581081081081081,0.5570570570570571,0.09984984984984985,0.9001501501501501
6290,YFL007W YJL089W,0.0,NA,0.3476979434490204,371,664,5996,295,0.8690963690963691,0.35845410628019325,0.5570570570570571,0.0996996996996997,0.9003003003003003
6291,YBR089C-A YML095C,0.0,NA,0.3479384183883667,371,663,5997,295,0.8692328692328692,0.35880077369439073,0.5570570570570571,0.09954954954954955,0.9004504504504505
6292,YGR046W YGR032W,0.0,NA,0.3481385111808777,371,662,5998,295,0.8693693693693694,0.3591481122942885,0.5570570570570571,0.0993993993993994,0.9006006006006007
6293,YHR132W-A YFL048C,0.0,NA,0.34847941994667053,371,661,5999,295,0.8695058695058695,0.3594961240310077,0.5570570570570571,0.09924924924924924,0.9007507507507507
6294,YIR031C YJR120W,1.0,NA,0.34924039244651794,370,661,5999,296,0.8693693693693694,0.3588748787584869,0.5555555555555556,0.09924924924924924,0.9007507507507507
6295,YOL109W YPR093C,0.0,NA,0.3522014319896698,370,660,6000,296,0.8695058695058695,0.3592233009708738,0.5555555555555556,0.0990990990990991,0.9009009009009009
6296,YDR034W-B YNL071W,0.0,NA,0.35507893562316895,370,659,6001,296,0.8696423696423696,0.3595724003887269,0.5555555555555556,0.09894894894894894,0.9010510510510511
6297,YKL119C YJR058C,0.0,NA,0.35509786009788513,370,658,6002,296,0.8697788697788698,0.35992217898832685,0.5555555555555556,0.0987987987987988,0.9012012012012012
6298,YKL207W YDL220C,0.0,NA,0.35583263635635376,370,657,6003,296,0.8699153699153699,0.3602726387536514,0.5555555555555556,0.09864864864864865,0.9013513513513514
6299,YLR154W-C YOR136W,1.0,NA,0.35639429092407227,369,657,6003,297,0.8697788697788698,0.35964912280701755,0.5540540540540541,0.09864864864864865,0.9013513513513514
6300,YMR315W YPR157W,0.0,NA,0.3564565181732178,369,656,6004,297,0.8699153699153699,0.36,0.5540540540540541,0.0984984984984985,0.9015015015015015
6301,YKR096W YKR030W,0.0,NA,0.3572006821632385,369,655,6005,297,0.87005187005187,0.3603515625,0.5540540540540541,0.09834834834834835,0.9016516516516516
6302,YBL027W YKR031C,0.0,NA,0.357444703578949,369,654,6006,297,0.8701883701883701,0.36070381231671556,0.5540540540540541,0.0981981981981982,0.9018018018018018
6303,YBR086C YPL092W,0.0,NA,0.3578019142150879,369,653,6007,297,0.8703248703248703,0.3610567514677104,0.5540540540540541,0.09804804804804805,0.901951951951952
6304,YBR204C YMR244W,0.0,NA,0.3597521185874939,369,652,6008,297,0.8704613704613705,0.3614103819784525,0.5540540540540541,0.09789789789789789,0.9021021021021021
6305,YPL024W YMR322C,0.0,NA,0.3597935140132904,369,651,6009,297,0.8705978705978706,0.36176470588235293,0.5540540540540541,0.09774774774774775,0.9022522522522523
6306,YKR096W YKL145W,0.0,NA,0.3602585792541504,369,650,6010,297,0.8707343707343708,0.3621197252208047,0.5540540540540541,0.09759759759759759,0.9024024024024024
6307,YNL070W YDL022W,0.0,NA,0.3607252836227417,369,649,6011,297,0.8708708708708709,0.362475442043222,0.5540540540540541,0.09744744744744745,0.9025525525525525
6308,YKL139W YCR042C,0.0,NA,0.3607429563999176,369,648,6012,297,0.871007371007371,0.36283185840707965,0.5540540540540541,0.0972972972972973,0.9027027027027027
6309,YOR067C YGR252W,0.0,NA,0.36079418659210205,369,647,6013,297,0.8711438711438712,0.3631889763779528,0.5540540540540541,0.09714714714714714,0.9028528528528529
6310,YJL166W YLR154W-C,1.0,NA,0.3610292077064514,368,647,6013,298,0.871007371007371,0.3625615763546798,0.5525525525525525,0.09714714714714714,0.9028528528528529
6311,YJL209W YLR154W-C,1.0,NA,0.36106646060943604,367,647,6013,299,0.8708708708708709,0.3619329388560158,0.551051051051051,0.09714714714714714,0.9028528528528529
6312,YLR005W YMR027W,0.0,NA,0.36185553669929504,367,646,6014,299,0.871007371007371,0.36229022704837116,0.551051051051051,0.096996996996997,0.903003003003003
6313,YPL104W YLR132C,0.0,NA,0.3620970547199249,367,645,6015,299,0.8711438711438712,0.36264822134387353,0.551051051051051,0.09684684684684684,0.9031531531531531
6314,YMR111C YML051W,0.0,NA,0.363183856010437,367,644,6016,299,0.8712803712803713,0.3630069238377844,0.551051051051051,0.0966966966966967,0.9033033033033033
6315,YIR032C YDR141C,0.0,NA,0.3633997440338135,367,643,6017,299,0.8714168714168714,0.36336633663366336,0.551051051051051,0.09654654654654654,0.9034534534534534
6316,YDR228C YBR072W,0.0,NA,0.3635878562927246,367,642,6018,299,0.8715533715533715,0.36372646184340934,0.551051051051051,0.0963963963963964,0.9036036036036036
6317,YDR351W YDR494W,0.0,NA,0.3637493848800659,367,641,6019,299,0.8716898716898717,0.36408730158730157,0.551051051051051,0.09624624624624625,0.9037537537537538
6318,YLR014C YCL047C,0.0,NA,0.3643803894519806,367,640,6020,299,0.8718263718263718,0.3644488579940417,0.551051051051051,0.0960960960960961,0.9039039039039038
6319,YJL008C YER064C,0.0,NA,0.3647487163543701,367,639,6021,299,0.8719628719628719,0.3648111332007952,0.551051051051051,0.09594594594594595,0.904054054054054
6320,YGR221C YBR137W,0.0,NA,0.3652448356151581,367,638,6022,299,0.872099372099372,0.36517412935323385,0.551051051051051,0.0957957957957958,0.9042042042042042
6321,YAL034C YDR367W,0.0,NA,0.36531713604927063,367,637,6023,299,0.8722358722358723,0.3655378486055777,0.551051051051051,0.09564564564564565,0.9043543543543544
6322,YIL126W YLR371W,0.0,NA,0.3654331862926483,367,636,6024,299,0.8723723723723724,0.3659022931206381,0.551051051051051,0.09549549549549549,0.9045045045045045
6323,YKL148C YLR154W-C,1.0,NA,0.365628719329834,366,636,6024,300,0.8722358722358723,0.3652694610778443,0.5495495495495496,0.09549549549549549,0.9045045045045045
6324,YMR027W YBL040C,0.0,NA,0.36573919653892517,366,635,6025,300,0.8723723723723724,0.36563436563436563,0.5495495495495496,0.09534534534534535,0.9046546546546547
6325,YBR204C YOR158W,0.0,NA,0.3658084571361542,366,634,6026,300,0.8725088725088725,0.366,0.5495495495495496,0.09519519519519519,0.9048048048048049
6326,YGR046W YMR086W,0.0,NA,0.3658551275730133,366,633,6027,300,0.8726453726453727,0.3663663663663664,0.5495495495495496,0.09504504504504505,0.9049549549549549
6327,YCR020C-A YBR012W-B,0.0,NA,0.3670995533466339,366,632,6028,300,0.8727818727818728,0.3667334669338677,0.5495495495495496,0.0948948948948949,0.9051051051051051
6328,YML039W YKR061W,0.0,NA,0.36785241961479187,366,631,6029,300,0.8729183729183729,0.36710130391173523,0.5495495495495496,0.09474474474474474,0.9052552552552553
6329,YPR139C YGL008C,0.0,NA,0.36854612827301025,366,630,6030,300,0.8730548730548731,0.3674698795180723,0.5495495495495496,0.0945945945945946,0.9054054054054054
6330,YDR283C YOR214C,0.0,NA,0.36871516704559326,366,629,6031,300,0.8731913731913732,0.3678391959798995,0.5495495495495496,0.09444444444444444,0.9055555555555556
6331,YOR117W YNL081C,0.0,NA,0.3695535361766815,366,628,6032,300,0.8733278733278733,0.3682092555331992,0.5495495495495496,0.0942942942942943,0.9057057057057057
6332,YER024W YNR066C,0.0,NA,0.3703811764717102,366,627,6033,300,0.8734643734643734,0.3685800604229607,0.5495495495495496,0.09414414414414414,0.9058558558558558
6333,YGL207W YDL065C,0.0,NA,0.3709386885166168,366,626,6034,300,0.8736008736008736,0.3689516129032258,0.5495495495495496,0.093993993993994,0.906006006006006
6334,YHR080C YNL272C,0.0,NA,0.3712024986743927,366,625,6035,300,0.8737373737373737,0.3693239152371342,0.5495495495495496,0.09384384384384384,0.9061561561561562
6335,YDR436W YNR066C,0.0,NA,0.37234723567962646,366,624,6036,300,0.8738738738738738,0.3696969696969697,0.5495495495495496,0.0936936936936937,0.9063063063063063
6336,YLR309C YIL126W,0.0,NA,0.3732905983924866,366,623,6037,300,0.874010374010374,0.3700707785642063,0.5495495495495496,0.09354354354354355,0.9064564564564564
6337,YLR348C YPL092W,0.0,NA,0.3735332489013672,366,622,6038,300,0.8741468741468742,0.37044534412955465,0.5495495495495496,0.09339339339339339,0.9066066066066066
6338,YKR025W YCL060C,0.0,NA,0.3740456998348236,366,621,6039,300,0.8742833742833743,0.3708206686930091,0.5495495495495496,0.09324324324324325,0.9067567567567567
6339,YOR180C YDR461W,0.0,NA,0.3744890093803406,366,620,6040,300,0.8744198744198745,0.3711967545638945,0.5495495495495496,0.09309309309309309,0.9069069069069069
6340,YKR100C YOR009W,0.0,NA,0.374969482421875,366,619,6041,300,0.8745563745563746,0.3715736040609137,0.5495495495495496,0.09294294294294295,0.9070570570570571
6341,YBL027W YKL088W,0.0,NA,0.37510648369789124,366,618,6042,300,0.8746928746928747,0.3719512195121951,0.5495495495495496,0.09279279279279279,0.9072072072072072
6342,YLL031C YOL073C,0.0,NA,0.37630170583724976,366,617,6043,300,0.8748293748293748,0.3723296032553408,0.5495495495495496,0.09264264264264264,0.9073573573573573
6343,YJR061W YBR037C,0.0,NA,0.37683817744255066,366,616,6044,300,0.874965874965875,0.3727087576374745,0.5495495495495496,0.09249249249249249,0.9075075075075075
6344,YMR086W YBR125C,0.0,NA,0.3786723017692566,366,615,6045,300,0.8751023751023751,0.3730886850152905,0.5495495495495496,0.09234234234234234,0.9076576576576577
6345,YOR086C YPL190C,0.0,NA,0.37887972593307495,366,614,6046,300,0.8752388752388752,0.373469387755102,0.5495495495495496,0.0921921921921922,0.9078078078078078
6346,YPL230W YPR098C,0.0,NA,0.3789531886577606,366,613,6047,300,0.8753753753753754,0.3738508682328907,0.5495495495495496,0.09204204204204204,0.907957957957958
6347,YPR022C YPR111W,0.0,NA,0.3791121244430542,366,612,6048,300,0.8755118755118755,0.37423312883435583,0.5495495495495496,0.0918918918918919,0.9081081081081082
6348,YOR152C YMR098C,0.0,NA,0.37932929396629333,366,611,6049,300,0.8756483756483756,0.37461617195496416,0.5495495495495496,0.09174174174174174,0.9082582582582582
6349,YML081W YIL005W,0.0,NA,0.3795563280582428,366,610,6050,300,0.8757848757848757,0.375,0.5495495495495496,0.0915915915915916,0.9084084084084084
6350,YLR154W-C YGL191W,1.0,NA,0.3798621594905853,365,610,6050,301,0.8756483756483756,0.37435897435897436,0.5480480480480481,0.0915915915915916,0.9084084084084084
6351,YHR038W YML095C,0.0,NA,0.38040316104888916,365,609,6051,301,0.8757848757848757,0.37474332648870634,0.5480480480480481,0.09144144144144144,0.9085585585585586
6352,YML081C-A YIL111W,1.0,NA,0.38227543234825134,364,609,6051,302,0.8756483756483756,0.37410071942446044,0.5465465465465466,0.09144144144144144,0.9085585585585586
6353,YDR539W YNR066C,0.0,NA,0.3823481500148773,364,608,6052,302,0.8757848757848757,0.37448559670781895,0.5465465465465466,0.0912912912912913,0.9087087087087087
6354,YCL060C YCR059C,0.0,NA,0.38283878564834595,364,607,6053,302,0.8759213759213759,0.3748712667353244,0.5465465465465466,0.09114114114114114,0.9088588588588589
6355,YMR148W YOR025W,0.0,NA,0.3834591805934906,364,606,6054,302,0.8760578760578761,0.3752577319587629,0.5465465465465466,0.09099099099099099,0.909009009009009
6356,YLR250W YDR539W,0.0,NA,0.38357552886009216,364,605,6055,302,0.8761943761943762,0.37564499484004127,0.5465465465465466,0.09084084084084085,0.9091591591591591
6357,YLR037C YCL020W,0.0,NA,0.3853242099285126,364,604,6056,302,0.8763308763308764,0.3760330578512397,0.5465465465465466,0.09069069069069069,0.9093093093093093
6358,YOL022C YHR194W,0.0,NA,0.385725200176239,364,603,6057,302,0.8764673764673765,0.3764219234746639,0.5465465465465466,0.09054054054054055,0.9094594594594595
6359,YGR251W YML102W,0.0,NA,0.3858965337276459,364,602,6058,302,0.8766038766038766,0.37681159420289856,0.5465465465465466,0.09039039039039039,0.9096096096096096
6360,YCR087C-A YKR075C,0.0,NA,0.3871845602989197,364,601,6059,302,0.8767403767403767,0.3772020725388601,0.5465465465465466,0.09024024024024024,0.9097597597597598
6361,YMR316W YKR025W,0.0,NA,0.3885848820209503,364,600,6060,302,0.8768768768768769,0.3775933609958506,0.5465465465465466,0.09009009009009009,0.9099099099099099
6362,YMR276W YNL045W,0.0,NA,0.38897591829299927,364,599,6061,302,0.877013377013377,0.37798546209761164,0.5465465465465466,0.08993993993993994,0.91006006006006
6363,YFL011W-A YML015C,0.0,NA,0.3891844153404236,364,598,6062,302,0.8771498771498771,0.3783783783783784,0.5465465465465466,0.08978978978978978,0.9102102102102102
6364,YLR359W YCR055C,0.0,NA,0.3901420533657074,364,597,6063,302,0.8772863772863773,0.37877211238293446,0.5465465465465466,0.08963963963963964,0.9103603603603604
6365,YLR278C YLR220W,0.0,NA,0.3911150097846985,364,596,6064,302,0.8774228774228774,0.37916666666666665,0.5465465465465466,0.0894894894894895,0.9105105105105105
6366,YNR047W YHR104W,0.0,NA,0.3937418460845947,364,595,6065,302,0.8775593775593775,0.3795620437956204,0.5465465465465466,0.08933933933933934,0.9106606606606606
6367,YMR102C YJR019C,0.0,NA,0.39530524611473083,364,594,6066,302,0.8776958776958776,0.37995824634655534,0.5465465465465466,0.0891891891891892,0.9108108108108108
6368,YIL129C YLL007C,0.0,NA,0.39594197273254395,364,593,6067,302,0.8778323778323779,0.38035527690700105,0.5465465465465466,0.08903903903903904,0.9109609609609609
6369,YGL056C YLR277C,0.0,NA,0.396809846162796,364,592,6068,302,0.877968877968878,0.3807531380753138,0.5465465465465466,0.08888888888888889,0.9111111111111111
6370,YJR082C YHR126C,0.0,NA,0.3969932198524475,364,591,6069,302,0.8781053781053781,0.381151832460733,0.5465465465465466,0.08873873873873873,0.9112612612612613
6371,YDR076W YJR108W,0.0,NA,0.3982783257961273,364,590,6070,302,0.8782418782418783,0.38155136268343814,0.5465465465465466,0.08858858858858859,0.9114114114114115
6372,YGL045W YDL048C,0.0,NA,0.39849525690078735,364,589,6071,302,0.8783783783783784,0.38195173137460653,0.5465465465465466,0.08843843843843843,0.9115615615615615
6373,YNL230C YBR012W-B,0.0,NA,0.3999968469142914,364,588,6072,302,0.8785148785148785,0.38235294117647056,0.5465465465465466,0.08828828828828829,0.9117117117117117
6374,YKL148C YJL063C,1.0,NA,0.4004916250705719,363,588,6072,303,0.8783783783783784,0.38170347003154576,0.545045045045045,0.08828828828828829,0.9117117117117117
6375,YHR132W-A YPL193W,0.0,NA,0.4006735384464264,363,587,6073,303,0.8785148785148785,0.3821052631578947,0.545045045045045,0.08813813813813814,0.9118618618618619
6376,YNL194C YPL271W,0.0,NA,0.4014286994934082,363,586,6074,303,0.8786513786513787,0.38250790305584825,0.545045045045045,0.08798798798798799,0.912012012012012
6377,YMR008C YMR059W,0.0,NA,0.40230146050453186,363,585,6075,303,0.8787878787878788,0.3829113924050633,0.545045045045045,0.08783783783783784,0.9121621621621622
6378,YHR132W-A YCR066W,0.0,NA,0.4026522934436798,363,584,6076,303,0.8789243789243789,0.3833157338965153,0.545045045045045,0.08768768768768768,0.9123123123123124
6379,YIL155C YLR071C,0.0,NA,0.4035335183143616,363,583,6077,303,0.879060879060879,0.38372093023255816,0.545045045045045,0.08753753753753754,0.9124624624624624
6380,YML011C YNR065C,0.0,NA,0.40669432282447815,363,582,6078,303,0.8791973791973792,0.38412698412698415,0.545045045045045,0.08738738738738738,0.9126126126126126
6381,YNL185C YGL040C,1.0,NA,0.40685155987739563,362,582,6078,304,0.879060879060879,0.3834745762711864,0.5435435435435435,0.08738738738738738,0.9126126126126126
6382,YER072W YKR081C,0.0,NA,0.40735453367233276,362,581,6079,304,0.8791973791973792,0.383881230116649,0.5435435435435435,0.08723723723723724,0.9127627627627628
6383,YMR279C YMR113W,0.0,NA,0.40800732374191284,362,580,6080,304,0.8793338793338793,0.3842887473460722,0.5435435435435435,0.08708708708708708,0.9129129129129129
6384,YOL072W YHR126C,0.0,NA,0.4089723229408264,362,579,6081,304,0.8794703794703794,0.3846971307120085,0.5435435435435435,0.08693693693693694,0.9130630630630631
6385,YMR247C YAR028W,0.0,NA,0.4091041684150696,362,578,6082,304,0.8796068796068796,0.3851063829787234,0.5435435435435435,0.0867867867867868,0.9132132132132132
6386,YOR107W YOR291W,0.0,NA,0.40919408202171326,362,577,6083,304,0.8797433797433798,0.3855165069222577,0.5435435435435435,0.08663663663663664,0.9133633633633633
6387,YCL040W YPL113C,0.0,NA,0.40975749492645264,362,576,6084,304,0.8798798798798799,0.3859275053304904,0.5435435435435435,0.08648648648648649,0.9135135135135135
6388,YLR283W YJL051W,0.0,NA,0.40995678305625916,362,575,6085,304,0.88001638001638,0.3863393810032017,0.5435435435435435,0.08633633633633633,0.9136636636636637
6389,YIL105C YKR049C,0.0,NA,0.4107357859611511,362,574,6086,304,0.8801528801528802,0.38675213675213677,0.5435435435435435,0.08618618618618619,0.9138138138138138
6390,YOR086C YNR033W,0.0,NA,0.41109299659729004,362,573,6087,304,0.8802893802893803,0.3871657754010695,0.5435435435435435,0.08603603603603603,0.913963963963964
6391,YPL097W YGL097W,0.0,NA,0.4115131199359894,362,572,6088,304,0.8804258804258804,0.3875802997858672,0.5435435435435435,0.08588588588588589,0.9141141141141141
6392,YIL168W YJR099W,0.0,NA,0.41207465529441833,362,571,6089,304,0.8805623805623806,0.3879957127545552,0.5435435435435435,0.08573573573573573,0.9142642642642642
6393,YDL236W YHR129C,0.0,NA,0.41255274415016174,362,570,6090,304,0.8806988806988807,0.388412017167382,0.5435435435435435,0.08558558558558559,0.9144144144144144
6394,YCL047C YJL082W,0.0,NA,0.412803590297699,362,569,6091,304,0.8808353808353808,0.38882921589688507,0.5435435435435435,0.08543543543543544,0.9145645645645646
6395,YLL067C YBR031W,0.0,NA,0.4129888415336609,362,568,6092,304,0.880971880971881,0.38924731182795697,0.5435435435435435,0.08528528528528528,0.9147147147147147
6396,YCR084C YGR142W,0.0,NA,0.4136348366737366,362,567,6093,304,0.8811083811083811,0.38966630785791173,0.5435435435435435,0.08513513513513514,0.9148648648648648
6397,YGR108W YFL035C,0.0,NA,0.41369718313217163,362,566,6094,304,0.8812448812448812,0.3900862068965517,0.5435435435435435,0.08498498498498498,0.915015015015015
6398,YML058W-A YKR075C,0.0,NA,0.4144100248813629,362,565,6095,304,0.8813813813813813,0.39050701186623515,0.5435435435435435,0.08483483483483484,0.9151651651651652
6399,YNL038W YFR020W,0.0,NA,0.4160844087600708,362,564,6096,304,0.8815178815178815,0.39092872570194387,0.5435435435435435,0.08468468468468468,0.9153153153153153
6400,YCR008W YIR035C,0.0,NA,0.4164592921733856,362,563,6097,304,0.8816543816543817,0.39135135135135135,0.5435435435435435,0.08453453453453454,0.9154654654654655
6401,YKL159C YOR039W,0.0,NA,0.4164828956127167,362,562,6098,304,0.8817908817908818,0.3917748917748918,0.5435435435435435,0.08438438438438438,0.9156156156156157
6402,YAL038W YOL084W,0.0,NA,0.41747936606407166,362,561,6099,304,0.881927381927382,0.39219934994582883,0.5435435435435435,0.08423423423423423,0.9157657657657657
6403,YOR198C YKR075C,0.0,NA,0.41899609565734863,362,560,6100,304,0.8820638820638821,0.3926247288503254,0.5435435435435435,0.08408408408408409,0.9159159159159159
6404,YGL111W YMR208W,0.0,NA,0.4193150997161865,362,559,6101,304,0.8822003822003822,0.3930510314875136,0.5435435435435435,0.08393393393393393,0.9160660660660661
6405,YKL178C YLR460C,0.0,NA,0.4216820001602173,362,558,6102,304,0.8823368823368823,0.3934782608695652,0.5435435435435435,0.08378378378378379,0.9162162162162162
6406,YNL006W YLR160C,0.0,NA,0.42275214195251465,362,557,6103,304,0.8824733824733825,0.3939064200217628,0.5435435435435435,0.08363363363363363,0.9163663663663664
6407,YLR325C YDR034W-B,0.0,NA,0.42284831404685974,362,556,6104,304,0.8826098826098826,0.39433551198257083,0.5435435435435435,0.08348348348348349,0.9165165165165166
6408,YDL065C YMR025W,0.0,NA,0.4238192141056061,362,555,6105,304,0.8827463827463827,0.39476553980370777,0.5435435435435435,0.08333333333333333,0.9166666666666666
6409,YDR236C YGR129W,0.0,NA,0.4244611859321594,362,554,6106,304,0.8828828828828829,0.3951965065502183,0.5435435435435435,0.08318318318318318,0.9168168168168168
6410,YNL339C YIR023W,0.0,NA,0.4251449406147003,362,553,6107,304,0.883019383019383,0.39562841530054643,0.5435435435435435,0.08303303303303303,0.916966966966967
6411,YCR005C YNL185C,1.0,NA,0.42527133226394653,361,553,6107,305,0.8828828828828829,0.3949671772428884,0.5420420420420421,0.08303303303303303,0.916966966966967
6412,YLR190W YLR072W,0.0,NA,0.4255768358707428,361,552,6108,305,0.883019383019383,0.3953997809419496,0.5420420420420421,0.08288288288288288,0.9171171171171171
6413,YOL030W YFL053W,0.0,NA,0.4256734549999237,361,551,6109,305,0.8831558831558831,0.3958333333333333,0.5420420420420421,0.08273273273273274,0.9172672672672673
6414,YLR391W-A YJL198W,0.0,NA,0.4298005998134613,361,550,6110,305,0.8832923832923832,0.39626783754116357,0.5420420420420421,0.08258258258258258,0.9174174174174174
6415,YOL049W YPL162C,0.0,NA,0.4300537705421448,361,549,6111,305,0.8834288834288835,0.3967032967032967,0.5420420420420421,0.08243243243243244,0.9175675675675675
6416,YIL105C YBL107C,0.0,NA,0.4302197992801666,361,548,6112,305,0.8835653835653836,0.39713971397139713,0.5420420420420421,0.08228228228228228,0.9177177177177177
6417,YBR012W-B YLR042C,0.0,NA,0.4306505620479584,361,547,6113,305,0.8837018837018837,0.3975770925110132,0.5420420420420421,0.08213213213213214,0.9178678678678679
6418,YGR034W YIR028W,0.0,NA,0.43092116713523865,361,546,6114,305,0.8838383838383839,0.3980154355016538,0.5420420420420421,0.08198198198198198,0.918018018018018
6419,YER159C YHR073W,0.0,NA,0.43139222264289856,361,545,6115,305,0.883974883974884,0.3984547461368653,0.5420420420420421,0.08183183183183183,0.9181681681681682
6420,YGR294W YKL054C,0.0,NA,0.43153494596481323,361,544,6116,305,0.8841113841113841,0.3988950276243094,0.5420420420420421,0.08168168168168168,0.9183183183183183
6421,YLL034C YLR392C,0.0,NA,0.4317147433757782,361,543,6117,305,0.8842478842478843,0.3993362831858407,0.5420420420420421,0.08153153153153153,0.9184684684684684
6422,YJL063C YCR005C,1.0,NA,0.4328576922416687,360,543,6117,306,0.8841113841113841,0.39867109634551495,0.5405405405405406,0.08153153153153153,0.9184684684684684
6423,YLR154W-C YKL085W,1.0,NA,0.4349695146083832,359,543,6117,307,0.883974883974884,0.39800443458980045,0.539039039039039,0.08153153153153153,0.9184684684684684
6424,YNL194C YBR121C,0.0,NA,0.43497735261917114,359,542,6118,307,0.8841113841113841,0.39844617092119866,0.539039039039039,0.08138138138138139,0.9186186186186186
6425,YKL210W YDR525W-A,0.0,NA,0.43686816096305847,359,541,6119,307,0.8842478842478843,0.3988888888888889,0.539039039039039,0.08123123123123123,0.9187687687687688
6426,YAL036C YAR028W,0.0,NA,0.43692895770072937,359,540,6120,307,0.8843843843843844,0.39933259176863184,0.539039039039039,0.08108108108108109,0.918918918918919
6427,YGR023W YPR114W,0.0,NA,0.43768131732940674,359,539,6121,307,0.8845208845208845,0.3997772828507795,0.539039039039039,0.08093093093093093,0.919069069069069
6428,YNL053W YGR229C,0.0,NA,0.4386367201805115,359,538,6122,307,0.8846573846573846,0.40022296544035674,0.539039039039039,0.08078078078078078,0.9192192192192192
6429,YLR409C YML006C,0.0,NA,0.4387393295764923,359,537,6123,307,0.8847938847938848,0.40066964285714285,0.539039039039039,0.08063063063063063,0.9193693693693694
6430,YMR160W YJR024C,0.0,NA,0.4391232430934906,359,536,6124,307,0.8849303849303849,0.4011173184357542,0.539039039039039,0.08048048048048048,0.9195195195195195
6431,YNL213C YDR461W,0.0,NA,0.4405168890953064,359,535,6125,307,0.885066885066885,0.4015659955257271,0.539039039039039,0.08033033033033032,0.9196696696696697
6432,YBR185C YDL120W,1.0,NA,0.4441775679588318,358,535,6125,308,0.8849303849303849,0.4008958566629339,0.5375375375375375,0.08033033033033032,0.9196696696696697
6433,YHR092C YIL111W,1.0,NA,0.4444259703159332,357,535,6125,309,0.8847938847938848,0.40022421524663676,0.536036036036036,0.08033033033033032,0.9196696696696697
6434,YHL022C YJR094W-A,0.0,NA,0.4466933310031891,357,534,6126,309,0.8849303849303849,0.4006734006734007,0.536036036036036,0.08018018018018018,0.9198198198198199
6435,YLR170C YIR017C,0.0,NA,0.44819387793540955,357,533,6127,309,0.885066885066885,0.401123595505618,0.536036036036036,0.08003003003003004,0.9199699699699699
6436,YLR309C YMR244W,0.0,NA,0.44879093766212463,357,532,6128,309,0.8852033852033852,0.4015748031496063,0.536036036036036,0.07987987987987988,0.9201201201201201
6437,YDR089W YHR057C,0.0,NA,0.4490795433521271,357,531,6129,309,0.8853398853398854,0.40202702702702703,0.536036036036036,0.07972972972972973,0.9202702702702703
6438,YLL016W YMR098C,0.0,NA,0.45046472549438477,357,530,6130,309,0.8854763854763855,0.4024802705749718,0.536036036036036,0.07957957957957958,0.9204204204204204
6439,YLR268W YPL155C,0.0,NA,0.4512948989868164,357,529,6131,309,0.8856128856128856,0.40293453724604966,0.536036036036036,0.07942942942942943,0.9205705705705706
6440,YIL053W YJR029W,0.0,NA,0.45217278599739075,357,528,6132,309,0.8857493857493858,0.4033898305084746,0.536036036036036,0.07927927927927927,0.9207207207207208
6441,YGR057C YFR039C,0.0,NA,0.45316195487976074,357,527,6133,309,0.8858858858858859,0.40384615384615385,0.536036036036036,0.07912912912912913,0.9208708708708708
6442,YCR046C YLR104W,0.0,NA,0.4540349841117859,357,526,6134,309,0.886022386022386,0.4043035107587769,0.536036036036036,0.07897897897897897,0.921021021021021
6443,YDR234W YML005W,0.0,NA,0.45481452345848083,357,525,6135,309,0.8861588861588862,0.40476190476190477,0.536036036036036,0.07882882882882883,0.9211711711711712
6444,YGL080W YIL172C,0.0,NA,0.45582160353660583,357,524,6136,309,0.8862953862953863,0.4052213393870602,0.536036036036036,0.07867867867867868,0.9213213213213213
6445,YJR013W YPL050C,0.0,NA,0.45619332790374756,357,523,6137,309,0.8864318864318864,0.4056818181818182,0.536036036036036,0.07852852852852853,0.9214714714714715
6446,YLR054C YDR531W,0.0,NA,0.4562939405441284,357,522,6138,309,0.8865683865683865,0.4061433447098976,0.536036036036036,0.07837837837837838,0.9216216216216216
6447,YJL019W YLL019C,0.0,NA,0.45888617634773254,357,521,6139,309,0.8867048867048867,0.40660592255125283,0.536036036036036,0.07822822822822822,0.9217717717717717
6448,YHR202W YKL039W,0.0,NA,0.46014443039894104,357,520,6140,309,0.8868413868413868,0.4070695553021665,0.536036036036036,0.07807807807807808,0.9219219219219219
6449,YDR279W YBR070C,0.0,NA,0.46054592728614807,357,519,6141,309,0.8869778869778869,0.4075342465753425,0.536036036036036,0.07792792792792792,0.9220720720720721
6450,YNL087W YLR007W,0.0,NA,0.460861474275589,357,518,6142,309,0.8871143871143871,0.408,0.536036036036036,0.07777777777777778,0.9222222222222223
6451,YKL143W YDR026C,0.0,NA,0.4609936773777008,357,517,6143,309,0.8872508872508873,0.408466819221968,0.536036036036036,0.07762762762762762,0.9223723723723724
6452,YLR201C YNL185C,1.0,NA,0.46195828914642334,356,517,6143,310,0.8871143871143871,0.40778923253150057,0.5345345345345346,0.07762762762762762,0.9223723723723724
6453,YIL168W YKL039W,0.0,NA,0.46268343925476074,356,516,6144,310,0.8872508872508873,0.40825688073394495,0.5345345345345346,0.07747747747747748,0.9225225225225225
6454,YDL085W YDL022W,0.0,NA,0.4633837342262268,356,515,6145,310,0.8873873873873874,0.4087256027554535,0.5345345345345346,0.07732732732732733,0.9226726726726727
6455,YOR077W YDR378C,0.0,NA,0.46382421255111694,356,514,6146,310,0.8875238875238876,0.4091954022988506,0.5345345345345346,0.07717717717717718,0.9228228228228228
6456,YJR099W YER083C,0.0,NA,0.46720999479293823,356,513,6147,310,0.8876603876603877,0.4096662830840046,0.5345345345345346,0.07702702702702703,0.922972972972973
6457,YOR130C YNR015W,0.0,NA,0.46726498007774353,356,512,6148,310,0.8877968877968878,0.41013824884792627,0.5345345345345346,0.07687687687687687,0.9231231231231232
6458,YNL213C YNL069C,0.0,NA,0.4683499336242676,356,511,6149,310,0.8879333879333879,0.41061130334486734,0.5345345345345346,0.07672672672672673,0.9232732732732732
6459,YKR096W YER144C,0.0,NA,0.4687631130218506,356,510,6150,310,0.8880698880698881,0.4110854503464203,0.5345345345345346,0.07657657657657657,0.9234234234234234
6460,YGR220C YEL004W,0.0,NA,0.4691060185432434,356,509,6151,310,0.8882063882063882,0.4115606936416185,0.5345345345345346,0.07642642642642643,0.9235735735735736
6461,YDR342C YDR039C,0.0,NA,0.46942636370658875,356,508,6152,310,0.8883428883428883,0.41203703703703703,0.5345345345345346,0.07627627627627627,0.9237237237237237
6462,YDR167W YDR026C,0.0,NA,0.47001221776008606,356,507,6153,310,0.8884793884793885,0.41251448435689453,0.5345345345345346,0.07612612612612613,0.9238738738738739
6463,YDR034W-B YGL097W,0.0,NA,0.47146621346473694,356,506,6154,310,0.8886158886158886,0.41299303944315546,0.5345345345345346,0.07597597597597598,0.9240240240240241
6464,YOR038C YDR088C,0.0,NA,0.47330349683761597,356,505,6155,310,0.8887523887523887,0.413472706155633,0.5345345345345346,0.07582582582582582,0.9241741741741741
6465,YBR012W-B YKL088W,0.0,NA,0.4743993878364563,356,504,6156,310,0.8888888888888888,0.413953488372093,0.5345345345345346,0.07567567567567568,0.9243243243243243
6466,YCR005C YLR154W-C,1.0,NA,0.47512051463127136,355,504,6156,311,0.8887523887523887,0.41327124563445866,0.5330330330330331,0.07567567567567568,0.9243243243243243
6467,YKL170W YKL005C,0.0,NA,0.475421667098999,355,503,6157,311,0.8888888888888888,0.41375291375291373,0.5330330330330331,0.07552552552552552,0.9244744744744745
6468,YPR090W YCL047C,0.0,NA,0.4759071469306946,355,502,6158,311,0.8890253890253891,0.41423570595099185,0.5330330330330331,0.07537537537537538,0.9246246246246246
6469,YNR053C YKL119C,0.0,NA,0.47687309980392456,355,501,6159,311,0.8891618891618892,0.4147196261682243,0.5330330330330331,0.07522522522522522,0.9247747747747748
6470,YNL233W YNL027W,0.0,NA,0.4770413339138031,355,500,6160,311,0.8892983892983893,0.4152046783625731,0.5330330330330331,0.07507507507507508,0.924924924924925
6471,YNL129W YML058W-A,0.0,NA,0.47715020179748535,355,499,6161,311,0.8894348894348895,0.41569086651053866,0.5330330330330331,0.07492492492492492,0.925075075075075
6472,YKL087C YDL089W,0.0,NA,0.47715044021606445,355,498,6162,311,0.8895713895713896,0.41617819460726846,0.5330330330330331,0.07477477477477477,0.9252252252252252
6473,YLL007C YPR093C,0.0,NA,0.47795701026916504,355,497,6163,311,0.8897078897078897,0.4166666666666667,0.5330330330330331,0.07462462462462463,0.9253753753753754
6474,YLR139C YPL262W,1.0,NA,0.4781663417816162,354,497,6163,312,0.8895713895713896,0.41598119858989424,0.5315315315315315,0.07462462462462463,0.9253753753753754
6475,YIL172C YLR371W,0.0,NA,0.47831565141677856,354,496,6164,312,0.8897078897078897,0.4164705882352941,0.5315315315315315,0.07447447447447447,0.9255255255255255
6476,YGL130W YER078C,0.0,NA,0.47957155108451843,354,495,6165,312,0.8898443898443898,0.4169611307420495,0.5315315315315315,0.07432432432432433,0.9256756756756757
6477,YLL014W YMR204C,0.0,NA,0.4798039495944977,354,494,6166,312,0.88998088998089,0.41745283018867924,0.5315315315315315,0.07417417417417417,0.9258258258258258
6478,YHR039C-A YOR167C,0.0,NA,0.479911208152771,354,493,6167,312,0.8901173901173901,0.4179456906729634,0.5315315315315315,0.07402402402402403,0.925975975975976
6479,YDR237W YPR098C,0.0,NA,0.480399489402771,354,492,6168,312,0.8902538902538902,0.41843971631205673,0.5315315315315315,0.07387387387387387,0.9261261261261261
6480,YPR100W YDL120W,1.0,NA,0.48066946864128113,353,492,6168,313,0.8901173901173901,0.41775147928994083,0.53003003003003,0.07387387387387387,0.9261261261261261
6481,YPR090W YJL061W,0.0,NA,0.48131465911865234,353,491,6169,313,0.8902538902538902,0.41824644549763035,0.53003003003003,0.07372372372372372,0.9262762762762763
6482,YML131W YJR117W,0.0,NA,0.48155730962753296,353,490,6170,313,0.8903903903903904,0.41874258600237246,0.53003003003003,0.07357357357357357,0.9264264264264265
6483,YBR196C YFL035C,0.0,NA,0.482491672039032,353,489,6171,313,0.8905268905268905,0.4192399049881235,0.53003003003003,0.07342342342342342,0.9265765765765765
6484,YBR223C YJR099W,0.0,NA,0.4835532307624817,353,488,6172,313,0.8906633906633906,0.41973840665873957,0.53003003003003,0.07327327327327328,0.9267267267267267
6485,YHR092C YPL262W,1.0,NA,0.48408442735671997,352,488,6172,314,0.8905268905268905,0.41904761904761906,0.5285285285285285,0.07327327327327328,0.9267267267267267
6486,YGL056C YPL087W,0.0,NA,0.4844949245452881,352,487,6173,314,0.8906633906633906,0.4195470798569726,0.5285285285285285,0.07312312312312312,0.9268768768768769
6487,YDR382W YHR010W,0.0,NA,0.4850318133831024,352,486,6174,314,0.8907998907998907,0.4200477326968974,0.5285285285285285,0.07297297297297298,0.927027027027027
6488,YKL141W YMR188C,1.0,NA,0.48557645082473755,351,486,6174,315,0.8906633906633906,0.41935483870967744,0.527027027027027,0.07297297297297298,0.927027027027027
6489,YNL297C YBL107C,0.0,NA,0.4860629141330719,351,485,6175,315,0.8907998907998907,0.41985645933014354,0.527027027027027,0.07282282282282282,0.9271771771771772
6490,YKL087C YPR119W,0.0,NA,0.4866904318332672,351,484,6176,315,0.890936390936391,0.42035928143712575,0.527027027027027,0.07267267267267268,0.9273273273273274
6491,YGR043C YBR044C,0.0,NA,0.48725900053977966,351,483,6177,315,0.8910728910728911,0.420863309352518,0.527027027027027,0.07252252252252252,0.9274774774774774
6492,YLL034C YEL077C,0.0,NA,0.48729023337364197,351,482,6178,315,0.8912093912093912,0.42136854741896757,0.527027027027027,0.07237237237237237,0.9276276276276276
6493,YKL207W YPL230W,0.0,NA,0.4878149926662445,351,481,6179,315,0.8913458913458914,0.421875,0.527027027027027,0.07222222222222222,0.9277777777777778
6494,YJL046W YOR124C,0.0,NA,0.4885590672492981,351,480,6180,315,0.8914823914823915,0.4223826714801444,0.527027027027027,0.07207207207207207,0.9279279279279279
6495,YNL320W YGL097W,0.0,NA,0.48884421586990356,351,479,6181,315,0.8916188916188916,0.42289156626506025,0.527027027027027,0.07192192192192193,0.9280780780780781
6496,YCR029C-A YEL006W,0.0,NA,0.4911446273326874,351,478,6182,315,0.8917553917553918,0.4234016887816647,0.527027027027027,0.07177177177177177,0.9282282282282283
6497,YDR040C YPL086C,0.0,NA,0.49119335412979126,351,477,6183,315,0.8918918918918919,0.42391304347826086,0.527027027027027,0.07162162162162163,0.9283783783783783
6498,YPR133W-A YJL082W,0.0,NA,0.4929068386554718,351,476,6184,315,0.892028392028392,0.4244256348246675,0.527027027027027,0.07147147147147147,0.9285285285285285
6499,YPL162C YIL108W,0.0,NA,0.4952740967273712,351,475,6185,315,0.8921648921648921,0.42493946731234866,0.527027027027027,0.07132132132132132,0.9286786786786787
6500,YML131W YGL095C,0.0,NA,0.49727362394332886,351,474,6186,315,0.8923013923013923,0.4254545454545455,0.527027027027027,0.07117117117117117,0.9288288288288288
6501,YPL031C YPL134C,0.0,NA,0.4979424774646759,351,473,6187,315,0.8924378924378924,0.42597087378640774,0.527027027027027,0.07102102102102102,0.928978978978979
6502,YMR111C YLL015W,0.0,NA,0.4983658790588379,351,472,6188,315,0.8925743925743925,0.4264884568651276,0.527027027027027,0.07087087087087086,0.9291291291291291
6503,YHR188C YJL082W,0.0,NA,0.4989735782146454,351,471,6189,315,0.8927108927108927,0.42700729927007297,0.527027027027027,0.07072072072072072,0.9292792792792792
6504,YJR155W YNR066C,0.0,NA,0.4998161196708679,351,470,6190,315,0.8928473928473929,0.42752740560292324,0.527027027027027,0.07057057057057058,0.9294294294294294
6505,YIL111W YJL209W,1.0,NA,0.5014469623565674,350,470,6190,316,0.8927108927108927,0.4268292682926829,0.5255255255255256,0.07057057057057058,0.9294294294294294
6506,YNL245C YNR053C,0.0,NA,0.5021955370903015,350,469,6191,316,0.8928473928473929,0.42735042735042733,0.5255255255255256,0.07042042042042042,0.9295795795795796
6507,YCR076C YJR082C,0.0,NA,0.5033535957336426,350,468,6192,316,0.892983892983893,0.4278728606356968,0.5255255255255256,0.07027027027027027,0.9297297297297298
6508,YOR090C YDR248C,0.0,NA,0.5034120082855225,350,467,6193,316,0.8931203931203932,0.4283965728274174,0.5255255255255256,0.07012012012012012,0.9298798798798799
6509,YPL183W-A YGL040C,1.0,NA,0.5059921145439148,349,467,6193,317,0.892983892983893,0.42769607843137253,0.524024024024024,0.07012012012012012,0.9298798798798799
6510,YLR154W-C YGL040C,1.0,NA,0.506645917892456,348,467,6193,318,0.8928473928473929,0.4269938650306748,0.5225225225225225,0.07012012012012012,0.9298798798798799
6511,YKL061W YGL030W,0.0,NA,0.5072778463363647,348,466,6194,318,0.892983892983893,0.4275184275184275,0.5225225225225225,0.06996996996996997,0.93003003003003
6512,YAL038W YML056C,0.0,NA,0.5074831247329712,348,465,6195,318,0.8931203931203932,0.4280442804428044,0.5225225225225225,0.06981981981981981,0.9301801801801802
6513,YOR021C YMR190C,0.0,NA,0.5082454681396484,348,464,6196,318,0.8932568932568933,0.42857142857142855,0.5225225225225225,0.06966966966966967,0.9303303303303303
6514,YOR381W YCR086W,0.0,NA,0.5088170766830444,348,463,6197,318,0.8933933933933934,0.42909987669543775,0.5225225225225225,0.06951951951951951,0.9304804804804805
6515,YLR392C YDR440W,0.0,NA,0.5091817378997803,348,462,6198,318,0.8935298935298935,0.42962962962962964,0.5225225225225225,0.06936936936936937,0.9306306306306307
6516,YCR071C YIL111W,1.0,NA,0.5115136504173279,347,462,6198,319,0.8933933933933934,0.4289245982694685,0.521021021021021,0.06936936936936937,0.9306306306306307
6517,YCR098C YPL110C,0.0,NA,0.5118581056594849,347,461,6199,319,0.8935298935298935,0.42945544554455445,0.521021021021021,0.06921921921921922,0.9307807807807807
6518,YJL063C YCR071C,1.0,NA,0.5126546621322632,346,461,6199,320,0.8933933933933934,0.42874845105328374,0.5195195195195195,0.06921921921921922,0.9307807807807807
6519,YGR080W YPR114W,0.0,NA,0.5150497555732727,346,460,6200,320,0.8935298935298935,0.4292803970223325,0.5195195195195195,0.06906906906906907,0.9309309309309309
6520,YLR283W YLR053C,0.0,NA,0.5162014365196228,346,459,6201,320,0.8936663936663937,0.4298136645962733,0.5195195195195195,0.06891891891891892,0.9310810810810811
6521,YLR028C YKL141W,1.0,NA,0.5186884999275208,345,459,6201,321,0.8935298935298935,0.4291044776119403,0.5180180180180181,0.06891891891891892,0.9310810810810811
6522,YPR138C YML003W,0.0,NA,0.5191869735717773,345,458,6202,321,0.8936663936663937,0.42963885429638854,0.5180180180180181,0.06876876876876876,0.9312312312312312
6523,YPL230W YKL171W,0.0,NA,0.5224573016166687,345,457,6203,321,0.8938028938028938,0.43017456359102246,0.5180180180180181,0.06861861861861862,0.9313813813813814
6524,YNL330C YCR038C,0.0,NA,0.5240676403045654,345,456,6204,321,0.8939393939393939,0.4307116104868914,0.5180180180180181,0.06846846846846846,0.9315315315315316
6525,YNL160W YLR394W,0.0,NA,0.5256744623184204,345,455,6205,321,0.894075894075894,0.43125,0.5180180180180181,0.06831831831831832,0.9316816816816816
6526,YML131W YOR339C,0.0,NA,0.5259096622467041,345,454,6206,321,0.8942123942123942,0.43178973717146435,0.5180180180180181,0.06816816816816818,0.9318318318318318
6527,YML058W-A YGL111W,0.0,NA,0.5262392163276672,345,453,6207,321,0.8943488943488943,0.4323308270676692,0.5180180180180181,0.06801801801801802,0.931981981981982
6528,YPL024W YHR126C,0.0,NA,0.5275055170059204,345,452,6208,321,0.8944853944853944,0.4328732747804266,0.5180180180180181,0.06786786786786787,0.9321321321321321
6529,YLR115W YJL074C,0.0,NA,0.5331595540046692,345,451,6209,321,0.8946218946218947,0.4334170854271357,0.5180180180180181,0.06771771771771772,0.9322822822822823
6530,YER044C YKL146W,0.0,NA,0.536748468875885,345,450,6210,321,0.8947583947583948,0.4339622641509434,0.5180180180180181,0.06756756756756757,0.9324324324324325
6531,YJR120W YCR071C,1.0,NA,0.5383993983268738,344,450,6210,322,0.8946218946218947,0.4332493702770781,0.5165165165165165,0.06756756756756757,0.9324324324324325
6532,YMR045C YHR152W,0.0,NA,0.538447916507721,344,449,6211,322,0.8947583947583948,0.4337957124842371,0.5165165165165165,0.06741741741741741,0.9325825825825825
6533,YNL328C YNL092W,0.0,NA,0.5394201874732971,344,448,6212,322,0.8948948948948949,0.43434343434343436,0.5165165165165165,0.06726726726726727,0.9327327327327327
6534,YPL097W YDR516C,0.0,NA,0.5398200154304504,344,447,6213,322,0.8950313950313951,0.43489254108723135,0.5165165165165165,0.06711711711711711,0.9328828828828829
6535,YHR202W YFL048C,0.0,NA,0.5435678362846375,344,446,6214,322,0.8951678951678952,0.43544303797468353,0.5165165165165165,0.06696696696696697,0.9330330330330331
6536,YMR258C YOR270C,0.0,NA,0.544029951095581,344,445,6215,322,0.8953043953043953,0.43599493029150826,0.5165165165165165,0.06681681681681682,0.9331831831831832
6537,YPR178W YPL066W,0.0,NA,0.5468299984931946,344,444,6216,322,0.8954408954408954,0.4365482233502538,0.5165165165165165,0.06666666666666667,0.9333333333333333
6538,YLR262C-A YBR004C,0.0,NA,0.5483810305595398,344,443,6217,322,0.8955773955773956,0.4371029224904701,0.5165165165165165,0.06651651651651652,0.9334834834834835
6539,YER037W YGR142W,0.0,NA,0.5491724014282227,344,442,6218,322,0.8957138957138957,0.43765903307888043,0.5165165165165165,0.06636636636636636,0.9336336336336336
6540,YEL053C YFL035C,0.0,NA,0.5492004752159119,344,441,6219,322,0.8958503958503958,0.43821656050955415,0.5165165165165165,0.06621621621621622,0.9337837837837838
6541,YKR028W YNL313C,0.0,NA,0.5492269396781921,344,440,6220,322,0.895986895986896,0.4387755102040816,0.5165165165165165,0.06606606606606606,0.933933933933934
6542,YGR133W YNL045W,0.0,NA,0.5492566823959351,344,439,6221,322,0.8961233961233961,0.4393358876117497,0.5165165165165165,0.06591591591591592,0.934084084084084
6543,YJL166W YKL141W,1.0,NA,0.5495437383651733,343,439,6221,323,0.895986895986896,0.43861892583120204,0.515015015015015,0.06591591591591592,0.934084084084084
6544,YOR113W YOR349W,0.0,NA,0.5501137971878052,343,438,6222,323,0.8961233961233961,0.43918053777208704,0.515015015015015,0.06576576576576576,0.9342342342342342
6545,YJR099W YNL092W,0.0,NA,0.5510657429695129,343,437,6223,323,0.8962598962598962,0.43974358974358974,0.515015015015015,0.06561561561561562,0.9343843843843844
6546,YIL105C YCL039W,0.0,NA,0.5531747341156006,343,436,6224,323,0.8963963963963963,0.44030808729139925,0.515015015015015,0.06546546546546547,0.9345345345345345
6547,YHR109W YNL070W,0.0,NA,0.5539167523384094,343,435,6225,323,0.8965328965328966,0.44087403598971725,0.515015015015015,0.06531531531531531,0.9346846846846847
6548,YJR120W YNL177C,1.0,NA,0.5543527007102966,342,435,6225,324,0.8963963963963963,0.44015444015444016,0.5135135135135135,0.06531531531531531,0.9346846846846847
6549,YPL259C YER136W,0.0,NA,0.5548951625823975,342,434,6226,324,0.8965328965328966,0.44072164948453607,0.5135135135135135,0.06516516516516517,0.9348348348348349
6550,YMR244C-A YPR157W,0.0,NA,0.5578030943870544,342,433,6227,324,0.8966693966693967,0.44129032258064516,0.5135135135135135,0.06501501501501501,0.934984984984985
6551,YBL050W YHR164C,0.0,NA,0.5578082203865051,342,432,6228,324,0.8968058968058968,0.4418604651162791,0.5135135135135135,0.06486486486486487,0.9351351351351351
6552,YPL097W YIL067C,0.0,NA,0.5588377714157104,342,431,6229,324,0.896942396942397,0.4424320827943079,0.5135135135135135,0.06471471471471471,0.9352852852852853
6553,YCL047C YGR002C,0.0,NA,0.5595405697822571,342,430,6230,324,0.8970788970788971,0.4430051813471503,0.5135135135135135,0.06456456456456457,0.9354354354354354
6554,YIL067C YDR357C,0.0,NA,0.5596978664398193,342,429,6231,324,0.8972153972153972,0.44357976653696496,0.5135135135135135,0.06441441441441441,0.9355855855855856
6555,YML016C YLR246W,0.0,NA,0.5604849457740784,342,428,6232,324,0.8973518973518974,0.44415584415584414,0.5135135135135135,0.06426426426426426,0.9357357357357358
6556,YOR389W YCR059C,0.0,NA,0.5605337023735046,342,427,6233,324,0.8974883974883975,0.4447334200260078,0.5135135135135135,0.06411411411411412,0.9358858858858858
6557,YLR266C YLR445W,0.0,NA,0.5606746077537537,342,426,6234,324,0.8976248976248976,0.4453125,0.5135135135135135,0.06396396396396396,0.936036036036036
6558,YMR026C YDR462W,0.0,NA,0.5610776543617249,342,425,6235,324,0.8977613977613977,0.44589308996088656,0.5135135135135135,0.06381381381381382,0.9361861861861862
6559,YGR127W YLR371W,0.0,NA,0.5621140003204346,342,424,6236,324,0.8978978978978979,0.4464751958224543,0.5135135135135135,0.06366366366366366,0.9363363363363363
6560,YLR008C YIL083C,0.0,NA,0.5621993541717529,342,423,6237,324,0.898034398034398,0.4470588235294118,0.5135135135135135,0.06351351351351352,0.9364864864864865
6561,YHR132W-A YPL267W,0.0,NA,0.5625095367431641,342,422,6238,324,0.8981708981708981,0.4476439790575916,0.5135135135135135,0.06336336336336336,0.9366366366366367
6562,YIL166C YLR071C,0.0,NA,0.568929135799408,342,421,6239,324,0.8983073983073983,0.44823066841415465,0.5135135135135135,0.06321321321321322,0.9367867867867868
6563,YIL067C YGL195W,0.0,NA,0.5690063238143921,342,420,6240,324,0.8984438984438985,0.44881889763779526,0.5135135135135135,0.06306306306306306,0.9369369369369369
6564,YGL079W YGR260W,0.0,NA,0.5693424344062805,342,419,6241,324,0.8985803985803986,0.44940867279894875,0.5135135135135135,0.06291291291291291,0.9370870870870871
6565,YNL213C YJL058C,0.0,NA,0.5697961449623108,342,418,6242,324,0.8987168987168987,0.45,0.5135135135135135,0.06276276276276277,0.9372372372372373
6566,YDL232W YPR128C,0.0,NA,0.5712599754333496,342,417,6243,324,0.8988533988533989,0.4505928853754941,0.5135135135135135,0.06261261261261261,0.9373873873873874
6567,YML035C YJL089W,0.0,NA,0.5713241100311279,342,416,6244,324,0.898989898989899,0.45118733509234826,0.5135135135135135,0.06246246246246246,0.9375375375375375
6568,YML097C YKL211C,0.0,NA,0.5723339915275574,342,415,6245,324,0.8991263991263991,0.45178335535006603,0.5135135135135135,0.06231231231231231,0.9376876876876877
6569,YDR023W YCL060C,0.0,NA,0.573424220085144,342,414,6246,324,0.8992628992628993,0.4523809523809524,0.5135135135135135,0.062162162162162166,0.9378378378378378
6570,YOR215C YHL007C,0.0,NA,0.5750579833984375,342,413,6247,324,0.8993993993993994,0.45298013245033114,0.5135135135135135,0.062012012012012015,0.937987987987988
6571,YDL126C YHL024W,0.0,NA,0.5755414962768555,342,412,6248,324,0.8995358995358995,0.4535809018567639,0.5135135135135135,0.061861861861861864,0.9381381381381382
6572,YGR266W YDR517W,0.0,NA,0.5769317746162415,342,411,6249,324,0.8996723996723996,0.4541832669322709,0.5135135135135135,0.06171171171171171,0.9382882882882883
6573,YDR216W YLR425W,0.0,NA,0.5773673057556152,342,410,6250,324,0.8998088998088998,0.45478723404255317,0.5135135135135135,0.06156156156156156,0.9384384384384384
6574,YLR391W-A YPR176C,0.0,NA,0.5801441073417664,342,409,6251,324,0.8999453999453999,0.45539280958721706,0.5135135135135135,0.06141141141141141,0.9385885885885886
6575,YGR062C YDR380W,0.0,NA,0.5829275250434875,342,408,6252,324,0.9000819000819,0.456,0.5135135135135135,0.06126126126126126,0.9387387387387387
6576,YLR028C YHL004W,1.0,NA,0.5850688219070435,341,408,6252,325,0.8999453999453999,0.4552736982643525,0.512012012012012,0.06126126126126126,0.9387387387387387
6577,YLR321C YDR141C,0.0,NA,0.585172176361084,341,407,6253,325,0.9000819000819,0.45588235294117646,0.512012012012012,0.06111111111111111,0.9388888888888889
6578,YOL158C YOR021C,0.0,NA,0.5870034694671631,341,406,6254,325,0.9002184002184003,0.4564926372155288,0.512012012012012,0.06096096096096096,0.9390390390390391
6579,YDR236C YKL114C,0.0,NA,0.5871016383171082,341,405,6255,325,0.9003549003549004,0.4571045576407507,0.512012012012012,0.060810810810810814,0.9391891891891891
6580,YDR539W YJR094W-A,0.0,NA,0.587349534034729,341,404,6256,325,0.9004914004914005,0.4577181208053691,0.512012012012012,0.06066066066066066,0.9393393393393393
6581,YMR262W YDR141C,0.0,NA,0.5883813500404358,341,403,6257,325,0.9006279006279007,0.4583333333333333,0.512012012012012,0.06051051051051051,0.9394894894894895
6582,YLR072W YDR389W,0.0,NA,0.588422417640686,341,402,6258,325,0.9007644007644008,0.458950201884253,0.512012012012012,0.06036036036036036,0.9396396396396396
6583,YKL086W YPR023C,0.0,NA,0.5888524651527405,341,401,6259,325,0.9009009009009009,0.45956873315363883,0.512012012012012,0.06021021021021021,0.9397897897897898
6584,YFL011W-A YER113C,0.0,NA,0.590243935585022,341,400,6260,325,0.901037401037401,0.4601889338731444,0.512012012012012,0.06006006006006006,0.93993993993994
6585,YJR120W YML081C-A,1.0,NA,0.5907817482948303,340,400,6260,326,0.9009009009009009,0.4594594594594595,0.5105105105105106,0.06006006006006006,0.93993993993994
6586,YHR132W-A YMR180C,0.0,NA,0.5918006300926208,340,399,6261,326,0.901037401037401,0.46008119079837617,0.5105105105105106,0.05990990990990991,0.94009009009009
6587,YJR061W YBR280C,0.0,NA,0.5930832028388977,340,398,6262,326,0.9011739011739012,0.46070460704607047,0.5105105105105106,0.05975975975975976,0.9402402402402402
6588,YBR082C YOR247W,0.0,NA,0.5931733846664429,340,397,6263,326,0.9013104013104013,0.46132971506105835,0.5105105105105106,0.05960960960960961,0.9403903903903904
6589,YNL081C YLR189C,0.0,NA,0.5942885279655457,340,396,6264,326,0.9014469014469014,0.46195652173913043,0.5105105105105106,0.05945945945945946,0.9405405405405406
6590,YBR283C YBR096W,0.0,NA,0.5948750376701355,340,395,6265,326,0.9015834015834016,0.46258503401360546,0.5105105105105106,0.05930930930930931,0.9406906906906907
6591,YKL047W YGR159C,0.0,NA,0.5975617170333862,340,394,6266,326,0.9017199017199017,0.46321525885558584,0.5105105105105106,0.05915915915915916,0.9408408408408409
6592,YIL033C YLR213C,0.0,NA,0.5986531376838684,340,393,6267,326,0.9018564018564018,0.4638472032742155,0.5105105105105106,0.05900900900900901,0.940990990990991
6593,YPR128C YCR076C,0.0,NA,0.6002475023269653,340,392,6268,326,0.9019929019929019,0.4644808743169399,0.5105105105105106,0.05885885885885886,0.9411411411411411
6594,YFR051C YMR119W,0.0,NA,0.6004065871238708,340,391,6269,326,0.9021294021294022,0.46511627906976744,0.5105105105105106,0.05870870870870871,0.9412912912912913
6595,YJR120W YNL185C,1.0,NA,0.6018616557121277,339,391,6269,327,0.9019929019929019,0.4643835616438356,0.509009009009009,0.05870870870870871,0.9412912912912913
6596,YLL014W YFL035C,0.0,NA,0.6024132966995239,339,390,6270,327,0.9021294021294022,0.46502057613168724,0.509009009009009,0.05855855855855856,0.9414414414414415
6597,YHR092C YOR136W,1.0,NA,0.6033526659011841,338,390,6270,328,0.9019929019929019,0.4642857142857143,0.5075075075075075,0.05855855855855856,0.9414414414414415
6598,YLR085C YOL022C,0.0,NA,0.603895366191864,338,389,6271,328,0.9021294021294022,0.4649243466299862,0.5075075075075075,0.058408408408408406,0.9415915915915916
6599,YML016C YMR058W,0.0,NA,0.6042940616607666,338,388,6272,328,0.9022659022659023,0.465564738292011,0.5075075075075075,0.058258258258258255,0.9417417417417417
6600,YAR018C YNL217W,0.0,NA,0.6053310036659241,338,387,6273,328,0.9024024024024024,0.46620689655172415,0.5075075075075075,0.05810810810810811,0.9418918918918919
6601,YGL254W YEL065W,0.0,NA,0.6090982556343079,338,386,6274,328,0.9025389025389026,0.46685082872928174,0.5075075075075075,0.05795795795795796,0.942042042042042
6602,YHR140W YMR058W,0.0,NA,0.6107045412063599,338,385,6275,328,0.9026754026754027,0.46749654218533887,0.5075075075075075,0.05780780780780781,0.9421921921921922
6603,YIR035C YGL073W,0.0,NA,0.6114190816879272,338,384,6276,328,0.9028119028119028,0.46814404432132967,0.5075075075075075,0.05765765765765766,0.9423423423423424
6604,YLR042C YIL077C,0.0,NA,0.6115085482597351,338,383,6277,328,0.902948402948403,0.46879334257975036,0.5075075075075075,0.05750750750750751,0.9424924924924925
6605,YHL040C YNL157W,0.0,NA,0.6142501831054688,338,382,6278,328,0.9030849030849031,0.46944444444444444,0.5075075075075075,0.05735735735735736,0.9426426426426426
6606,YLL016W YDL065C,0.0,NA,0.6162756681442261,338,381,6279,328,0.9032214032214032,0.47009735744089015,0.5075075075075075,0.057207207207207206,0.9427927927927928
6607,YMR040W YKL178C,0.0,NA,0.6169370412826538,338,380,6280,328,0.9033579033579033,0.47075208913649025,0.5075075075075075,0.057057057057057055,0.9429429429429429
6608,YGL090W YJR024C,0.0,NA,0.6170629858970642,338,379,6281,328,0.9034944034944035,0.4714086471408647,0.5075075075075075,0.056906906906906904,0.9430930930930931
6609,YNL053W YML009C,0.0,NA,0.618263304233551,338,378,6282,328,0.9036309036309036,0.4720670391061452,0.5075075075075075,0.05675675675675676,0.9432432432432433
6610,YKL148C YLR201C,1.0,NA,0.6217403411865234,337,378,6282,329,0.9034944034944035,0.47132867132867134,0.506006006006006,0.05675675675675676,0.9432432432432433
6611,YKL061W YLR085C,0.0,NA,0.6231033802032471,337,377,6283,329,0.9036309036309036,0.47198879551820727,0.506006006006006,0.05660660660660661,0.9433933933933933
6612,YOL013C YLR189C,0.0,NA,0.62404465675354,337,376,6284,329,0.9037674037674037,0.4726507713884993,0.506006006006006,0.05645645645645646,0.9435435435435435
6613,YBL040C YFL035C,0.0,NA,0.6243569850921631,337,375,6285,329,0.9039039039039038,0.47331460674157305,0.506006006006006,0.05630630630630631,0.9436936936936937
6614,YLR054C YOR211C,0.0,NA,0.6249540448188782,337,374,6286,329,0.9040404040404041,0.4739803094233474,0.506006006006006,0.056156156156156156,0.9438438438438439
6615,YDL061C YOR182C,0.0,NA,0.6263402104377747,337,373,6287,329,0.9041769041769042,0.47464788732394364,0.506006006006006,0.056006006006006005,0.943993993993994
6616,YKL207W YML111W,0.0,NA,0.6284460425376892,337,372,6288,329,0.9043134043134043,0.47531734837799716,0.506006006006006,0.055855855855855854,0.9441441441441442
6617,YHR091C YIR028W,0.0,NA,0.6295364499092102,337,371,6289,329,0.9044499044499045,0.4759887005649718,0.506006006006006,0.0557057057057057,0.9442942942942943
6618,YKR017C YCR073C,0.0,NA,0.6296185255050659,337,370,6290,329,0.9045864045864046,0.4766619519094767,0.506006006006006,0.05555555555555555,0.9444444444444444
6619,YLR241W YLR142W,0.0,NA,0.6303851008415222,337,369,6291,329,0.9047229047229047,0.4773371104815864,0.506006006006006,0.05540540540540541,0.9445945945945946
6620,YKR097W YLR258W,0.0,NA,0.6307705044746399,337,368,6292,329,0.9048594048594049,0.47801418439716314,0.506006006006006,0.05525525525525526,0.9447447447447448
6621,YPR090W YLR266C,0.0,NA,0.6340208649635315,337,367,6293,329,0.904995904995905,0.4786931818181818,0.506006006006006,0.05510510510510511,0.9448948948948949
6622,YKL159C YPL006W,0.0,NA,0.6359633207321167,337,366,6294,329,0.9051324051324051,0.4793741109530583,0.506006006006006,0.054954954954954956,0.945045045045045
6623,YPR090W YGL070C,0.0,NA,0.6361329555511475,337,365,6295,329,0.9052689052689052,0.48005698005698005,0.506006006006006,0.054804804804804805,0.9451951951951952
6624,YPL189W YDR089W,0.0,NA,0.6367343068122864,337,364,6296,329,0.9054054054054054,0.48074179743223966,0.506006006006006,0.054654654654654654,0.9453453453453453
6625,YNL239W YAR028W,0.0,NA,0.6391077041625977,337,363,6297,329,0.9055419055419055,0.48142857142857143,0.506006006006006,0.0545045045045045,0.9454954954954955
6626,YMR047C YGR178C,0.0,NA,0.6392195820808411,337,362,6298,329,0.9056784056784056,0.4821173104434907,0.506006006006006,0.05435435435435435,0.9456456456456457
6627,YDL171C YDR216W,0.0,NA,0.6399939060211182,337,361,6299,329,0.9058149058149059,0.4828080229226361,0.506006006006006,0.0542042042042042,0.9457957957957958
6628,YGL053W YBR017C,0.0,NA,0.6412246227264404,337,360,6300,329,0.905951405951406,0.4835007173601148,0.506006006006006,0.05405405405405406,0.9459459459459459
6629,YKR030W YLL007C,0.0,NA,0.6414851546287537,337,359,6301,329,0.9060879060879061,0.48419540229885055,0.506006006006006,0.053903903903903906,0.9460960960960961
6630,YLR154W-C YBR085W,1.0,NA,0.6416435837745667,336,359,6301,330,0.905951405951406,0.48345323741007196,0.5045045045045045,0.053903903903903906,0.9460960960960961
6631,YIL053W YGL079W,0.0,NA,0.6428254842758179,336,358,6302,330,0.9060879060879061,0.484149855907781,0.5045045045045045,0.053753753753753755,0.9462462462462462
6632,YPL262W YDL120W,1.0,NA,0.6442001461982727,335,358,6302,331,0.905951405951406,0.4834054834054834,0.503003003003003,0.053753753753753755,0.9462462462462462
6633,YJL063C YJR120W,1.0,NA,0.6456830501556396,334,358,6302,332,0.9058149058149059,0.48265895953757226,0.5015015015015015,0.053753753753753755,0.9462462462462462
6634,YMR258C YLL002W,0.0,NA,0.6469336152076721,334,357,6303,332,0.905951405951406,0.4833574529667149,0.5015015015015015,0.053603603603603604,0.9463963963963964
6635,YPL104W YBR200W,0.0,NA,0.6471970677375793,334,356,6304,332,0.9060879060879061,0.48405797101449277,0.5015015015015015,0.05345345345345345,0.9465465465465466
6636,YDL248W YNL070W,0.0,NA,0.6471996903419495,334,355,6305,332,0.9062244062244063,0.4847605224963715,0.5015015015015015,0.0533033033033033,0.9466966966966966
6637,YHR140W YHL040C,0.0,NA,0.6476713418960571,334,354,6306,332,0.9063609063609064,0.48546511627906974,0.5015015015015015,0.05315315315315315,0.9468468468468468
6638,YDR357C YCR096C,0.0,NA,0.6483728289604187,334,353,6307,332,0.9064974064974065,0.4861717612809316,0.5015015015015015,0.053003003003003,0.946996996996997
6639,YPL183W-A YJL166W,1.0,NA,0.6500968337059021,333,353,6307,333,0.9063609063609064,0.48542274052478135,0.5,0.053003003003003,0.946996996996997
6640,YPR101W YCL047C,0.0,NA,0.6504213213920593,333,352,6308,333,0.9064974064974065,0.48613138686131385,0.5,0.05285285285285285,0.9471471471471471
6641,YGR009C YJR045C,0.0,NA,0.6504226922988892,333,351,6309,333,0.9066339066339066,0.4868421052631579,0.5,0.052702702702702706,0.9472972972972973
6642,YNL297C YDR283C,0.0,NA,0.6519565582275391,333,350,6310,333,0.9067704067704068,0.48755490483162517,0.5,0.052552552552552555,0.9474474474474475
6643,YJL063C YLR201C,1.0,NA,0.6534737348556519,332,350,6310,334,0.9066339066339066,0.4868035190615836,0.4984984984984985,0.052552552552552555,0.9474474474474475
6644,YPR002W YHR057C,0.0,NA,0.6559343338012695,332,349,6311,334,0.9067704067704068,0.48751835535976507,0.4984984984984985,0.052402402402402404,0.9475975975975977
6645,YNL083W YLR441C,0.0,NA,0.6563730835914612,332,348,6312,334,0.9069069069069069,0.48823529411764705,0.4984984984984985,0.05225225225225225,0.9477477477477477
6646,YOL155C YNL183C,0.0,NA,0.6564211249351501,332,347,6313,334,0.907043407043407,0.4889543446244477,0.4984984984984985,0.0521021021021021,0.9478978978978979
6647,YLR451W YAR028W,0.0,NA,0.6570512652397156,332,346,6314,334,0.9071799071799072,0.4896755162241888,0.4984984984984985,0.05195195195195195,0.9480480480480481
6648,YLL016W YJR029W,0.0,NA,0.6571196913719177,332,345,6315,334,0.9073164073164073,0.49039881831610044,0.4984984984984985,0.0518018018018018,0.9481981981981982
6649,YER020W YCR076C,0.0,NA,0.6572079062461853,332,344,6316,334,0.9074529074529074,0.4911242603550296,0.4984984984984985,0.05165165165165165,0.9483483483483484
6650,YGL203C YFL050C,0.0,NA,0.6573449969291687,332,343,6317,334,0.9075894075894075,0.4918518518518519,0.4984984984984985,0.0515015015015015,0.9484984984984985
6651,YMR160W YHR039C,0.0,NA,0.6573526263237,332,342,6318,334,0.9077259077259078,0.49258160237388726,0.4984984984984985,0.051351351351351354,0.9486486486486486
6652,YMR208W YCL060C,0.0,NA,0.6574897766113281,332,341,6319,334,0.9078624078624079,0.4933135215453195,0.4984984984984985,0.0512012012012012,0.9487987987987988
6653,YPR119W YBR195C,0.0,NA,0.6579880714416504,332,340,6320,334,0.907998907998908,0.49404761904761907,0.4984984984984985,0.05105105105105105,0.948948948948949
6654,YPL096C-A YCR059C,0.0,NA,0.6593231558799744,332,339,6321,334,0.9081354081354082,0.4947839046199702,0.4984984984984985,0.0509009009009009,0.9490990990990991
6655,YIL144W YDL002C,0.0,NA,0.6602672934532166,332,338,6322,334,0.9082719082719083,0.4955223880597015,0.4984984984984985,0.05075075075075075,0.9492492492492492
6656,YJR120W YOR136W,1.0,NA,0.6603707671165466,331,338,6322,335,0.9081354081354082,0.4947683109118087,0.496996996996997,0.05075075075075075,0.9492492492492492
6657,YNR067C YLR132C,0.0,NA,0.6633341908454895,331,337,6323,335,0.9082719082719083,0.49550898203592814,0.496996996996997,0.0506006006006006,0.9493993993993994
6658,YHR196W YCR046C,0.0,NA,0.663573682308197,331,336,6324,335,0.9084084084084084,0.4962518740629685,0.496996996996997,0.05045045045045045,0.9495495495495495
6659,YPL113C YML102W,0.0,NA,0.6636343598365784,331,335,6325,335,0.9085449085449085,0.496996996996997,0.496996996996997,0.0503003003003003,0.9496996996996997
6660,YIL111W YHL004W,1.0,NA,0.667445182800293,330,335,6325,336,0.9084084084084084,0.49624060150375937,0.4954954954954955,0.0503003003003003,0.9496996996996997
6661,YHR132W-A YNL288W,0.0,NA,0.6675082445144653,330,334,6326,336,0.9085449085449085,0.49698795180722893,0.4954954954954955,0.05015015015015015,0.9498498498498499
6662,YJL063C YDL120W,1.0,NA,0.668258011341095,329,334,6326,337,0.9084084084084084,0.4962292609351433,0.493993993993994,0.05015015015015015,0.9498498498498499
6663,YPR090W YDR234W,0.0,NA,0.6729235649108887,329,333,6327,337,0.9085449085449085,0.49697885196374625,0.493993993993994,0.05,0.95
6664,YOR107W YOR116C,0.0,NA,0.672962486743927,329,332,6328,337,0.9086814086814087,0.4977307110438729,0.493993993993994,0.04984984984984985,0.9501501501501501
6665,YKL148C YLR028C,1.0,NA,0.6736221313476562,328,332,6328,338,0.9085449085449085,0.49696969696969695,0.4924924924924925,0.04984984984984985,0.9501501501501501
6666,YJL008C YOR021C,0.0,NA,0.6738306283950806,328,331,6329,338,0.9086814086814087,0.4977238239757208,0.4924924924924925,0.0496996996996997,0.9503003003003003
6667,YOR009W YLR460C,0.0,NA,0.6766850352287292,328,330,6330,338,0.9088179088179088,0.49848024316109424,0.4924924924924925,0.04954954954954955,0.9504504504504504
6668,YHL040C YDR034W-B,0.0,NA,0.679435670375824,328,329,6331,338,0.9089544089544089,0.4992389649923896,0.4924924924924925,0.0493993993993994,0.9506006006006006
6669,YML009C YDR085C,0.0,NA,0.6797350645065308,328,328,6332,338,0.9090909090909091,0.5,0.4924924924924925,0.04924924924924925,0.9507507507507508
6670,YKL040C YKL171W,0.0,NA,0.6808551549911499,328,327,6333,338,0.9092274092274092,0.500763358778626,0.4924924924924925,0.0490990990990991,0.9509009009009008
6671,YPR090W YDL022W,0.0,NA,0.6831498742103577,328,326,6334,338,0.9093639093639093,0.5015290519877675,0.4924924924924925,0.048948948948948946,0.951051051051051
6672,YDR406W YDL132W,0.0,NA,0.6833048462867737,328,325,6335,338,0.9095004095004094,0.5022970903522205,0.4924924924924925,0.048798798798798795,0.9512012012012012
6673,YGR053C YKL170W,0.0,NA,0.6839701533317566,328,324,6336,338,0.9096369096369097,0.5030674846625767,0.4924924924924925,0.04864864864864865,0.9513513513513514
6674,YKL148C YKL141W,1.0,NA,0.6865589618682861,327,324,6336,339,0.9095004095004094,0.5023041474654378,0.49099099099099097,0.04864864864864865,0.9513513513513514
6675,YKL087C YGL250W,0.0,NA,0.6874414682388306,327,323,6337,339,0.9096369096369097,0.5030769230769231,0.49099099099099097,0.0484984984984985,0.9515015015015015
6676,YLR248W YJL164C,0.0,NA,0.6890720725059509,327,322,6338,339,0.9097734097734098,0.5038520801232665,0.49099099099099097,0.04834834834834835,0.9516516516516517
6677,YJR061W YLR371W,0.0,NA,0.689353883266449,327,321,6339,339,0.9099099099099099,0.5046296296296297,0.49099099099099097,0.0481981981981982,0.9518018018018019
6678,YIL105C YHR103W,0.0,NA,0.6911749243736267,327,320,6340,339,0.9100464100464101,0.5054095826893354,0.49099099099099097,0.04804804804804805,0.9519519519519519
6679,YGR044C YHR126C,0.0,NA,0.6965002417564392,327,319,6341,339,0.9101829101829102,0.5061919504643962,0.49099099099099097,0.0478978978978979,0.9521021021021021
6680,YPR133W-A YDR076W,0.0,NA,0.6970745921134949,327,318,6342,339,0.9103194103194103,0.5069767441860465,0.49099099099099097,0.047747747747747746,0.9522522522522523
6681,YGR023W YFR052W,0.0,NA,0.6972306966781616,327,317,6343,339,0.9104559104559105,0.5077639751552795,0.49099099099099097,0.047597597597597595,0.9524024024024024
6682,YML025C YKL141W,1.0,NA,0.6982106566429138,326,317,6343,340,0.9103194103194103,0.5069984447900466,0.4894894894894895,0.047597597597597595,0.9524024024024024
6683,YMR244C-A YKL159C,0.0,NA,0.6996179819107056,326,316,6344,340,0.9104559104559105,0.5077881619937694,0.4894894894894895,0.04744744744744745,0.9525525525525526
6684,YIL111W YJL166W,1.0,NA,0.6998617649078369,325,316,6344,341,0.9103194103194103,0.5070202808112324,0.487987987987988,0.04744744744744745,0.9525525525525526
6685,YBR223C YDR100W,0.0,NA,0.7001178860664368,325,315,6345,341,0.9104559104559105,0.5078125,0.487987987987988,0.0472972972972973,0.9527027027027027
6686,YGR044C YLR266C,0.0,NA,0.7011610269546509,325,314,6346,341,0.9105924105924106,0.5086071987480438,0.487987987987988,0.04714714714714715,0.9528528528528528
6687,YCR005C YML081C-A,1.0,NA,0.7019566297531128,324,314,6346,342,0.9104559104559105,0.5078369905956113,0.4864864864864865,0.04714714714714715,0.9528528528528528
6688,YHR132W-A YHR126C,0.0,NA,0.7037183046340942,324,313,6347,342,0.9105924105924106,0.5086342229199372,0.4864864864864865,0.046996996996997,0.953003003003003
6689,YPL183W-A YPL262W,1.0,NA,0.7055960297584534,323,313,6347,343,0.9104559104559105,0.5078616352201258,0.484984984984985,0.046996996996997,0.953003003003003
6690,YFR015C YOR198C,0.0,NA,0.7060388326644897,323,312,6348,343,0.9105924105924106,0.5086614173228347,0.484984984984985,0.04684684684684685,0.9531531531531532
6691,YPR001W YLR154W-C,1.0,NA,0.7060720920562744,322,312,6348,344,0.9104559104559105,0.5078864353312302,0.48348348348348347,0.04684684684684685,0.9531531531531532
6692,YGR127W YER058W,0.0,NA,0.7084685564041138,322,311,6349,344,0.9105924105924106,0.5086887835703001,0.48348348348348347,0.046696696696696696,0.9533033033033033
6693,YER071C YNL219C,0.0,NA,0.7088115811347961,322,310,6350,344,0.9107289107289107,0.509493670886076,0.48348348348348347,0.046546546546546545,0.9534534534534534
6694,YMR257C YDR466W,0.0,NA,0.7104215025901794,322,309,6351,344,0.9108654108654108,0.5103011093502378,0.48348348348348347,0.046396396396396394,0.9536036036036036
6695,YER090W YJL148W,0.0,NA,0.7110914587974548,322,308,6352,344,0.911001911001911,0.5111111111111111,0.48348348348348347,0.04624624624624624,0.9537537537537537
6696,YDL246C YGL030W,0.0,NA,0.7113058567047119,322,307,6353,344,0.9111384111384111,0.5119236883942766,0.48348348348348347,0.0460960960960961,0.9539039039039039
6697,YHR091C YMR303C,0.0,NA,0.711398184299469,322,306,6354,344,0.9112749112749112,0.5127388535031847,0.48348348348348347,0.04594594594594595,0.9540540540540541
6698,YIL033C YGR014W,0.0,NA,0.7114000916481018,322,305,6355,344,0.9114114114114115,0.5135566188197768,0.48348348348348347,0.0457957957957958,0.9542042042042042
6699,YJR120W YBR185C,1.0,NA,0.7114439010620117,321,305,6355,345,0.9112749112749112,0.512779552715655,0.481981981981982,0.0457957957957958,0.9542042042042042
6700,YEL038W YDL048C,0.0,NA,0.7127780318260193,321,304,6356,345,0.9114114114114115,0.5136,0.481981981981982,0.04564564564564565,0.9543543543543543
6701,YFL035C YGL091C,0.0,NA,0.7166726589202881,321,303,6357,345,0.9115479115479116,0.5144230769230769,0.481981981981982,0.045495495495495496,0.9545045045045045
6702,YDR508C YJL210W,0.0,NA,0.718514621257782,321,302,6358,345,0.9116844116844117,0.5152487961476726,0.481981981981982,0.045345345345345345,0.9546546546546546
6703,YIL155C YLR392C,0.0,NA,0.720568835735321,321,301,6359,345,0.9118209118209119,0.5160771704180064,0.481981981981982,0.045195195195195194,0.9548048048048048
6704,YDR428C YDR248C,0.0,NA,0.720862090587616,321,300,6360,345,0.911957411957412,0.5169082125603864,0.481981981981982,0.04504504504504504,0.954954954954955
6705,YNL045W YGR284C,0.0,NA,0.7231575846672058,321,299,6361,345,0.9120939120939121,0.5177419354838709,0.481981981981982,0.04489489489489489,0.9551051051051052
6706,YJL172W YKL145W,0.0,NA,0.7244797945022583,321,298,6362,345,0.9122304122304122,0.518578352180937,0.481981981981982,0.04474474474474475,0.9552552552552552
6707,YOR339C YKL207W,0.0,NA,0.7279297709465027,321,297,6363,345,0.9123669123669124,0.5194174757281553,0.481981981981982,0.0445945945945946,0.9554054054054054
6708,YJL046W YDR216W,0.0,NA,0.7283256649971008,321,296,6364,345,0.9125034125034125,0.520259319286872,0.481981981981982,0.044444444444444446,0.9555555555555556
6709,YJR120W YKL141W,1.0,NA,0.7327434420585632,320,296,6364,346,0.9123669123669124,0.5194805194805194,0.4804804804804805,0.044444444444444446,0.9555555555555556
6710,YCR071C YGL040C,1.0,NA,0.7328954935073853,319,296,6364,347,0.9122304122304122,0.5186991869918699,0.47897897897897895,0.044444444444444446,0.9555555555555556
6711,YDL048C YDR353W,0.0,NA,0.7338160872459412,319,295,6365,347,0.9123669123669124,0.5195439739413681,0.47897897897897895,0.044294294294294295,0.9557057057057057
6712,YLR201C YKL085W,1.0,NA,0.7342509627342224,318,295,6365,348,0.9122304122304122,0.5187601957585645,0.4774774774774775,0.044294294294294295,0.9557057057057057
6713,YKR017C YLR142W,0.0,NA,0.7355581521987915,318,294,6366,348,0.9123669123669124,0.5196078431372549,0.4774774774774775,0.044144144144144144,0.9558558558558559
6714,YJR120W YGL068W,1.0,NA,0.7361702919006348,317,294,6366,349,0.9122304122304122,0.5188216039279869,0.47597597597597596,0.044144144144144144,0.9558558558558559
6715,YCR071C YDL120W,1.0,NA,0.7368137240409851,316,294,6366,350,0.9120939120939121,0.5180327868852459,0.4744744744744745,0.044144144144144144,0.9558558558558559
6716,YPL082C YBR119W,0.0,NA,0.737002432346344,316,293,6367,350,0.9122304122304122,0.5188834154351396,0.4744744744744745,0.04399399399399399,0.956006006006006
6717,YIL111W YPL111W,1.0,NA,0.7372802495956421,315,293,6367,351,0.9120939120939121,0.5180921052631579,0.47297297297297297,0.04399399399399399,0.956006006006006
6718,YDL080C YLR142W,0.0,NA,0.7375900149345398,315,292,6368,351,0.9122304122304122,0.5189456342668863,0.47297297297297297,0.04384384384384384,0.9561561561561561
6719,YER071C YMR047C,0.0,NA,0.7400417923927307,315,291,6369,351,0.9123669123669124,0.5198019801980198,0.47297297297297297,0.04369369369369369,0.9563063063063063
6720,YML078W YMR149W,0.0,NA,0.7401944994926453,315,290,6370,351,0.9125034125034125,0.5206611570247934,0.47297297297297297,0.04354354354354354,0.9564564564564565
6721,YNL194C YIL103W,0.0,NA,0.7402028441429138,315,289,6371,351,0.9126399126399126,0.5215231788079471,0.47297297297297297,0.0433933933933934,0.9566066066066066
6722,YMR258C YDR293C,0.0,NA,0.7406148314476013,315,288,6372,351,0.9127764127764127,0.5223880597014925,0.47297297297297297,0.043243243243243246,0.9567567567567568
6723,YLR020C YGR178C,0.0,NA,0.7412557005882263,315,287,6373,351,0.9129129129129129,0.5232558139534884,0.47297297297297297,0.043093093093093095,0.9569069069069069
6724,YHR097C YIR032C,0.0,NA,0.7426123023033142,315,286,6374,351,0.913049413049413,0.5241264559068219,0.47297297297297297,0.042942942942942944,0.957057057057057
6725,YNL213C YDR228C,0.0,NA,0.7427705526351929,315,285,6375,351,0.9131859131859131,0.525,0.47297297297297297,0.04279279279279279,0.9572072072072072
6726,YJL089W YNL081C,0.0,NA,0.7434846758842468,315,284,6376,351,0.9133224133224134,0.5258764607679466,0.47297297297297297,0.04264264264264264,0.9573573573573574
6727,YDR429C YDR462W,0.0,NA,0.7449251413345337,315,283,6377,351,0.9134589134589135,0.5267558528428093,0.47297297297297297,0.04249249249249249,0.9575075075075075
6728,YEL006W YKL194C,0.0,NA,0.7463544607162476,315,282,6378,351,0.9135954135954136,0.5276381909547738,0.47297297297297297,0.04234234234234234,0.9576576576576576
6729,YOR086C YGR055W,0.0,NA,0.7485565543174744,315,281,6379,351,0.9137319137319138,0.5285234899328859,0.47297297297297297,0.04219219219219219,0.9578078078078078
6730,YGR103W YFR015C,0.0,NA,0.7487814426422119,315,280,6380,351,0.9138684138684139,0.5294117647058824,0.47297297297297297,0.042042042042042045,0.9579579579579579
6731,YHR018C YLR363C,0.0,NA,0.7506767511367798,315,279,6381,351,0.914004914004914,0.5303030303030303,0.47297297297297297,0.041891891891891894,0.9581081081081081
6732,YCR060W YOR389W,0.0,NA,0.7508416175842285,315,278,6382,351,0.9141414141414141,0.5311973018549747,0.47297297297297297,0.04174174174174174,0.9582582582582583
6733,YLR028C YOR065W,1.0,NA,0.7531623244285583,314,278,6382,352,0.914004914004914,0.5304054054054054,0.47147147147147145,0.04174174174174174,0.9582582582582583
6734,YNL157W YJR058C,0.0,NA,0.7532039880752563,314,277,6383,352,0.9141414141414141,0.5313028764805414,0.47147147147147145,0.04159159159159159,0.9584084084084085
6735,YKL087C YML058W-A,0.0,NA,0.7533096671104431,314,276,6384,352,0.9142779142779143,0.5322033898305085,0.47147147147147145,0.04144144144144144,0.9585585585585585
6736,YNL157W YDR462W,0.0,NA,0.7553969621658325,314,275,6385,352,0.9144144144144144,0.533106960950764,0.47147147147147145,0.04129129129129129,0.9587087087087087
6737,YLR348C YGR284C,0.0,NA,0.7570532560348511,314,274,6386,352,0.9145509145509145,0.5340136054421769,0.47147147147147145,0.04114114114114114,0.9588588588588589
6738,YJR120W YJL166W,1.0,NA,0.7575246095657349,313,274,6386,353,0.9144144144144144,0.5332197614991482,0.46996996996997,0.04114114114114114,0.9588588588588589
6739,YJR045C YBR044C,0.0,NA,0.7576404809951782,313,273,6387,353,0.9145509145509145,0.5341296928327645,0.46996996996997,0.04099099099099099,0.959009009009009
6740,YDR255C YPR134W,0.0,NA,0.757952094078064,313,272,6388,353,0.9146874146874147,0.535042735042735,0.46996996996997,0.04084084084084084,0.9591591591591592
6741,YKL069W YNL330C,0.0,NA,0.7583461403846741,313,271,6389,353,0.9148239148239148,0.535958904109589,0.46996996996997,0.040690690690690694,0.9593093093093094
6742,YDR026C YDR494W,0.0,NA,0.7586116790771484,313,270,6390,353,0.9149604149604149,0.5368782161234992,0.46996996996997,0.04054054054054054,0.9594594594594594
6743,YHR092C YML081C-A,1.0,NA,0.7600613832473755,312,270,6390,354,0.9148239148239148,0.5360824742268041,0.46846846846846846,0.04054054054054054,0.9594594594594594
6744,YCR005C YPL183W-A,1.0,NA,0.7615257501602173,311,270,6390,355,0.9146874146874147,0.5352839931153184,0.466966966966967,0.04054054054054054,0.9594594594594594
6745,YKL086W YMR184W,0.0,NA,0.7623682022094727,311,269,6391,355,0.9148239148239148,0.5362068965517242,0.466966966966967,0.04039039039039039,0.9596096096096096
6746,YEL053C YPL194W,0.0,NA,0.7635008096694946,311,268,6392,355,0.9149604149604149,0.5371329879101899,0.466966966966967,0.04024024024024024,0.9597597597597598
6747,YGL107C YJL063C,1.0,NA,0.765232264995575,310,268,6392,356,0.9148239148239148,0.5363321799307958,0.46546546546546547,0.04024024024024024,0.9597597597597598
6748,YDR342C YIL172C,0.0,NA,0.7652719020843506,310,267,6393,356,0.9149604149604149,0.537261698440208,0.46546546546546547,0.04009009009009009,0.9599099099099099
6749,YHR038W YOR177C,0.0,NA,0.7660932540893555,310,266,6394,356,0.915096915096915,0.5381944444444444,0.46546546546546547,0.03993993993993994,0.9600600600600601
6750,YDR167W YML096W,0.0,NA,0.7662932872772217,310,265,6395,356,0.9152334152334153,0.5391304347826087,0.46546546546546547,0.03978978978978979,0.9602102102102102
6751,YEL071W YHR029C,0.0,NA,0.7683101892471313,310,264,6396,356,0.9153699153699154,0.5400696864111498,0.46546546546546547,0.03963963963963964,0.9603603603603603
6752,YPL031C YJR160C,0.0,NA,0.7700492739677429,310,263,6397,356,0.9155064155064155,0.5410122164048866,0.46546546546546547,0.039489489489489486,0.9605105105105105
6753,YDR026C YML097C,0.0,NA,0.7700647115707397,310,262,6398,356,0.9156429156429157,0.541958041958042,0.46546546546546547,0.03933933933933934,0.9606606606606607
6754,YDL035C YMR315W,0.0,NA,0.7717974781990051,310,261,6399,356,0.9157794157794158,0.542907180385289,0.46546546546546547,0.03918918918918919,0.9608108108108108
6755,YPR134W YPL113C,0.0,NA,0.7729056477546692,310,260,6400,356,0.9159159159159159,0.543859649122807,0.46546546546546547,0.03903903903903904,0.960960960960961
6756,YHR147C YFR039C,0.0,NA,0.7754358649253845,310,259,6401,356,0.916052416052416,0.5448154657293497,0.46546546546546547,0.03888888888888889,0.9611111111111111
6757,YGR281W YKL159C,0.0,NA,0.7760729193687439,310,258,6402,356,0.9161889161889162,0.545774647887324,0.46546546546546547,0.03873873873873874,0.9612612612612612
6758,YLR028C YOR136W,1.0,NA,0.7790064811706543,309,258,6402,357,0.916052416052416,0.544973544973545,0.46396396396396394,0.03873873873873874,0.9612612612612612
6759,YKL141W YBR085W,1.0,NA,0.7793198823928833,308,258,6402,358,0.9159159159159159,0.5441696113074205,0.4624624624624625,0.03873873873873874,0.9612612612612612
6760,YKR097W YOR148C,0.0,NA,0.780440092086792,308,257,6403,358,0.916052416052416,0.5451327433628319,0.4624624624624625,0.03858858858858859,0.9614114114114114
6761,YFR032C-A YDR194C,0.0,NA,0.7805867195129395,308,256,6404,358,0.9161889161889162,0.5460992907801419,0.4624624624624625,0.03843843843843844,0.9615615615615616
6762,YKL194C YDL128W,0.0,NA,0.7845994234085083,308,255,6405,358,0.9163254163254163,0.5470692717584369,0.4624624624624625,0.038288288288288286,0.9617117117117117
6763,YDL120W YLR154W-C,1.0,NA,0.7846512198448181,307,255,6405,359,0.9161889161889162,0.5462633451957295,0.46096096096096095,0.038288288288288286,0.9617117117117117
6764,YNL213C YJR025C,0.0,NA,0.7854340076446533,307,254,6406,359,0.9163254163254163,0.5472370766488414,0.46096096096096095,0.038138138138138135,0.9618618618618618
6765,YKL146W YML052W,0.0,NA,0.785921573638916,307,253,6407,359,0.9164619164619164,0.5482142857142858,0.46096096096096095,0.03798798798798799,0.962012012012012
6766,YPL111W YLR154W-C,1.0,NA,0.7864114046096802,306,253,6407,360,0.9163254163254163,0.5474060822898033,0.4594594594594595,0.03798798798798799,0.962012012012012
6767,YCR029C-A YPL089C,0.0,NA,0.7864482402801514,306,252,6408,360,0.9164619164619164,0.5483870967741935,0.4594594594594595,0.03783783783783784,0.9621621621621622
6768,YDR093W YMR315W,0.0,NA,0.787131667137146,306,251,6409,360,0.9165984165984166,0.5493716337522442,0.4594594594594595,0.03768768768768769,0.9623123123123123
6769,YPL189W YNL233W,0.0,NA,0.7877033948898315,306,250,6410,360,0.9167349167349167,0.5503597122302158,0.4594594594594595,0.03753753753753754,0.9624624624624625
6770,YKL141W YOR065W,1.0,NA,0.7878879904747009,305,250,6410,361,0.9165984165984166,0.5495495495495496,0.45795795795795796,0.03753753753753754,0.9624624624624625
6771,YGL107C YGL068W,1.0,NA,0.7881469130516052,304,250,6410,362,0.9164619164619164,0.5487364620938628,0.45645645645645644,0.03753753753753754,0.9624624624624625
6772,YGR044C YIL160C,0.0,NA,0.7884335517883301,304,249,6411,362,0.9165984165984166,0.5497287522603979,0.45645645645645644,0.03738738738738739,0.9626126126126127
6773,YJL052W YHL024W,0.0,NA,0.7898035645484924,304,248,6412,362,0.9167349167349167,0.5507246376811594,0.45645645645645644,0.037237237237237236,0.9627627627627627
6774,YBR192W YLR053C,0.0,NA,0.7904360890388489,304,247,6413,362,0.9168714168714168,0.5517241379310345,0.45645645645645644,0.037087087087087085,0.9629129129129129
6775,YML081W YIL129C,0.0,NA,0.7907991409301758,304,246,6414,362,0.9170079170079171,0.5527272727272727,0.45645645645645644,0.036936936936936934,0.9630630630630631
6776,YGR062C YGR142W,0.0,NA,0.7917940020561218,304,245,6415,362,0.9171444171444172,0.5537340619307832,0.45645645645645644,0.03678678678678678,0.9632132132132132
6777,YIL017C YJR099W,0.0,NA,0.7944332361221313,304,244,6416,362,0.9172809172809173,0.5547445255474452,0.45645645645645644,0.03663663663663664,0.9633633633633634
6778,YHR202W YOR152C,0.0,NA,0.7950838208198547,304,243,6417,362,0.9174174174174174,0.5557586837294333,0.45645645645645644,0.03648648648648649,0.9635135135135136
6779,YJL166W YPL215W,1.0,NA,0.7970054745674133,303,243,6417,363,0.9172809172809173,0.554945054945055,0.45495495495495497,0.03648648648648649,0.9635135135135136
6780,YIR023W YGL211W,0.0,NA,0.7977737188339233,303,242,6418,363,0.9174174174174174,0.5559633027522936,0.45495495495495497,0.03633633633633634,0.9636636636636636
6781,YMR244C-A YOR116C,0.0,NA,0.7977765798568726,303,241,6419,363,0.9175539175539176,0.5569852941176471,0.45495495495495497,0.03618618618618619,0.9638138138138138
6782,YML081W YOR337W,0.0,NA,0.7981958985328674,303,240,6420,363,0.9176904176904177,0.5580110497237569,0.45495495495495497,0.036036036036036036,0.963963963963964
6783,YOR130C YLL014W,0.0,NA,0.798382043838501,303,239,6421,363,0.9178269178269178,0.559040590405904,0.45495495495495497,0.035885885885885885,0.9641141141141141
6784,YPL097W YLR204W,0.0,NA,0.7992193698883057,303,238,6422,363,0.917963417963418,0.5600739371534196,0.45495495495495497,0.035735735735735734,0.9642642642642643
6785,YLR205C YMR322C,0.0,NA,0.7996715903282166,303,237,6423,363,0.9180999180999181,0.5611111111111111,0.45495495495495497,0.03558558558558558,0.9644144144144144
6786,YJR120W YDL120W,1.0,NA,0.7999821305274963,302,237,6423,364,0.917963417963418,0.5602968460111317,0.45345345345345345,0.03558558558558558,0.9644144144144144
6787,YOL109W YOR021C,0.0,NA,0.8010844588279724,302,236,6424,364,0.9180999180999181,0.5613382899628253,0.45345345345345345,0.03543543543543543,0.9645645645645645
6788,YPR106W YPL092W,0.0,NA,0.8036130666732788,302,235,6425,364,0.9182364182364182,0.5623836126629422,0.45345345345345345,0.03528528528528529,0.9647147147147147
6789,YDR273W YIR028W,0.0,NA,0.804280161857605,302,234,6426,364,0.9183729183729183,0.5634328358208955,0.45345345345345345,0.03513513513513514,0.9648648648648649
6790,YDR088C YNL059C,0.0,NA,0.8060770034790039,302,233,6427,364,0.9185094185094185,0.5644859813084112,0.45345345345345345,0.034984984984984986,0.965015015015015
6791,YDR218C YMR098C,0.0,NA,0.8067799210548401,302,232,6428,364,0.9186459186459186,0.5655430711610487,0.45345345345345345,0.034834834834834835,0.9651651651651652
6792,YLR204W YNL157W,0.0,NA,0.8084174990653992,302,231,6429,364,0.9187824187824187,0.5666041275797373,0.45345345345345345,0.034684684684684684,0.9653153153153153
6793,YKL141W YHL004W,1.0,NA,0.8089028596878052,301,231,6429,365,0.9186459186459186,0.5657894736842105,0.4519519519519519,0.034684684684684684,0.9653153153153153
6794,YGR132C YLR104W,0.0,NA,0.8089261054992676,301,230,6430,365,0.9187824187824187,0.5668549905838042,0.4519519519519519,0.03453453453453453,0.9654654654654654
6795,YMR176W YPL194W,0.0,NA,0.8091248273849487,301,229,6431,365,0.918918918918919,0.5679245283018868,0.4519519519519519,0.03438438438438438,0.9656156156156156
6796,YBR089C-A YGR294W,0.0,NA,0.8105790615081787,301,228,6432,365,0.9190554190554191,0.5689981096408318,0.4519519519519519,0.03423423423423423,0.9657657657657658
6797,YLR201C YPR100W,1.0,NA,0.8117457032203674,300,228,6432,366,0.918918918918919,0.5681818181818182,0.45045045045045046,0.03423423423423423,0.9657657657657658
6798,YLR436C YMR012W,0.0,NA,0.8131688833236694,300,227,6433,366,0.9190554190554191,0.5692599620493358,0.45045045045045046,0.03408408408408409,0.965915915915916
6799,YLR126C YJL223C,0.0,NA,0.8133271336555481,300,226,6434,366,0.9191919191919192,0.5703422053231939,0.45045045045045046,0.03393393393393394,0.966066066066066
6800,YGR159C YNL081C,0.0,NA,0.8141728043556213,300,225,6435,366,0.9193284193284194,0.5714285714285714,0.45045045045045046,0.033783783783783786,0.9662162162162162
6801,YOR373W YOR367W,0.0,NA,0.8150052428245544,300,224,6436,366,0.9194649194649195,0.5725190839694656,0.45045045045045046,0.033633633633633635,0.9663663663663664
6802,YOL086W-A YBL008W,0.0,NA,0.8152763247489929,300,223,6437,366,0.9196014196014196,0.5736137667304015,0.45045045045045046,0.033483483483483484,0.9665165165165165
6803,YPR193C YBL064C,0.0,NA,0.8180437684059143,300,222,6438,366,0.9197379197379197,0.5747126436781609,0.45045045045045046,0.03333333333333333,0.9666666666666667
6804,YPR001W YOR136W,1.0,NA,0.8194011449813843,299,222,6438,367,0.9196014196014196,0.5738963531669866,0.44894894894894893,0.03333333333333333,0.9666666666666667
6805,YPL096C-A YLR104W,0.0,NA,0.820509672164917,299,221,6439,367,0.9197379197379197,0.575,0.44894894894894893,0.03318318318318318,0.9668168168168169
6806,YMR061W YNL217W,0.0,NA,0.821958601474762,299,220,6440,367,0.9198744198744199,0.5761078998073218,0.44894894894894893,0.03303303303303303,0.9669669669669669
6807,YOR020C YCR087C-A,0.0,NA,0.8224194049835205,299,219,6441,367,0.92001092001092,0.5772200772200772,0.44894894894894893,0.03288288288288288,0.9671171171171171
6808,YLR201C YPR001W,1.0,NA,0.8235327005386353,298,219,6441,368,0.9198744198744199,0.5764023210831721,0.44744744744744747,0.03288288288288288,0.9671171171171171
6809,YIL155C YLR189C,0.0,NA,0.8236297369003296,298,218,6442,368,0.92001092001092,0.5775193798449613,0.44744744744744747,0.032732732732732736,0.9672672672672673
6810,YOR288C YPL066W,0.0,NA,0.8247354626655579,298,217,6443,368,0.9201474201474201,0.5786407766990291,0.44744744744744747,0.032582582582582585,0.9674174174174174
6811,YCR084C YLR104W,0.0,NA,0.8265255689620972,298,216,6444,368,0.9202839202839203,0.5797665369649806,0.44744744744744747,0.032432432432432434,0.9675675675675676
6812,YOR346W YOR224C,0.0,NA,0.8294162154197693,298,215,6445,368,0.9204204204204204,0.580896686159844,0.44744744744744747,0.03228228228228228,0.9677177177177178
6813,YDR406W YNL081C,0.0,NA,0.8305605053901672,298,214,6446,368,0.9205569205569205,0.58203125,0.44744744744744747,0.03213213213213213,0.9678678678678678
6814,YHR002W YAR027W,0.0,NA,0.8334566950798035,298,213,6447,368,0.9206934206934206,0.5831702544031311,0.44744744744744747,0.03198198198198198,0.968018018018018
6815,YHR096C YBR137W,0.0,NA,0.8335846066474915,298,212,6448,368,0.9208299208299209,0.5843137254901961,0.44744744744744747,0.03183183183183183,0.9681681681681682
6816,YHR018C YOL108C,0.0,NA,0.8336098194122314,298,211,6449,368,0.920966420966421,0.5854616895874263,0.44744744744744747,0.03168168168168168,0.9683183183183183
6817,YMR148W YHR179W,0.0,NA,0.8339321613311768,298,210,6450,368,0.9211029211029211,0.5866141732283464,0.44744744744744747,0.03153153153153153,0.9684684684684685
6818,YLR201C YHL004W,1.0,NA,0.8347850441932678,297,210,6450,369,0.920966420966421,0.5857988165680473,0.44594594594594594,0.03153153153153153,0.9684684684684685
6819,YKL148C YGL040C,1.0,NA,0.8348525166511536,296,210,6450,370,0.9208299208299209,0.5849802371541502,0.4444444444444444,0.03153153153153153,0.9684684684684685
6820,YIL129C YOL096C,0.0,NA,0.8355922698974609,296,209,6451,370,0.920966420966421,0.5861386138613861,0.4444444444444444,0.031381381381381385,0.9686186186186186
6821,YGL107C YJR120W,1.0,NA,0.8360272645950317,295,209,6451,371,0.9208299208299209,0.5853174603174603,0.44294294294294295,0.031381381381381385,0.9686186186186186
6822,YOL108C YDR069C,0.0,NA,0.8378416299819946,295,208,6452,371,0.920966420966421,0.5864811133200796,0.44294294294294295,0.03123123123123123,0.9687687687687687
6823,YFL017C YDL058W,0.0,NA,0.8387786746025085,295,207,6453,371,0.9211029211029211,0.5876494023904383,0.44294294294294295,0.031081081081081083,0.9689189189189189
6824,YGR194C YPL066W,0.0,NA,0.8405095338821411,295,206,6454,371,0.9212394212394213,0.5888223552894212,0.44294294294294295,0.030930930930930932,0.9690690690690691
6825,YMR247C YOR229W,0.0,NA,0.8408709764480591,295,205,6455,371,0.9213759213759214,0.59,0.44294294294294295,0.03078078078078078,0.9692192192192193
6826,YOR021C YMR229C,0.0,NA,0.8433505296707153,295,204,6456,371,0.9215124215124215,0.591182364729459,0.44294294294294295,0.03063063063063063,0.9693693693693693
6827,YMR180C YLL007C,0.0,NA,0.8448395729064941,295,203,6457,371,0.9216489216489216,0.5923694779116466,0.44294294294294295,0.03048048048048048,0.9695195195195195
6828,YLR054C YDR201W,0.0,NA,0.844869077205658,295,202,6458,371,0.9217854217854218,0.5935613682092555,0.44294294294294295,0.03033033033033033,0.9696696696696697
6829,YMR148W YDL001W,0.0,NA,0.845243513584137,295,201,6459,371,0.9219219219219219,0.594758064516129,0.44294294294294295,0.03018018018018018,0.9698198198198198
6830,YOL032W YIL097W,0.0,NA,0.8454548120498657,295,200,6460,371,0.922058422058422,0.5959595959595959,0.44294294294294295,0.03003003003003003,0.96996996996997
6831,YBR229C YLR027C,0.0,NA,0.8458084464073181,295,199,6461,371,0.9221949221949222,0.597165991902834,0.44294294294294295,0.02987987987987988,0.9701201201201202
6832,YDL176W YDR351W,0.0,NA,0.849177896976471,295,198,6462,371,0.9223314223314223,0.5983772819472617,0.44294294294294295,0.02972972972972973,0.9702702702702702
6833,YDL113C YOL032W,0.0,NA,0.8493558764457703,295,197,6463,371,0.9224679224679224,0.5995934959349594,0.44294294294294295,0.02957957957957958,0.9704204204204204
6834,YDL022W YKL171W,0.0,NA,0.8510966897010803,295,196,6464,371,0.9226044226044227,0.6008146639511202,0.44294294294294295,0.02942942942942943,0.9705705705705706
6835,YBR222C YOR273C,0.0,NA,0.8520171642303467,295,195,6465,371,0.9227409227409228,0.6020408163265306,0.44294294294294295,0.02927927927927928,0.9707207207207207
6836,YNR039C YER136W,0.0,NA,0.8529767990112305,295,194,6466,371,0.9228774228774229,0.6032719836400818,0.44294294294294295,0.029129129129129128,0.9708708708708709
6837,YNL151C YLR042C,0.0,NA,0.8550049066543579,295,193,6467,371,0.923013923013923,0.6045081967213115,0.44294294294294295,0.02897897897897898,0.9710210210210211
6838,YAL046C YPL110C,0.0,NA,0.8566769361495972,295,192,6468,371,0.9231504231504232,0.6057494866529775,0.44294294294294295,0.02882882882882883,0.9711711711711711
6839,YBR137W YIR037W,0.0,NA,0.856970489025116,295,191,6469,371,0.9232869232869233,0.6069958847736625,0.44294294294294295,0.02867867867867868,0.9713213213213213
6840,YDL045W-A YPL156C,0.0,NA,0.8577573895454407,295,190,6470,371,0.9234234234234234,0.6082474226804123,0.44294294294294295,0.028528528528528527,0.9714714714714715
6841,YJL164C YMR086W,0.0,NA,0.8600358963012695,295,189,6471,371,0.9235599235599236,0.609504132231405,0.44294294294294295,0.02837837837837838,0.9716216216216216
6842,YJL165C YGR142W,0.0,NA,0.8623890280723572,295,188,6472,371,0.9236964236964237,0.6107660455486542,0.44294294294294295,0.02822822822822823,0.9717717717717718
6843,YOR197W YLL014W,0.0,NA,0.8630214333534241,295,187,6473,371,0.9238329238329238,0.6120331950207469,0.44294294294294295,0.028078078078078078,0.971921921921922
6844,YJR120W YGL040C,1.0,NA,0.8631093502044678,294,187,6473,372,0.9236964236964237,0.6112266112266113,0.44144144144144143,0.028078078078078078,0.971921921921922
6845,YDR069C YER083C,0.0,NA,0.8639106750488281,294,186,6474,372,0.9238329238329238,0.6125,0.44144144144144143,0.027927927927927927,0.972072072072072
6846,YDR100W YMR012W,0.0,NA,0.8639330863952637,294,185,6475,372,0.9239694239694239,0.6137787056367432,0.44144144144144143,0.027777777777777776,0.9722222222222222
6847,YHR038W YIL160C,0.0,NA,0.8641415238380432,294,184,6476,372,0.9241059241059241,0.6150627615062761,0.44144144144144143,0.02762762762762763,0.9723723723723724
6848,YLR201C YJL166W,1.0,NA,0.8644071221351624,293,184,6476,373,0.9239694239694239,0.6142557651991615,0.43993993993993996,0.02762762762762763,0.9723723723723724
6849,YKL141W YLR154W-C,1.0,NA,0.864446222782135,292,184,6476,374,0.9238329238329238,0.6134453781512605,0.43843843843843844,0.02762762762762763,0.9723723723723724
6850,YJL148W YCR008W,0.0,NA,0.8660910725593567,292,183,6477,374,0.9239694239694239,0.6147368421052631,0.43843843843843844,0.027477477477477478,0.9725225225225225
6851,YLR348C YMR322C,0.0,NA,0.8670223951339722,292,182,6478,374,0.9241059241059241,0.6160337552742616,0.43843843843843844,0.027327327327327327,0.9726726726726727
6852,YGL056C YDL154W,0.0,NA,0.8671859502792358,292,181,6479,374,0.9242424242424242,0.6173361522198731,0.43843843843843844,0.027177177177177176,0.9728228228228228
6853,YGR194C YLR394W,0.0,NA,0.867928147315979,292,180,6480,374,0.9243789243789243,0.6186440677966102,0.43843843843843844,0.02702702702702703,0.972972972972973
6854,YDR237W YLR093C,0.0,NA,0.869339108467102,292,179,6481,374,0.9245154245154246,0.6199575371549894,0.43843843843843844,0.026876876876876878,0.9731231231231231
6855,YNL045W YHR194W,0.0,NA,0.8715695142745972,292,178,6482,374,0.9246519246519247,0.6212765957446809,0.43843843843843844,0.026726726726726727,0.9732732732732733
6856,YGL203C YPL224C,0.0,NA,0.8716481924057007,292,177,6483,374,0.9247884247884248,0.6226012793176973,0.43843843843843844,0.026576576576576576,0.9734234234234235
6857,YDR406W YDR237W,0.0,NA,0.8721696734428406,292,176,6484,374,0.924924924924925,0.6239316239316239,0.43843843843843844,0.026426426426426425,0.9735735735735735
6858,YDR539W YIL134W,0.0,NA,0.8723244667053223,292,175,6485,374,0.9250614250614251,0.6252676659528907,0.43843843843843844,0.026276276276276277,0.9737237237237237
6859,YLR104W YFL027C,0.0,NA,0.8733490705490112,292,174,6486,374,0.9251979251979252,0.6266094420600858,0.43843843843843844,0.026126126126126126,0.9738738738738739
6860,YMR311C YGL080W,0.0,NA,0.8739792704582214,292,173,6487,374,0.9253344253344253,0.6279569892473118,0.43843843843843844,0.025975975975975975,0.974024024024024
6861,YHL004W YGL068W,1.0,NA,0.8742663860321045,291,173,6487,375,0.9251979251979252,0.6271551724137931,0.4369369369369369,0.025975975975975975,0.974024024024024
6862,YLR042C YPL075W,0.0,NA,0.8764160871505737,291,172,6488,375,0.9253344253344253,0.6285097192224622,0.4369369369369369,0.025825825825825825,0.9741741741741742
6863,YML104C YBR204C,0.0,NA,0.8770957589149475,291,171,6489,375,0.9254709254709255,0.6298701298701299,0.4369369369369369,0.025675675675675677,0.9743243243243244
6864,YLR348C YKL039W,0.0,NA,0.8773766756057739,291,170,6490,375,0.9256074256074256,0.631236442516269,0.4369369369369369,0.025525525525525526,0.9744744744744744
6865,YKL141W YPL215W,1.0,NA,0.878481388092041,290,170,6490,376,0.9254709254709255,0.6304347826086957,0.43543543543543545,0.025525525525525526,0.9744744744744744
6866,YDL220C YLR007W,0.0,NA,0.8784964680671692,290,169,6491,376,0.9256074256074256,0.6318082788671024,0.43543543543543545,0.025375375375375375,0.9746246246246246
6867,YDR129C YHR194W,0.0,NA,0.8808341026306152,290,168,6492,376,0.9257439257439257,0.6331877729257642,0.43543543543543545,0.025225225225225224,0.9747747747747748
6868,YKR051W YGL250W,0.0,NA,0.882003664970398,290,167,6493,376,0.9258804258804259,0.6345733041575492,0.43543543543543545,0.025075075075075073,0.9749249249249249
6869,YAL034C YIL077C,0.0,NA,0.8823298215866089,290,166,6494,376,0.926016926016926,0.6359649122807017,0.43543543543543545,0.024924924924924926,0.9750750750750751
6870,YIL135C YJR082C,0.0,NA,0.8823714256286621,290,165,6495,376,0.9261534261534261,0.6373626373626373,0.43543543543543545,0.024774774774774775,0.9752252252252253
6871,YLR139C YGL107C,1.0,NA,0.8838802576065063,289,165,6495,377,0.926016926016926,0.6365638766519823,0.4339339339339339,0.024774774774774775,0.9752252252252253
6872,YLR201C YHR092C,1.0,NA,0.8839038610458374,288,165,6495,378,0.9258804258804259,0.6357615894039735,0.43243243243243246,0.024774774774774775,0.9752252252252253
6873,YGL080W YIL062C,0.0,NA,0.8848632574081421,288,164,6496,378,0.926016926016926,0.6371681415929203,0.43243243243243246,0.024624624624624624,0.9753753753753753
6874,YDR395W YPL096C-A,0.0,NA,0.8852240443229675,288,163,6497,378,0.9261534261534261,0.6385809312638581,0.43243243243243246,0.024474474474474473,0.9755255255255255
6875,YOR130C YOR373W,0.0,NA,0.8852994441986084,288,162,6498,378,0.9262899262899262,0.64,0.43243243243243246,0.024324324324324326,0.9756756756756757
6876,YBR137W YER024W,0.0,NA,0.8859418630599976,288,161,6499,378,0.9264264264264265,0.6414253897550112,0.43243243243243246,0.024174174174174175,0.9758258258258258
6877,YDL085W YOR173W,0.0,NA,0.8897379040718079,288,160,6500,378,0.9265629265629266,0.6428571428571429,0.43243243243243246,0.024024024024024024,0.975975975975976
6878,YER037W YDL128W,0.0,NA,0.8909796476364136,288,159,6501,378,0.9266994266994267,0.6442953020134228,0.43243243243243246,0.023873873873873873,0.9761261261261261
6879,YPL183W-A YIL111W,1.0,NA,0.8912606239318848,287,159,6501,379,0.9265629265629266,0.6434977578475336,0.43093093093093093,0.023873873873873873,0.9761261261261261
6880,YPL215W YGL040C,1.0,NA,0.8933109641075134,286,159,6501,380,0.9264264264264265,0.6426966292134831,0.4294294294294294,0.023873873873873873,0.9761261261261261
6881,YPR192W YNR047W,0.0,NA,0.896099328994751,286,158,6502,380,0.9265629265629266,0.6441441441441441,0.4294294294294294,0.023723723723723725,0.9762762762762762
6882,YKL047W YPR157W,0.0,NA,0.8987487554550171,286,157,6503,380,0.9266994266994267,0.6455981941309256,0.4294294294294294,0.023573573573573574,0.9764264264264264
6883,YCR071C YKL141W,1.0,NA,0.8988059163093567,285,157,6503,381,0.9265629265629266,0.6447963800904978,0.42792792792792794,0.023573573573573574,0.9764264264264264
6884,YNL217W YDR466W,0.0,NA,0.8999472260475159,285,156,6504,381,0.9266994266994267,0.6462585034013606,0.42792792792792794,0.023423423423423424,0.9765765765765766
6885,YDR026C YNL020C,0.0,NA,0.9004578590393066,285,155,6505,381,0.9268359268359269,0.6477272727272727,0.42792792792792794,0.023273273273273273,0.9767267267267268
6886,YMR086W YCR059C,0.0,NA,0.9005354046821594,285,154,6506,381,0.926972426972427,0.6492027334851936,0.42792792792792794,0.02312312312312312,0.9768768768768769
6887,YOL086W-A YBL054W,0.0,NA,0.9012157320976257,285,153,6507,381,0.9271089271089271,0.6506849315068494,0.42792792792792794,0.022972972972972974,0.977027027027027
6888,YNL217W YNL189W,0.0,NA,0.9017908573150635,285,152,6508,381,0.9272454272454272,0.6521739130434783,0.42792792792792794,0.022822822822822823,0.9771771771771772
6889,YPL259C YPL018W,0.0,NA,0.901993989944458,285,151,6509,381,0.9273819273819274,0.6536697247706422,0.42792792792792794,0.022672672672672672,0.9773273273273273
6890,YGL126W YNL045W,0.0,NA,0.9022994041442871,285,150,6510,381,0.9275184275184275,0.6551724137931034,0.42792792792792794,0.02252252252252252,0.9774774774774775
6891,YPR193C YNL313C,0.0,NA,0.9026550650596619,285,149,6511,381,0.9276549276549276,0.6566820276497696,0.42792792792792794,0.022372372372372374,0.9776276276276277
6892,YPL183W-A YPL215W,1.0,NA,0.9030400514602661,284,149,6511,382,0.9275184275184275,0.6558891454965358,0.4264264264264264,0.022372372372372374,0.9776276276276277
6893,YMR180C YMR086W,0.0,NA,0.9033957719802856,284,148,6512,382,0.9276549276549276,0.6574074074074074,0.4264264264264264,0.022222222222222223,0.9777777777777777
6894,YDR440W YNL059C,0.0,NA,0.9039744138717651,284,147,6513,382,0.9277914277914278,0.6589327146171694,0.4264264264264264,0.022072072072072072,0.9779279279279279
6895,YLL015W YHR005C-A,0.0,NA,0.9041605591773987,284,146,6514,382,0.9279279279279279,0.6604651162790698,0.4264264264264264,0.02192192192192192,0.9780780780780781
6896,YOR215C YKL194C,0.0,NA,0.9044296145439148,284,145,6515,382,0.928064428064428,0.662004662004662,0.4264264264264264,0.02177177177177177,0.9782282282282282
6897,YMR101C YLR173W,0.0,NA,0.905309796333313,284,144,6516,382,0.9282009282009283,0.6635514018691588,0.4264264264264264,0.021621621621621623,0.9783783783783784
6898,YGL107C YHL004W,1.0,NA,0.9062614440917969,283,144,6516,383,0.928064428064428,0.6627634660421545,0.42492492492492495,0.021621621621621623,0.9783783783783784
6899,YOR087W YJR117W,0.0,NA,0.9066303372383118,283,143,6517,383,0.9282009282009283,0.6643192488262911,0.42492492492492495,0.021471471471471472,0.9785285285285286
6900,YDR494W YGL062W,0.0,NA,0.9067395925521851,283,142,6518,383,0.9283374283374284,0.6658823529411765,0.42492492492492495,0.02132132132132132,0.9786786786786786
6901,YLR414C YOR009W,0.0,NA,0.9097638726234436,283,141,6519,383,0.9284739284739285,0.6674528301886793,0.42492492492492495,0.02117117117117117,0.9788288288288288
6902,YIL009W YJL056C,0.0,NA,0.9100112915039062,283,140,6520,383,0.9286104286104286,0.6690307328605201,0.42492492492492495,0.021021021021021023,0.978978978978979
6903,YJL090C YDR293C,0.0,NA,0.9103728532791138,283,139,6521,383,0.9287469287469288,0.6706161137440758,0.42492492492492495,0.02087087087087087,0.9791291291291291
6904,YGL079W YMR101C,0.0,NA,0.9105914831161499,283,138,6522,383,0.9288834288834289,0.672209026128266,0.42492492492492495,0.02072072072072072,0.9792792792792793
6905,YDR273W YPR002W,0.0,NA,0.9108514785766602,283,137,6523,383,0.929019929019929,0.6738095238095239,0.42492492492492495,0.02057057057057057,0.9794294294294295
6906,YKL148C YOR065W,1.0,NA,0.9109498262405396,282,137,6523,384,0.9288834288834289,0.6730310262529833,0.42342342342342343,0.02057057057057057,0.9794294294294295
6907,YPR185W YKL156W,0.0,NA,0.9111648201942444,282,136,6524,384,0.929019929019929,0.6746411483253588,0.42342342342342343,0.02042042042042042,0.9795795795795795
6908,YJR075W YPL066W,0.0,NA,0.9120874404907227,282,135,6525,384,0.9291564291564292,0.6762589928057554,0.42342342342342343,0.02027027027027027,0.9797297297297297
6909,YDR026C YDR447C,0.0,NA,0.91250079870224,282,134,6526,384,0.9292929292929293,0.6778846153846154,0.42342342342342343,0.02012012012012012,0.9798798798798799
6910,YGR294W YPL271W,0.0,NA,0.9132798910140991,282,133,6527,384,0.9294294294294294,0.6795180722891566,0.42342342342342343,0.01996996996996997,0.98003003003003
6911,YJL019W YML012W,0.0,NA,0.9143142104148865,282,132,6528,384,0.9295659295659295,0.6811594202898551,0.42342342342342343,0.01981981981981982,0.9801801801801802
6912,YPL164C YGL092W,0.0,NA,0.9167120456695557,282,131,6529,384,0.9297024297024297,0.6828087167070218,0.42342342342342343,0.01966966966966967,0.9803303303303303
6913,YJR120W YPR001W,1.0,NA,0.9189637303352356,281,131,6529,385,0.9295659295659295,0.6820388349514563,0.4219219219219219,0.01966966966966967,0.9803303303303303
6914,YGL107C YJL166W,1.0,NA,0.9195222854614258,280,131,6529,386,0.9294294294294294,0.681265206812652,0.42042042042042044,0.01966966966966967,0.9803303303303303
6915,YPR001W YNL177C,1.0,NA,0.9208148121833801,279,131,6529,387,0.9292929292929293,0.6804878048780488,0.4189189189189189,0.01966966966966967,0.9803303303303303
6916,YDL045W-A YGR243W,0.0,NA,0.920840859413147,279,130,6530,387,0.9294294294294294,0.6821515892420538,0.4189189189189189,0.01951951951951952,0.9804804804804805
6917,YDR461W YHR080C,0.0,NA,0.9214510321617126,279,129,6531,387,0.9295659295659295,0.6838235294117647,0.4189189189189189,0.01936936936936937,0.9806306306306306
6918,YIL155C YMR053C,0.0,NA,0.9226453900337219,279,128,6532,387,0.9297024297024297,0.6855036855036855,0.4189189189189189,0.01921921921921922,0.9807807807807808
6919,YDR405W YDR324C,0.0,NA,0.9234123826026917,279,127,6533,387,0.9298389298389298,0.687192118226601,0.4189189189189189,0.019069069069069067,0.980930930930931
6920,YKL073W YNL297C,0.0,NA,0.9249776005744934,279,126,6534,387,0.9299754299754299,0.6888888888888889,0.4189189189189189,0.01891891891891892,0.981081081081081
6921,YLR096W YHL007C,0.0,NA,0.9252211451530457,279,125,6535,387,0.9301119301119302,0.6905940594059405,0.4189189189189189,0.01876876876876877,0.9812312312312312
6922,YGL121C YHR109W,0.0,NA,0.926473081111908,279,124,6536,387,0.9302484302484303,0.6923076923076923,0.4189189189189189,0.018618618618618618,0.9813813813813814
6923,YDR324C YHL022C,0.0,NA,0.9270434975624084,279,123,6537,387,0.9303849303849304,0.6940298507462687,0.4189189189189189,0.018468468468468467,0.9815315315315315
6924,YLR363C YKR004C,0.0,NA,0.9271690249443054,279,122,6538,387,0.9305214305214305,0.6957605985037406,0.4189189189189189,0.01831831831831832,0.9816816816816817
6925,YPR001W YPL215W,1.0,NA,0.9276965856552124,278,122,6538,388,0.9303849303849304,0.695,0.4174174174174174,0.01831831831831832,0.9816816816816817
6926,YNL116W YGR032W,0.0,NA,0.9282109141349792,278,121,6539,388,0.9305214305214305,0.6967418546365914,0.4174174174174174,0.01816816816816817,0.9818318318318319
6927,YNL320W YDR069C,0.0,NA,0.9291526079177856,278,120,6540,388,0.9306579306579307,0.6984924623115578,0.4174174174174174,0.018018018018018018,0.9819819819819819
6928,YIL111W YBR085W,1.0,NA,0.9298288226127625,277,120,6540,389,0.9305214305214305,0.6977329974811083,0.4159159159159159,0.018018018018018018,0.9819819819819819
6929,YHR202W YKL218C,0.0,NA,0.9300506114959717,277,119,6541,389,0.9306579306579307,0.6994949494949495,0.4159159159159159,0.017867867867867867,0.9821321321321321
6930,YNL194C YBR280C,0.0,NA,0.9306784868240356,277,118,6542,389,0.9307944307944308,0.7012658227848101,0.4159159159159159,0.017717717717717716,0.9822822822822823
6931,YGL053W YGR028W,0.0,NA,0.9308074712753296,277,117,6543,389,0.9309309309309309,0.7030456852791879,0.4159159159159159,0.01756756756756757,0.9824324324324324
6932,YPR128C YOR158W,0.0,NA,0.9325703978538513,277,116,6544,389,0.9310674310674311,0.7048346055979644,0.4159159159159159,0.017417417417417418,0.9825825825825826
6933,YDL120W YGL191W,1.0,NA,0.9331933259963989,276,116,6544,390,0.9309309309309309,0.7040816326530612,0.4144144144144144,0.017417417417417418,0.9825825825825826
6934,YBR089C-A YJR061W,0.0,NA,0.9355359077453613,276,115,6545,390,0.9310674310674311,0.7058823529411765,0.4144144144144144,0.017267267267267267,0.9827327327327328
6935,YPL215W YOR136W,1.0,NA,0.9361938834190369,275,115,6545,391,0.9309309309309309,0.7051282051282052,0.41291291291291293,0.017267267267267267,0.9827327327327328
6936,YML025C YGL040C,1.0,NA,0.9363815784454346,274,115,6545,392,0.9307944307944308,0.7043701799485861,0.4114114114114114,0.017267267267267267,0.9827327327327328
6937,YJL132W YDR380W,0.0,NA,0.9388901591300964,274,114,6546,392,0.9309309309309309,0.7061855670103093,0.4114114114114114,0.017117117117117116,0.9828828828828828
6938,YPL262W YHL004W,1.0,NA,0.9391690492630005,273,114,6546,393,0.9307944307944308,0.7054263565891473,0.4099099099099099,0.017117117117117116,0.9828828828828828
6939,YDL120W YOR136W,1.0,NA,0.9401089549064636,272,114,6546,394,0.9306579306579307,0.7046632124352331,0.4084084084084084,0.017117117117117116,0.9828828828828828
6940,YIL062C YHR059W,0.0,NA,0.9401634335517883,272,113,6547,394,0.9307944307944308,0.7064935064935065,0.4084084084084084,0.01696696696696697,0.983033033033033
6941,YKL165C YOR215C,0.0,NA,0.9402487874031067,272,112,6548,394,0.9309309309309309,0.7083333333333334,0.4084084084084084,0.016816816816816817,0.9831831831831832
6942,YJL063C YPL215W,1.0,NA,0.9407845735549927,271,112,6548,395,0.9307944307944308,0.7075718015665796,0.4069069069069069,0.016816816816816817,0.9831831831831832
6943,YKL148C YHR092C,1.0,NA,0.9420005083084106,270,112,6548,396,0.9306579306579307,0.7068062827225131,0.40540540540540543,0.016816816816816817,0.9831831831831832
6944,YLR204W YPL154C,0.0,NA,0.9425736665725708,270,111,6549,396,0.9307944307944308,0.7086614173228346,0.40540540540540543,0.016666666666666666,0.9833333333333333
6945,YKL148C YPL215W,1.0,NA,0.9431963562965393,269,111,6549,397,0.9306579306579307,0.7078947368421052,0.4039039039039039,0.016666666666666666,0.9833333333333333
6946,YPL152W YOR158W,0.0,NA,0.9433881044387817,269,110,6550,397,0.9307944307944308,0.7097625329815304,0.4039039039039039,0.016516516516516516,0.9834834834834835
6947,YCR071C YNL185C,1.0,NA,0.9435837864875793,268,110,6550,398,0.9306579306579307,0.708994708994709,0.4024024024024024,0.016516516516516516,0.9834834834834835
6948,YJL166W YPR001W,1.0,NA,0.9443047046661377,267,110,6550,399,0.9305214305214305,0.7082228116710876,0.4009009009009009,0.016516516516516516,0.9834834834834835
6949,YGR062C YGL004C,0.0,NA,0.9446222186088562,267,109,6551,399,0.9306579306579307,0.7101063829787234,0.4009009009009009,0.016366366366366368,0.9836336336336337
6950,YMR188C YGL040C,1.0,NA,0.9449333548545837,266,109,6551,400,0.9305214305214305,0.7093333333333334,0.3993993993993994,0.016366366366366368,0.9836336336336337
6951,YMR188C YKL085W,1.0,NA,0.9452517032623291,265,109,6551,401,0.9303849303849304,0.7085561497326203,0.3978978978978979,0.016366366366366368,0.9836336336336337
6952,YMR188C YHL004W,1.0,NA,0.9456946849822998,264,109,6551,402,0.9302484302484303,0.707774798927614,0.3963963963963964,0.016366366366366368,0.9836336336336337
6953,YLL015W YJL089W,0.0,NA,0.9458561539649963,264,108,6552,402,0.9303849303849304,0.7096774193548387,0.3963963963963964,0.016216216216216217,0.9837837837837838
6954,YIL105C YML009C,0.0,NA,0.9458730816841125,264,107,6553,402,0.9305214305214305,0.7115902964959568,0.3963963963963964,0.016066066066066066,0.9839339339339339
6955,YHL004W YBR085W,1.0,NA,0.9464570879936218,263,107,6553,403,0.9303849303849304,0.7108108108108108,0.3948948948948949,0.016066066066066066,0.9839339339339339
6956,YIR031C YBR085W,1.0,NA,0.9464801549911499,262,107,6553,404,0.9302484302484303,0.7100271002710027,0.3933933933933934,0.016066066066066066,0.9839339339339339
6957,YDL089W YHR103W,0.0,NA,0.9466182589530945,262,106,6554,404,0.9303849303849304,0.7119565217391305,0.3933933933933934,0.015915915915915915,0.9840840840840841
6958,YGL107C YPL262W,1.0,NA,0.9473347067832947,261,106,6554,405,0.9302484302484303,0.7111716621253406,0.3918918918918919,0.015915915915915915,0.9840840840840841
6959,YPL215W YGL191W,1.0,NA,0.9478639960289001,260,106,6554,406,0.9301119301119302,0.7103825136612022,0.39039039039039036,0.015915915915915915,0.9840840840840841
6960,YLR201C YCR071C,1.0,NA,0.9487369656562805,259,106,6554,407,0.9299754299754299,0.7095890410958904,0.3888888888888889,0.015915915915915915,0.9840840840840841
6961,YEL038W YIR032C,0.0,NA,0.9492414593696594,259,105,6555,407,0.9301119301119302,0.7115384615384616,0.3888888888888889,0.015765765765765764,0.9842342342342343
6962,YLL015W YNL070W,0.0,NA,0.949771523475647,259,104,6556,407,0.9302484302484303,0.7134986225895317,0.3888888888888889,0.015615615615615615,0.9843843843843844
6963,YOR179C YER012W,0.0,NA,0.9501638412475586,259,103,6557,407,0.9303849303849304,0.7154696132596685,0.3888888888888889,0.015465465465465466,0.9845345345345345
6964,YGL121C YIL083C,0.0,NA,0.9510931968688965,259,102,6558,407,0.9305214305214305,0.7174515235457064,0.3888888888888889,0.015315315315315315,0.9846846846846847
6965,YGL097W YKL155C,0.0,NA,0.9518102407455444,259,101,6559,407,0.9306579306579307,0.7194444444444444,0.3888888888888889,0.015165165165165166,0.9848348348348348
6966,YML081C-A YGL040C,1.0,NA,0.9526587724685669,258,101,6559,408,0.9305214305214305,0.7186629526462396,0.38738738738738737,0.015165165165165166,0.9848348348348348
6967,YLL015W YIL077C,0.0,NA,0.9549281001091003,258,100,6560,408,0.9306579306579307,0.7206703910614525,0.38738738738738737,0.015015015015015015,0.984984984984985
6968,YJL063C YBR085W,1.0,NA,0.9557186365127563,257,100,6560,409,0.9305214305214305,0.7198879551820728,0.3858858858858859,0.015015015015015015,0.984984984984985
6969,YDL045C YBR014C,0.0,NA,0.9570132493972778,257,99,6561,409,0.9306579306579307,0.7219101123595506,0.3858858858858859,0.014864864864864866,0.9851351351351352
6970,YOL086W-A YPL074W,0.0,NA,0.957569420337677,257,98,6562,409,0.9307944307944308,0.723943661971831,0.3858858858858859,0.014714714714714715,0.9852852852852853
6971,YML025C YPL262W,1.0,NA,0.9578211307525635,256,98,6562,410,0.9306579306579307,0.7231638418079096,0.3843843843843844,0.014714714714714715,0.9852852852852853
6972,YCL032W YPR176C,0.0,NA,0.9588350057601929,256,97,6563,410,0.9307944307944308,0.7252124645892352,0.3843843843843844,0.014564564564564564,0.9854354354354354
6973,YLL016W YDL035C,0.0,NA,0.9590768814086914,256,96,6564,410,0.9309309309309309,0.7272727272727273,0.3843843843843844,0.014414414414414415,0.9855855855855856
6974,YOL013C YNL083W,0.0,NA,0.9594794511795044,256,95,6565,410,0.9310674310674311,0.7293447293447294,0.3843843843843844,0.014264264264264264,0.9857357357357357
6975,YHR037W YMR025W,0.0,NA,0.9603238105773926,256,94,6566,410,0.9312039312039312,0.7314285714285714,0.3843843843843844,0.014114114114114115,0.9858858858858859
6976,YPL183W-A YPR001W,1.0,NA,0.9604200124740601,255,94,6566,411,0.9310674310674311,0.7306590257879656,0.38288288288288286,0.014114114114114115,0.9858858858858859
6977,YGR103W YML096W,0.0,NA,0.960869312286377,255,93,6567,411,0.9312039312039312,0.7327586206896551,0.38288288288288286,0.013963963963963964,0.9860360360360361
6978,YML081C-A YKL141W,1.0,NA,0.9614369869232178,254,93,6567,412,0.9310674310674311,0.7319884726224783,0.3813813813813814,0.013963963963963964,0.9860360360360361
6979,YDL049C YIL033C,0.0,NA,0.9615095257759094,254,92,6568,412,0.9312039312039312,0.7341040462427746,0.3813813813813814,0.013813813813813814,0.9861861861861861
6980,YDL065C YER058W,0.0,NA,0.961570143699646,254,91,6569,412,0.9313404313404313,0.736231884057971,0.3813813813813814,0.013663663663663663,0.9863363363363363
6981,YML009C YCL039W,0.0,NA,0.961688220500946,254,90,6570,412,0.9314769314769314,0.7383720930232558,0.3813813813813814,0.013513513513513514,0.9864864864864865
6982,YIL017C YPR176C,0.0,NA,0.9642249941825867,254,89,6571,412,0.9316134316134316,0.7405247813411079,0.3813813813813814,0.013363363363363363,0.9866366366366366
6983,YNR017W YCR046C,0.0,NA,0.9645408391952515,254,88,6572,412,0.9317499317499317,0.7426900584795322,0.3813813813813814,0.013213213213213212,0.9867867867867868
6984,YKL170W YDR085C,0.0,NA,0.9650232195854187,254,87,6573,412,0.9318864318864318,0.7448680351906158,0.3813813813813814,0.013063063063063063,0.986936936936937
6985,YLL016W YGR014W,0.0,NA,0.9656231999397278,254,86,6574,412,0.9320229320229321,0.7470588235294118,0.3813813813813814,0.012912912912912912,0.987087087087087
6986,YJL145W YBR278W,0.0,NA,0.965686559677124,254,85,6575,412,0.9321594321594322,0.7492625368731564,0.3813813813813814,0.012762762762762763,0.9872372372372372
6987,YJL063C YKL085W,1.0,NA,0.9659616351127625,253,85,6575,413,0.9320229320229321,0.7485207100591716,0.37987987987987987,0.012762762762762763,0.9872372372372372
6988,YBL013W YDR277C,0.0,NA,0.9668599963188171,253,84,6576,413,0.9321594321594322,0.7507418397626113,0.37987987987987987,0.012612612612612612,0.9873873873873874
6989,YBR086C YGL250W,0.0,NA,0.9675853848457336,253,83,6577,413,0.9322959322959323,0.7529761904761905,0.37987987987987987,0.012462462462462463,0.9875375375375376
6990,YDR216W YER024W,0.0,NA,0.9681648015975952,253,82,6578,413,0.9324324324324325,0.755223880597015,0.37987987987987987,0.012312312312312312,0.9876876876876877
6991,YMR149W YBL031W,0.0,NA,0.9696245789527893,253,81,6579,413,0.9325689325689326,0.7574850299401198,0.37987987987987987,0.012162162162162163,0.9878378378378379
6992,YBR185C YMR188C,1.0,NA,0.9697268009185791,252,81,6579,414,0.9324324324324325,0.7567567567567568,0.3783783783783784,0.012162162162162163,0.9878378378378379
6993,YPL028W YPL092W,0.0,NA,0.9699206352233887,252,80,6580,414,0.9325689325689326,0.7590361445783133,0.3783783783783784,0.012012012012012012,0.987987987987988
6994,YKL148C YBR185C,1.0,NA,0.9701281785964966,251,80,6580,415,0.9324324324324325,0.7583081570996979,0.3768768768768769,0.012012012012012012,0.987987987987988
6995,YLR028C YLR201C,1.0,NA,0.9702060222625732,250,80,6580,416,0.9322959322959323,0.7575757575757576,0.37537537537537535,0.012012012012012012,0.987987987987988
6996,YOL086W-A YKL139W,0.0,NA,0.9708050489425659,250,79,6581,416,0.9324324324324325,0.7598784194528876,0.37537537537537535,0.011861861861861863,0.9881381381381381
6997,YNL177C YGL040C,1.0,NA,0.970852792263031,249,79,6581,417,0.9322959322959323,0.7591463414634146,0.3738738738738739,0.011861861861861863,0.9881381381381381
6998,YOR348C YOR124C,0.0,NA,0.9712858200073242,249,78,6582,417,0.9324324324324325,0.7614678899082569,0.3738738738738739,0.011711711711711712,0.9882882882882883
6999,YKL141W YNL185C,1.0,NA,0.9722164273262024,248,78,6582,418,0.9322959322959323,0.7607361963190185,0.37237237237237236,0.011711711711711712,0.9882882882882883
7000,YKL148C YJR120W,1.0,NA,0.9724367260932922,247,78,6582,419,0.9321594321594322,0.76,0.3708708708708709,0.011711711711711712,0.9882882882882883
7001,YOL086W-A YMR016C,0.0,NA,0.9728063344955444,247,77,6583,419,0.9322959322959323,0.7623456790123457,0.3708708708708709,0.01156156156156156,0.9884384384384385
7002,YGR023W YIL005W,0.0,NA,0.9730605483055115,247,76,6584,419,0.9324324324324325,0.7647058823529411,0.3708708708708709,0.011411411411411412,0.9885885885885886
7003,YLL034C YOL086W-A,0.0,NA,0.9732163548469543,247,75,6585,419,0.9325689325689326,0.7670807453416149,0.3708708708708709,0.01126126126126126,0.9887387387387387
7004,YER144C YPR021C,0.0,NA,0.974097490310669,247,74,6586,419,0.9327054327054327,0.7694704049844237,0.3708708708708709,0.011111111111111112,0.9888888888888889
7005,YGR208W YOR017W,0.0,NA,0.9752162098884583,247,73,6587,419,0.9328419328419328,0.771875,0.3708708708708709,0.01096096096096096,0.989039039039039
7006,YPL152W YHR147C,0.0,NA,0.9783846139907837,247,72,6588,419,0.932978432978433,0.774294670846395,0.3708708708708709,0.010810810810810811,0.9891891891891892
7007,YCR071C YPL262W,1.0,NA,0.9785922169685364,246,72,6588,420,0.9328419328419328,0.7735849056603774,0.36936936936936937,0.010810810810810811,0.9891891891891892
7008,YBR185C YOR136W,1.0,NA,0.9786067008972168,245,72,6588,421,0.9327054327054327,0.7728706624605678,0.36786786786786785,0.010810810810810811,0.9891891891891892
7009,YDL045C YBR137W,0.0,NA,0.9787002205848694,245,71,6589,421,0.9328419328419328,0.7753164556962026,0.36786786786786785,0.01066066066066066,0.9893393393393394
7010,YGL040C YBR085W,1.0,NA,0.9788910746574402,244,71,6589,422,0.9327054327054327,0.7746031746031746,0.3663663663663664,0.01066066066066066,0.9893393393393394
7011,YGL059W YHR059W,0.0,NA,0.9790822267532349,244,70,6590,422,0.9328419328419328,0.7770700636942676,0.3663663663663664,0.010510510510510511,0.9894894894894894
7012,YGL107C YGL040C,1.0,NA,0.9793102145195007,243,70,6590,423,0.9327054327054327,0.7763578274760383,0.36486486486486486,0.010510510510510511,0.9894894894894894
7013,YLR096W YNL313C,0.0,NA,0.9793633222579956,243,69,6591,423,0.9328419328419328,0.7788461538461539,0.36486486486486486,0.01036036036036036,0.9896396396396396
7014,YCR046C YLR027C,0.0,NA,0.9798858761787415,243,68,6592,423,0.932978432978433,0.7813504823151125,0.36486486486486486,0.01021021021021021,0.9897897897897898
7015,YOR040W YPL087W,0.0,NA,0.9799430966377258,243,67,6593,423,0.9331149331149331,0.7838709677419354,0.36486486486486486,0.01006006006006006,0.9899399399399399
7016,YGR132C YKL197C,0.0,NA,0.9799485206604004,243,66,6594,423,0.9332514332514332,0.7864077669902912,0.36486486486486486,0.00990990990990991,0.9900900900900901
7017,YKL148C YPL183W-A,1.0,NA,0.979979395866394,242,66,6594,424,0.9331149331149331,0.7857142857142857,0.3633633633633634,0.00990990990990991,0.9900900900900901
7018,YIL111W YPL262W,1.0,NA,0.9802449345588684,241,66,6594,425,0.932978432978433,0.7850162866449512,0.36186186186186187,0.00990990990990991,0.9900900900900901
7019,YOL155C YNL070W,0.0,NA,0.9803918600082397,241,65,6595,425,0.9331149331149331,0.7875816993464052,0.36186186186186187,0.00975975975975976,0.9902402402402403
7020,YML126C YMR025W,0.0,NA,0.980843722820282,241,64,6596,425,0.9332514332514332,0.7901639344262295,0.36186186186186187,0.00960960960960961,0.9903903903903903
7021,YPR192W YMR303C,0.0,NA,0.9814302325248718,241,63,6597,425,0.9333879333879334,0.7927631578947368,0.36186186186186187,0.00945945945945946,0.9905405405405405
7022,YAL034C YLR220W,0.0,NA,0.9821072220802307,241,62,6598,425,0.9335244335244335,0.7953795379537953,0.36186186186186187,0.009309309309309309,0.9906906906906907
7023,YHR092C YBR085W,1.0,NA,0.9822713136672974,240,62,6598,426,0.9333879333879334,0.7947019867549668,0.36036036036036034,0.009309309309309309,0.9906906906906907
7024,YGL250W YPL092W,0.0,NA,0.982344388961792,240,61,6599,426,0.9335244335244335,0.7973421926910299,0.36036036036036034,0.00915915915915916,0.9908408408408408
7025,YBR281C YIL134W,0.0,NA,0.9824180006980896,240,60,6600,426,0.9336609336609336,0.8,0.36036036036036034,0.009009009009009009,0.990990990990991
7026,YNL239W YDR357C,0.0,NA,0.9824756383895874,240,59,6601,426,0.9337974337974339,0.802675585284281,0.36036036036036034,0.008858858858858858,0.9911411411411412
7027,YGL107C YKL085W,1.0,NA,0.9827063083648682,239,59,6601,427,0.9336609336609336,0.802013422818792,0.3588588588588589,0.008858858858858858,0.9911411411411412
7028,YGL107C YNL185C,1.0,NA,0.9829831123352051,238,59,6601,428,0.9335244335244335,0.8013468013468014,0.35735735735735735,0.008858858858858858,0.9911411411411412
7029,YPL262W YPL215W,1.0,NA,0.9831504225730896,237,59,6601,429,0.9333879333879334,0.8006756756756757,0.35585585585585583,0.008858858858858858,0.9911411411411412
7030,YKL096W YLL019C,0.0,NA,0.9840757250785828,237,58,6602,429,0.9335244335244335,0.8033898305084746,0.35585585585585583,0.008708708708708709,0.9912912912912913
7031,YKL148C YJL166W,1.0,NA,0.9841181039810181,236,58,6602,430,0.9333879333879334,0.8027210884353742,0.35435435435435436,0.008708708708708709,0.9912912912912913
7032,YNL185C YPL262W,1.0,NA,0.9841337203979492,235,58,6602,431,0.9332514332514332,0.8020477815699659,0.35285285285285284,0.008708708708708709,0.9912912912912913
7033,YNL185C YGL068W,1.0,NA,0.9844123721122742,234,58,6602,432,0.9331149331149331,0.8013698630136986,0.35135135135135137,0.008708708708708709,0.9912912912912913
7034,YGL080W YMR098C,0.0,NA,0.9845510125160217,234,57,6603,432,0.9332514332514332,0.8041237113402062,0.35135135135135137,0.008558558558558558,0.9914414414414414
7035,YHL004W YKL085W,1.0,NA,0.9846751093864441,233,57,6603,433,0.9331149331149331,0.803448275862069,0.34984984984984985,0.008558558558558558,0.9914414414414414
7036,YPL183W-A YKL141W,1.0,NA,0.984774112701416,232,57,6603,434,0.932978432978433,0.8027681660899654,0.3483483483483483,0.008558558558558558,0.9914414414414414
7037,YML096W YHR084W,0.0,NA,0.9850674867630005,232,56,6604,434,0.9331149331149331,0.8055555555555556,0.3483483483483483,0.008408408408408409,0.9915915915915916
7038,YOR173W YDL048C,0.0,NA,0.9851385951042175,232,55,6605,434,0.9332514332514332,0.8083623693379791,0.3483483483483483,0.008258258258258258,0.9917417417417418
7039,YGL107C YGL191W,1.0,NA,0.9853689074516296,231,55,6605,435,0.9331149331149331,0.8076923076923077,0.34684684684684686,0.008258258258258258,0.9917417417417418
7040,YOR348C YKL103C,0.0,NA,0.9853925108909607,231,54,6606,435,0.9332514332514332,0.8105263157894737,0.34684684684684686,0.008108108108108109,0.9918918918918919
7041,YIL017C YGL059W,0.0,NA,0.9854700565338135,231,53,6607,435,0.9333879333879334,0.8133802816901409,0.34684684684684686,0.007957957957957958,0.992042042042042
7042,YJL089W YAL046C,0.0,NA,0.9856278896331787,231,52,6608,435,0.9335244335244335,0.8162544169611308,0.34684684684684686,0.007807807807807808,0.9921921921921922
7043,YGL107C YPR100W,1.0,NA,0.9858568906784058,230,52,6608,436,0.9333879333879334,0.8156028368794326,0.34534534534534533,0.007807807807807808,0.9921921921921922
7044,YLR201C YML081C-A,1.0,NA,0.9859805107116699,229,52,6608,437,0.9332514332514332,0.8149466192170819,0.34384384384384387,0.007807807807807808,0.9921921921921922
7045,YKL148C YIL111W,1.0,NA,0.9861778020858765,228,52,6608,438,0.9331149331149331,0.8142857142857143,0.34234234234234234,0.007807807807807808,0.9921921921921922
7046,YGL079W YNR043W,0.0,NA,0.9862751960754395,228,51,6609,438,0.9332514332514332,0.8172043010752689,0.34234234234234234,0.0076576576576576575,0.9923423423423423
7047,YJL063C YGL191W,1.0,NA,0.9877738356590271,227,51,6609,439,0.9331149331149331,0.8165467625899281,0.3408408408408408,0.0076576576576576575,0.9923423423423423
7048,YDR194C YLL019C,0.0,NA,0.9878395199775696,227,50,6610,439,0.9332514332514332,0.8194945848375451,0.3408408408408408,0.0075075075075075074,0.9924924924924925
7049,YCR005C YKL085W,1.0,NA,0.9879819750785828,226,50,6610,440,0.9331149331149331,0.8188405797101449,0.33933933933933935,0.0075075075075075074,0.9924924924924925
7050,YNL239W YMR208W,0.0,NA,0.9880582690238953,226,49,6611,440,0.9332514332514332,0.8218181818181818,0.33933933933933935,0.007357357357357357,0.9926426426426427
7051,YOR245C YOR152C,0.0,NA,0.9881346225738525,226,48,6612,440,0.9333879333879334,0.8248175182481752,0.33933933933933935,0.007207207207207207,0.9927927927927928
7052,YNL115C YLL019C,0.0,NA,0.988141655921936,226,47,6613,440,0.9335244335244335,0.8278388278388278,0.33933933933933935,0.007057057057057057,0.9929429429429429
7053,YDL126C YLR273C,0.0,NA,0.9881768822669983,226,46,6614,440,0.9336609336609336,0.8308823529411765,0.33933933933933935,0.006906906906906907,0.9930930930930931
7054,YML009C YPL110C,0.0,NA,0.9884331822395325,226,45,6615,440,0.9337974337974339,0.8339483394833949,0.33933933933933935,0.006756756756756757,0.9932432432432432
7055,YGR044C YPR193C,0.0,NA,0.9885101914405823,226,44,6616,440,0.933933933933934,0.837037037037037,0.33933933933933935,0.006606606606606606,0.9933933933933934
7056,YCR071C YPL215W,1.0,NA,0.9890262484550476,225,44,6616,441,0.9337974337974339,0.8364312267657993,0.33783783783783783,0.006606606606606606,0.9933933933933934
7057,YKL141W YGL040C,1.0,NA,0.9890868663787842,224,44,6616,442,0.9336609336609336,0.835820895522388,0.33633633633633636,0.006606606606606606,0.9933933933933934
7058,YOR389W YIR028W,0.0,NA,0.9892197251319885,224,43,6617,442,0.9337974337974339,0.8389513108614233,0.33633633633633636,0.006456456456456456,0.9935435435435436
7059,YER144C YLR109W,0.0,NA,0.9894716143608093,224,42,6618,442,0.933933933933934,0.8421052631578947,0.33633633633633636,0.006306306306306306,0.9936936936936936
7060,YOL032W YDR461W,0.0,NA,0.9896124005317688,224,41,6619,442,0.9340704340704341,0.8452830188679246,0.33633633633633636,0.006156156156156156,0.9938438438438438
7061,YMR257C YER144C,0.0,NA,0.9896702170372009,224,40,6620,442,0.9342069342069342,0.8484848484848485,0.33633633633633636,0.006006006006006006,0.993993993993994
7062,YGL121C YGL056C,0.0,NA,0.9897111654281616,224,39,6621,442,0.9343434343434344,0.8517110266159695,0.33633633633633636,0.005855855855855856,0.9941441441441441
7063,YLR254C YJL089W,0.0,NA,0.9898805618286133,224,38,6622,442,0.9344799344799345,0.8549618320610687,0.33633633633633636,0.005705705705705706,0.9942942942942943
7064,YDL120W YMR188C,1.0,NA,0.989884614944458,223,38,6622,443,0.9343434343434344,0.8544061302681992,0.33483483483483484,0.005705705705705706,0.9942942942942943
7065,YPL154C YNL081C,0.0,NA,0.9908149838447571,223,37,6623,443,0.9344799344799345,0.8576923076923076,0.33483483483483484,0.005555555555555556,0.9944444444444445
7066,YML081C-A YNL185C,1.0,NA,0.990852415561676,222,37,6623,444,0.9343434343434344,0.8571428571428571,0.3333333333333333,0.005555555555555556,0.9944444444444445
7067,YER012W YCR084C,0.0,NA,0.9909928441047668,222,36,6624,444,0.9344799344799345,0.8604651162790697,0.3333333333333333,0.005405405405405406,0.9945945945945946
7068,YDR516C YKR004C,0.0,NA,0.991085946559906,222,35,6625,444,0.9346164346164346,0.8638132295719845,0.3333333333333333,0.005255255255255256,0.9947447447447447
7069,YPL183W-A YCR071C,1.0,NA,0.9911777377128601,221,35,6625,445,0.9344799344799345,0.86328125,0.33183183183183185,0.005255255255255256,0.9947447447447447
7070,YKR082W YJL082W,0.0,NA,0.9915731549263,221,34,6626,445,0.9346164346164346,0.8666666666666667,0.33183183183183185,0.005105105105105105,0.9948948948948949
7071,YLR201C YML025C,1.0,NA,0.9920070171356201,220,34,6626,446,0.9344799344799345,0.8661417322834646,0.3303303303303303,0.005105105105105105,0.9948948948948949
7072,YNL087W YJR127C,0.0,NA,0.9922829270362854,220,33,6627,446,0.9346164346164346,0.8695652173913043,0.3303303303303303,0.004954954954954955,0.9950450450450451
7073,YNL239W YEL034W,0.0,NA,0.9923744797706604,220,32,6628,446,0.9347529347529347,0.873015873015873,0.3303303303303303,0.004804804804804805,0.9951951951951952
7074,YLR204W YDR315C,0.0,NA,0.9926173090934753,220,31,6629,446,0.9348894348894349,0.8764940239043825,0.3303303303303303,0.0046546546546546545,0.9953453453453454
7075,YPL215W YGL068W,1.0,NA,0.9931354522705078,219,31,6629,447,0.9347529347529347,0.876,0.32882882882882886,0.0046546546546546545,0.9953453453453454
7076,YGL107C YOR136W,1.0,NA,0.9931776523590088,218,31,6629,448,0.9346164346164346,0.8755020080321285,0.32732732732732733,0.0046546546546546545,0.9953453453453454
7077,YPL183W-A YLR201C,1.0,NA,0.9931899905204773,217,31,6629,449,0.9344799344799345,0.875,0.3258258258258258,0.0046546546546546545,0.9953453453453454
7078,YML081C-A YMR188C,1.0,NA,0.9932045936584473,216,31,6629,450,0.9343434343434344,0.8744939271255061,0.32432432432432434,0.0046546546546546545,0.9953453453453454
7079,YKL148C YMR188C,1.0,NA,0.993476927280426,215,31,6629,451,0.9342069342069342,0.8739837398373984,0.3228228228228228,0.0046546546546546545,0.9953453453453454
7080,YPL262W YGL068W,1.0,NA,0.9935031533241272,214,31,6629,452,0.9340704340704341,0.8734693877551021,0.3213213213213213,0.0046546546546546545,0.9953453453453454
7081,YDR494W YBR302C,0.0,NA,0.9936006665229797,214,30,6630,452,0.9342069342069342,0.8770491803278688,0.3213213213213213,0.0045045045045045045,0.9954954954954955
7082,YNL177C YKL085W,1.0,NA,0.9936078786849976,213,30,6630,453,0.9340704340704341,0.8765432098765432,0.31981981981981983,0.0045045045045045045,0.9954954954954955
7083,YKR049C YBR200W,0.0,NA,0.9937788844108582,213,29,6631,453,0.9342069342069342,0.8801652892561983,0.31981981981981983,0.004354354354354354,0.9956456456456456
7084,YHR096C YDL128W,0.0,NA,0.9939818978309631,213,28,6632,453,0.9343434343434344,0.8838174273858921,0.31981981981981983,0.004204204204204204,0.9957957957957958
7085,YHL004W YOR136W,1.0,NA,0.9939916729927063,212,28,6632,454,0.9342069342069342,0.8833333333333333,0.3183183183183183,0.004204204204204204,0.9957957957957958
7086,YNL071W YDL128W,0.0,NA,0.99403315782547,212,27,6633,454,0.9343434343434344,0.8870292887029289,0.3183183183183183,0.004054054054054054,0.995945945945946
7087,YLR201C YNL177C,1.0,NA,0.9942690134048462,211,27,6633,455,0.9342069342069342,0.8865546218487395,0.31681681681681684,0.004054054054054054,0.995945945945946
7088,YML069W YDR440W,0.0,NA,0.994475781917572,211,26,6634,455,0.9343434343434344,0.890295358649789,0.31681681681681684,0.003903903903903904,0.9960960960960961
7089,YLR201C YOR065W,1.0,NA,0.9945118427276611,210,26,6634,456,0.9342069342069342,0.8898305084745762,0.3153153153153153,0.003903903903903904,0.9960960960960961
7090,YML081C-A YJL166W,1.0,NA,0.9946174025535583,209,26,6634,457,0.9340704340704341,0.8893617021276595,0.3138138138138138,0.003903903903903904,0.9960960960960961
7091,YLR201C YGL068W,1.0,NA,0.995161235332489,208,26,6634,458,0.933933933933934,0.8888888888888888,0.3123123123123123,0.003903903903903904,0.9960960960960961
7092,YPR001W YKL085W,1.0,NA,0.9951738715171814,207,26,6634,459,0.9337974337974339,0.8884120171673819,0.3108108108108108,0.003903903903903904,0.9960960960960961
7093,YOR180C YKR004C,0.0,NA,0.9952467083930969,207,25,6635,459,0.933933933933934,0.8922413793103449,0.3108108108108108,0.0037537537537537537,0.9962462462462462
7094,YDR530C YHL024W,0.0,NA,0.9952608942985535,207,24,6636,459,0.9340704340704341,0.8961038961038961,0.3108108108108108,0.0036036036036036037,0.9963963963963964
7095,YMR188C YGL068W,1.0,NA,0.9952682852745056,206,24,6636,460,0.933933933933934,0.8956521739130435,0.30930930930930933,0.0036036036036036037,0.9963963963963964
7096,YLR201C YKL141W,1.0,NA,0.9953604340553284,205,24,6636,461,0.9337974337974339,0.8951965065502183,0.3078078078078078,0.0036036036036036037,0.9963963963963964
7097,YJL063C YHL004W,1.0,NA,0.9954344630241394,204,24,6636,462,0.9336609336609336,0.8947368421052632,0.3063063063063063,0.0036036036036036037,0.9963963963963964
7098,YPL262W YMR188C,1.0,NA,0.9956001043319702,203,24,6636,463,0.9335244335244335,0.8942731277533039,0.3048048048048048,0.0036036036036036037,0.9963963963963964
7099,YOR273C YJR073C,0.0,NA,0.9956157207489014,203,23,6637,463,0.9336609336609336,0.8982300884955752,0.3048048048048048,0.0034534534534534536,0.9965465465465465
7100,YHR092C YOR065W,1.0,NA,0.9956231713294983,202,23,6637,464,0.9335244335244335,0.8977777777777778,0.3033033033033033,0.0034534534534534536,0.9965465465465465
7101,YJL063C YML081C-A,1.0,NA,0.9957128763198853,201,23,6637,465,0.9333879333879334,0.8973214285714286,0.30180180180180183,0.0034534534534534536,0.9965465465465465
7102,YCR005C YML025C,1.0,NA,0.9957818984985352,200,23,6637,466,0.9332514332514332,0.8968609865470852,0.3003003003003003,0.0034534534534534536,0.9965465465465465
7103,YLR201C YGL040C,1.0,NA,0.9959242343902588,199,23,6637,467,0.9331149331149331,0.8963963963963963,0.2987987987987988,0.0034534534534534536,0.9965465465465465
7104,YJL019W YKL021C,0.0,NA,0.995970606803894,199,22,6638,467,0.9332514332514332,0.9004524886877828,0.2987987987987988,0.003303303303303303,0.9966966966966967
7105,YJL063C YNL185C,1.0,NA,0.9961560368537903,198,22,6638,468,0.9331149331149331,0.9,0.2972972972972973,0.003303303303303303,0.9966966966966967
7106,YKL141W YPR100W,1.0,NA,0.9962592124938965,197,22,6638,469,0.932978432978433,0.8995433789954338,0.2957957957957958,0.003303303303303303,0.9966966966966967
7107,YJL008C YIL083C,0.0,NA,0.9963106513023376,197,21,6639,469,0.9331149331149331,0.9036697247706422,0.2957957957957958,0.003153153153153153,0.9968468468468469
7108,YKL141W YNL177C,1.0,NA,0.996437668800354,196,21,6639,470,0.932978432978433,0.9032258064516129,0.29429429429429427,0.003153153153153153,0.9968468468468469
7109,YCR071C YPR001W,1.0,NA,0.9964737296104431,195,21,6639,471,0.9328419328419328,0.9027777777777778,0.2927927927927928,0.003153153153153153,0.9968468468468469
7110,YJL166W YDL120W,1.0,NA,0.996636152267456,194,21,6639,472,0.9327054327054327,0.9023255813953488,0.2912912912912913,0.003153153153153153,0.9968468468468469
7111,YOR173W YDR237W,0.0,NA,0.996713399887085,194,20,6640,472,0.9328419328419328,0.9065420560747663,0.2912912912912913,0.003003003003003003,0.996996996996997
7112,YKL141W YPL262W,1.0,NA,0.9967954754829407,193,20,6640,473,0.9327054327054327,0.9061032863849765,0.2897897897897898,0.003003003003003003,0.996996996996997
7113,YPR001W YGL191W,1.0,NA,0.9968692660331726,192,20,6640,474,0.9325689325689326,0.9056603773584906,0.2882882882882883,0.003003003003003003,0.996996996996997
7114,YKL148C YCR005C,1.0,NA,0.9968956708908081,191,20,6640,475,0.9324324324324325,0.9052132701421801,0.28678678678678676,0.003003003003003003,0.996996996996997
7115,YMR203W YMR098C,0.0,NA,0.9969841837882996,191,19,6641,475,0.9325689325689326,0.9095238095238095,0.28678678678678676,0.002852852852852853,0.9971471471471471
7116,YJL063C YPR001W,1.0,NA,0.9970633387565613,190,19,6641,476,0.9324324324324325,0.9090909090909091,0.2852852852852853,0.002852852852852853,0.9971471471471471
7117,YPL215W YMR188C,1.0,NA,0.9971805810928345,189,19,6641,477,0.9322959322959323,0.9086538461538461,0.28378378378378377,0.002852852852852853,0.9971471471471471
7118,YAL048C YHR103W,0.0,NA,0.9972444772720337,189,18,6642,477,0.9324324324324325,0.9130434782608695,0.28378378378378377,0.002702702702702703,0.9972972972972973
7119,YPR100W YGL068W,1.0,NA,0.9972960352897644,188,18,6642,478,0.9322959322959323,0.912621359223301,0.2822822822822823,0.002702702702702703,0.9972972972972973
7120,YPL183W-A YGL068W,1.0,NA,0.9975208640098572,187,18,6642,479,0.9321594321594322,0.9121951219512195,0.2807807807807808,0.002702702702702703,0.9972972972972973
7121,YML025C YIL111W,1.0,NA,0.9976116418838501,186,18,6642,480,0.9320229320229321,0.9117647058823529,0.27927927927927926,0.002702702702702703,0.9972972972972973
7122,YGL068W YBR085W,1.0,NA,0.9976494908332825,185,18,6642,481,0.9318864318864318,0.9113300492610837,0.2777777777777778,0.002702702702702703,0.9972972972972973
7123,YHR096C YKR049C,0.0,NA,0.9976794123649597,185,17,6643,481,0.9320229320229321,0.9158415841584159,0.2777777777777778,0.0025525525525525524,0.9974474474474474
7124,YDL120W YGL040C,1.0,NA,0.9978881478309631,184,17,6643,482,0.9318864318864318,0.9154228855721394,0.27627627627627627,0.0025525525525525524,0.9974474474474474
7125,YPL183W-A YKL085W,1.0,NA,0.9979466795921326,183,17,6643,483,0.9317499317499317,0.915,0.2747747747747748,0.0025525525525525524,0.9974474474474474
7126,YKL148C YDL120W,1.0,NA,0.9980089068412781,182,17,6643,484,0.9316134316134316,0.914572864321608,0.2732732732732733,0.0025525525525525524,0.9974474474474474
7127,YCR071C YPR100W,1.0,NA,0.9980446100234985,181,17,6643,485,0.9314769314769314,0.9141414141414141,0.27177177177177175,0.0025525525525525524,0.9974474474474474
7128,YNL185C YPR100W,1.0,NA,0.9981325268745422,180,17,6643,486,0.9313404313404313,0.9137055837563451,0.2702702702702703,0.0025525525525525524,0.9974474474474474
7129,YHR092C YJL166W,1.0,NA,0.9982002973556519,179,17,6643,487,0.9312039312039312,0.9132653061224489,0.26876876876876876,0.0025525525525525524,0.9974474474474474
7130,YHR164C YDL001W,0.0,NA,0.9983165264129639,179,16,6644,487,0.9313404313404313,0.9179487179487179,0.26876876876876876,0.0024024024024024023,0.9975975975975976
7131,YDR077W YJL164C,0.0,NA,0.9983282685279846,179,15,6645,487,0.9314769314769314,0.9226804123711341,0.26876876876876876,0.0022522522522522522,0.9977477477477478
7132,YMR091C YLR376C,0.0,NA,0.9983668923377991,179,14,6646,487,0.9316134316134316,0.927461139896373,0.26876876876876876,0.002102102102102102,0.9978978978978978
7133,YGL107C YCR071C,1.0,NA,0.9984287619590759,178,14,6646,488,0.9314769314769314,0.9270833333333334,0.2672672672672673,0.002102102102102102,0.9978978978978978
7134,YKL141W YPR001W,1.0,NA,0.9984305500984192,177,14,6646,489,0.9313404313404313,0.9267015706806283,0.26576576576576577,0.002102102102102102,0.9978978978978978
7135,YLR201C YBR185C,1.0,NA,0.9984332919120789,176,14,6646,490,0.9312039312039312,0.9263157894736842,0.26426426426426425,0.002102102102102102,0.9978978978978978
7136,YDR216W YDR462W,0.0,NA,0.9985511898994446,176,13,6647,490,0.9313404313404313,0.9312169312169312,0.26426426426426425,0.001951951951951952,0.998048048048048
7137,YJL166W YPL262W,1.0,NA,0.998616099357605,175,13,6647,491,0.9312039312039312,0.9308510638297872,0.2627627627627628,0.001951951951951952,0.998048048048048
7138,YCR071C YKL085W,1.0,NA,0.9986162185668945,174,13,6647,492,0.9310674310674311,0.93048128342246,0.26126126126126126,0.001951951951951952,0.998048048048048
7139,YPR001W YOR065W,1.0,NA,0.9986177682876587,173,13,6647,493,0.9309309309309309,0.9301075268817204,0.25975975975975973,0.001951951951951952,0.998048048048048
7140,YML025C YJL166W,1.0,NA,0.9986542463302612,172,13,6647,494,0.9307944307944308,0.9297297297297298,0.25825825825825827,0.001951951951951952,0.998048048048048
7141,YKL148C YGL107C,1.0,NA,0.9987803101539612,171,13,6647,495,0.9306579306579307,0.9293478260869565,0.25675675675675674,0.001951951951951952,0.998048048048048
7142,YGL107C YML081C-A,1.0,NA,0.9987970590591431,170,13,6647,496,0.9305214305214305,0.9289617486338798,0.2552552552552553,0.001951951951951952,0.998048048048048
7143,YBR185C YGL068W,1.0,NA,0.9988086223602295,169,13,6647,497,0.9303849303849304,0.9285714285714286,0.25375375375375375,0.001951951951951952,0.998048048048048
7144,YKR097W YDR069C,0.0,NA,0.9988177418708801,169,12,6648,497,0.9305214305214305,0.9337016574585635,0.25375375375375375,0.0018018018018018018,0.9981981981981982
7145,YBR085W YOR065W,1.0,NA,0.9988248944282532,168,12,6648,498,0.9303849303849304,0.9333333333333333,0.25225225225225223,0.0018018018018018018,0.9981981981981982
7146,YPR001W YPR100W,1.0,NA,0.9989030361175537,167,12,6648,499,0.9302484302484303,0.9329608938547486,0.25075075075075076,0.0018018018018018018,0.9981981981981982
7147,YNL185C YMR188C,1.0,NA,0.9989362359046936,166,12,6648,500,0.9301119301119302,0.9325842696629213,0.24924924924924924,0.0018018018018018018,0.9981981981981982
7148,YLR201C YOR136W,1.0,NA,0.9989608526229858,165,12,6648,501,0.9299754299754299,0.9322033898305084,0.24774774774774774,0.0018018018018018018,0.9981981981981982
7149,YNL185C YHL004W,1.0,NA,0.999035120010376,164,12,6648,502,0.9298389298389298,0.9318181818181818,0.24624624624624625,0.0018018018018018018,0.9981981981981982
7150,YDR342C YGR194C,0.0,NA,0.9990598559379578,164,11,6649,502,0.9299754299754299,0.9371428571428572,0.24624624624624625,0.0016516516516516516,0.9983483483483484
7151,YJL166W YNL185C,1.0,NA,0.9990720748901367,163,11,6649,503,0.9298389298389298,0.9367816091954023,0.24474474474474475,0.0016516516516516516,0.9983483483483484
7152,YPL215W YOR065W,1.0,NA,0.9990917444229126,162,11,6649,504,0.9297024297024297,0.9364161849710982,0.24324324324324326,0.0016516516516516516,0.9983483483483484
7153,YCR005C YOR136W,1.0,NA,0.9991118311882019,161,11,6649,505,0.9295659295659295,0.936046511627907,0.24174174174174173,0.0016516516516516516,0.9983483483483484
7154,YNL185C YKL085W,1.0,NA,0.9991208910942078,160,11,6649,506,0.9294294294294294,0.935672514619883,0.24024024024024024,0.0016516516516516516,0.9983483483483484
7155,YBR185C YPL262W,1.0,NA,0.9991433620452881,159,11,6649,507,0.9292929292929293,0.9352941176470588,0.23873873873873874,0.0016516516516516516,0.9983483483483484
7156,YGL107C YMR188C,1.0,NA,0.9991539716720581,158,11,6649,508,0.9291564291564292,0.9349112426035503,0.23723723723723725,0.0016516516516516516,0.9983483483483484
7157,YGR194C YPL104W,0.0,NA,0.9991856217384338,158,10,6650,508,0.9292929292929293,0.9404761904761905,0.23723723723723725,0.0015015015015015015,0.9984984984984985
7158,YKL148C YPR001W,1.0,NA,0.9992029070854187,157,10,6650,509,0.9291564291564292,0.9401197604790419,0.23573573573573572,0.0015015015015015015,0.9984984984984985
7159,YNL081C YER058W,0.0,NA,0.9992327690124512,157,9,6651,509,0.9292929292929293,0.9457831325301205,0.23573573573573572,0.0013513513513513514,0.9986486486486487
7160,YPR001W YGL068W,1.0,NA,0.9992644190788269,156,9,6651,510,0.9291564291564292,0.9454545454545454,0.23423423423423423,0.0013513513513513514,0.9986486486486487
7161,YGL056C YPR192W,0.0,NA,0.9993059635162354,156,8,6652,510,0.9292929292929293,0.9512195121951219,0.23423423423423423,0.0012012012012012011,0.9987987987987988
7162,YMR188C YOR136W,1.0,NA,0.9993242025375366,155,8,6652,511,0.9291564291564292,0.950920245398773,0.23273273273273273,0.0012012012012012011,0.9987987987987988
7163,YPL262W YBR085W,1.0,NA,0.9993267059326172,154,8,6652,512,0.929019929019929,0.9506172839506173,0.23123123123123124,0.0012012012012012011,0.9987987987987988
7164,YKL148C YCR071C,1.0,NA,0.9993510842323303,153,8,6652,513,0.9288834288834289,0.9503105590062112,0.22972972972972974,0.0012012012012012011,0.9987987987987988
7165,YPL262W YOR136W,1.0,NA,0.9993884563446045,152,8,6652,514,0.9287469287469288,0.95,0.22822822822822822,0.0012012012012012011,0.9987987987987988
7166,YPR100W YPL215W,1.0,NA,0.9994065761566162,151,8,6652,515,0.9286104286104286,0.949685534591195,0.22672672672672672,0.0012012012012012011,0.9987987987987988
7167,YML081C-A YPR001W,1.0,NA,0.9994148015975952,150,8,6652,516,0.9284739284739285,0.9493670886075949,0.22522522522522523,0.0012012012012012011,0.9987987987987988
7168,YCR071C YHL004W,1.0,NA,0.9994421601295471,149,8,6652,517,0.9283374283374284,0.9490445859872612,0.22372372372372373,0.0012012012012012011,0.9987987987987988
7169,YML081C-A YGL068W,1.0,NA,0.9994889497756958,148,8,6652,518,0.9282009282009283,0.9487179487179487,0.2222222222222222,0.0012012012012012011,0.9987987987987988
7170,YDR516C YKL103C,0.0,NA,0.9995075464248657,148,7,6653,518,0.9283374283374284,0.9548387096774194,0.2222222222222222,0.001051051051051051,0.9989489489489489
7171,YOR136W YGL068W,1.0,NA,0.9995126724243164,147,7,6653,519,0.9282009282009283,0.9545454545454546,0.22072072072072071,0.001051051051051051,0.9989489489489489
7172,YJL063C YPL183W-A,1.0,NA,0.9995206594467163,146,7,6653,520,0.928064428064428,0.954248366013072,0.21921921921921922,0.001051051051051051,0.9989489489489489
7173,YML025C YPR100W,1.0,NA,0.9995313882827759,145,7,6653,521,0.9279279279279279,0.9539473684210527,0.21771771771771772,0.001051051051051051,0.9989489489489489
7174,YOR136W YKL085W,1.0,NA,0.9995406866073608,144,7,6653,522,0.9277914277914278,0.9536423841059603,0.21621621621621623,0.001051051051051051,0.9989489489489489
7175,YML025C YHL004W,1.0,NA,0.9995468258857727,143,7,6653,523,0.9276549276549276,0.9533333333333334,0.2147147147147147,0.001051051051051051,0.9989489489489489
7176,YDL085W YJR045C,0.0,NA,0.9995720982551575,143,6,6654,523,0.9277914277914278,0.959731543624161,0.2147147147147147,0.0009009009009009009,0.9990990990990991
7177,YHR092C YGL191W,1.0,NA,0.9995806813240051,142,6,6654,524,0.9276549276549276,0.9594594594594594,0.2132132132132132,0.0009009009009009009,0.9990990990990991
7178,YLR204W YMR098C,0.0,NA,0.9995813965797424,142,5,6655,524,0.9277914277914278,0.9659863945578231,0.2132132132132132,0.0007507507507507507,0.9992492492492493
7179,YLR201C YGL191W,1.0,NA,0.9995859265327454,141,5,6655,525,0.9276549276549276,0.9657534246575342,0.21171171171171171,0.0007507507507507507,0.9992492492492493
7180,YML025C YKL085W,1.0,NA,0.9995883107185364,140,5,6655,526,0.9275184275184275,0.9655172413793104,0.21021021021021022,0.0007507507507507507,0.9992492492492493
7181,YPL183W-A YML081C-A,1.0,NA,0.999591052532196,139,5,6655,527,0.9273819273819274,0.9652777777777778,0.2087087087087087,0.0007507507507507507,0.9992492492492493
7182,YCR071C YML081C-A,1.0,NA,0.9996028542518616,138,5,6655,528,0.9272454272454272,0.965034965034965,0.2072072072072072,0.0007507507507507507,0.9992492492492493
7183,YML025C YGL191W,1.0,NA,0.999605119228363,137,5,6655,529,0.9271089271089271,0.9647887323943662,0.2057057057057057,0.0007507507507507507,0.9992492492492493
7184,YPR001W YHL004W,1.0,NA,0.9996335506439209,136,5,6655,530,0.926972426972427,0.9645390070921985,0.2042042042042042,0.0007507507507507507,0.9992492492492493
7185,YPL262W YNL177C,1.0,NA,0.9996480941772461,135,5,6655,531,0.9268359268359269,0.9642857142857143,0.20270270270270271,0.0007507507507507507,0.9992492492492493
7186,YHR092C YKL085W,1.0,NA,0.9996888637542725,134,5,6655,532,0.9266994266994267,0.9640287769784173,0.2012012012012012,0.0007507507507507507,0.9992492492492493
7187,YPR100W YHL004W,1.0,NA,0.9996927976608276,133,5,6655,533,0.9265629265629266,0.9637681159420289,0.1996996996996997,0.0007507507507507507,0.9992492492492493
7188,YCR071C YMR188C,1.0,NA,0.9996951818466187,132,5,6655,534,0.9264264264264265,0.9635036496350365,0.1981981981981982,0.0007507507507507507,0.9992492492492493
7189,YGL040C YOR065W,1.0,NA,0.999702513217926,131,5,6655,535,0.9262899262899262,0.9632352941176471,0.1966966966966967,0.0007507507507507507,0.9992492492492493
7190,YKL141W YGL191W,1.0,NA,0.9997195601463318,130,5,6655,536,0.9261534261534261,0.9629629629629629,0.19519519519519518,0.0007507507507507507,0.9992492492492493
7191,YML025C YPR001W,1.0,NA,0.9997308850288391,129,5,6655,537,0.926016926016926,0.9626865671641791,0.19369369369369369,0.0007507507507507507,0.9992492492492493
7192,YKL148C YOR136W,1.0,NA,0.9997431635856628,128,5,6655,538,0.9258804258804259,0.9624060150375939,0.1921921921921922,0.0007507507507507507,0.9992492492492493
7193,YKL141W YKL085W,1.0,NA,0.9997642636299133,127,5,6655,539,0.9257439257439257,0.9621212121212122,0.1906906906906907,0.0007507507507507507,0.9992492492492493
7194,YMR188C YGL191W,1.0,NA,0.9997740387916565,126,5,6655,540,0.9256074256074256,0.9618320610687023,0.1891891891891892,0.0007507507507507507,0.9992492492492493
7195,YBR185C YPR001W,1.0,NA,0.9997883439064026,125,5,6655,541,0.9254709254709255,0.9615384615384616,0.18768768768768768,0.0007507507507507507,0.9992492492492493
7196,YNL185C YNL177C,1.0,NA,0.9997884631156921,124,5,6655,542,0.9253344253344253,0.9612403100775194,0.18618618618618618,0.0007507507507507507,0.9992492492492493
7197,YPL183W-A YOR136W,1.0,NA,0.9997887015342712,123,5,6655,543,0.9251979251979252,0.9609375,0.18468468468468469,0.0007507507507507507,0.9992492492492493
7198,YJL063C YMR188C,1.0,NA,0.9997938275337219,122,5,6655,544,0.9250614250614251,0.9606299212598425,0.1831831831831832,0.0007507507507507507,0.9992492492492493
7199,YNL185C YGL191W,1.0,NA,0.9997971653938293,121,5,6655,545,0.924924924924925,0.9603174603174603,0.1816816816816817,0.0007507507507507507,0.9992492492492493
7200,YBR185C YGL040C,1.0,NA,0.9998118281364441,120,5,6655,546,0.9247884247884248,0.96,0.18018018018018017,0.0007507507507507507,0.9992492492492493
7201,YJL166W YGL040C,1.0,NA,0.9998149275779724,119,5,6655,547,0.9246519246519247,0.9596774193548387,0.17867867867867868,0.0007507507507507507,0.9992492492492493
7202,YKL141W YOR136W,1.0,NA,0.999818742275238,118,5,6655,548,0.9245154245154246,0.959349593495935,0.17717717717717718,0.0007507507507507507,0.9992492492492493
7203,YPL183W-A YNL185C,1.0,NA,0.9998226761817932,117,5,6655,549,0.9243789243789243,0.9590163934426229,0.17567567567567569,0.0007507507507507507,0.9992492492492493
7204,YGL040C YKL085W,1.0,NA,0.9998233914375305,116,5,6655,550,0.9242424242424242,0.9586776859504132,0.17417417417417416,0.0007507507507507507,0.9992492492492493
7205,YLR201C YPL262W,1.0,NA,0.9998242259025574,115,5,6655,551,0.9241059241059241,0.9583333333333334,0.17267267267267267,0.0007507507507507507,0.9992492492492493
7206,YNL185C YPR001W,1.0,NA,0.999825656414032,114,5,6655,552,0.9239694239694239,0.957983193277311,0.17117117117117117,0.0007507507507507507,0.9992492492492493
7207,YCR071C YOR136W,1.0,NA,0.9998424053192139,113,5,6655,553,0.9238329238329238,0.9576271186440678,0.16966966966966968,0.0007507507507507507,0.9992492492492493
7208,YML025C YMR188C,1.0,NA,0.9998451471328735,112,5,6655,554,0.9236964236964237,0.9572649572649573,0.16816816816816818,0.0007507507507507507,0.9992492492492493
7209,YML081C-A YHL004W,1.0,NA,0.9998549222946167,111,5,6655,555,0.9235599235599236,0.9568965517241379,0.16666666666666666,0.0007507507507507507,0.9992492492492493
7210,YML025C YOR136W,1.0,NA,0.9998618364334106,110,5,6655,556,0.9234234234234234,0.9565217391304348,0.16516516516516516,0.0007507507507507507,0.9992492492492493
7211,YJL063C YBR185C,1.0,NA,0.9998636245727539,109,5,6655,557,0.9232869232869233,0.956140350877193,0.16366366366366367,0.0007507507507507507,0.9992492492492493
7212,YJL063C YML025C,1.0,NA,0.9998637437820435,108,5,6655,558,0.9231504231504232,0.9557522123893806,0.16216216216216217,0.0007507507507507507,0.9992492492492493
7213,YGL107C YML025C,1.0,NA,0.9998806715011597,107,5,6655,559,0.923013923013923,0.9553571428571429,0.16066066066066065,0.0007507507507507507,0.9992492492492493
7214,YGL191W YBR085W,1.0,NA,0.9998834133148193,106,5,6655,560,0.9228774228774229,0.954954954954955,0.15915915915915915,0.0007507507507507507,0.9992492492492493
7215,YCR071C YNL177C,1.0,NA,0.9998860359191895,105,5,6655,561,0.9227409227409228,0.9545454545454546,0.15765765765765766,0.0007507507507507507,0.9992492492492493
7216,YJL063C YNL177C,1.0,NA,0.9998867511749268,104,5,6655,562,0.9226044226044227,0.9541284403669725,0.15615615615615616,0.0007507507507507507,0.9992492492492493
7217,YML025C YGL068W,1.0,NA,0.9998916387557983,103,5,6655,563,0.9224679224679224,0.9537037037037037,0.15465465465465467,0.0007507507507507507,0.9992492492492493
7218,YNL185C YOR136W,1.0,NA,0.9998986721038818,102,5,6655,564,0.9223314223314223,0.9532710280373832,0.15315315315315314,0.0007507507507507507,0.9992492492492493
7219,YML025C YML081C-A,1.0,NA,0.999903678894043,101,5,6655,565,0.9221949221949222,0.9528301886792453,0.15165165165165165,0.0007507507507507507,0.9992492492492493
7220,YNL185C YOR065W,1.0,NA,0.9999115467071533,100,5,6655,566,0.922058422058422,0.9523809523809523,0.15015015015015015,0.0007507507507507507,0.9992492492492493
7221,YGL107C YPL215W,1.0,NA,0.9999167919158936,99,5,6655,567,0.9219219219219219,0.9519230769230769,0.14864864864864866,0.0007507507507507507,0.9992492492492493
7222,YMR012W YOR158W,0.0,NA,0.9999171495437622,99,4,6656,567,0.922058422058422,0.9611650485436893,0.14864864864864866,0.0006006006006006006,0.9993993993993994
7223,YGL107C YPL183W-A,1.0,NA,0.9999176263809204,98,4,6656,568,0.9219219219219219,0.9607843137254902,0.14714714714714713,0.0006006006006006006,0.9993993993993994
7224,YJL166W YMR188C,1.0,NA,0.9999189376831055,97,4,6656,569,0.9217854217854218,0.9603960396039604,0.14564564564564564,0.0006006006006006006,0.9993993993993994
7225,YJL063C YOR136W,1.0,NA,0.9999194145202637,96,4,6656,570,0.9216489216489216,0.96,0.14414414414414414,0.0006006006006006006,0.9993993993993994
7226,YHL004W YNL177C,1.0,NA,0.9999207258224487,95,4,6656,571,0.9215124215124215,0.9595959595959596,0.14264264264264265,0.0006006006006006006,0.9993993993993994
7227,YKL148C YNL185C,1.0,NA,0.9999209642410278,94,4,6656,572,0.9213759213759214,0.9591836734693877,0.14114114114114115,0.0006006006006006006,0.9993993993993994
7228,YML025C YPL215W,1.0,NA,0.999923825263977,93,4,6656,573,0.9212394212394213,0.9587628865979382,0.13963963963963963,0.0006006006006006006,0.9993993993993994
7229,YPL183W-A YPR100W,1.0,NA,0.999924898147583,92,4,6656,574,0.9211029211029211,0.9583333333333334,0.13813813813813813,0.0006006006006006006,0.9993993993993994
7230,YMR188C YNL177C,1.0,NA,0.9999263286590576,91,4,6656,575,0.920966420966421,0.9578947368421052,0.13663663663663664,0.0006006006006006006,0.9993993993993994
7231,YPR100W YPL262W,1.0,NA,0.9999281167984009,90,4,6656,576,0.9208299208299209,0.9574468085106383,0.13513513513513514,0.0006006006006006006,0.9993993993993994
7232,YKL087C YKL170W,0.0,NA,0.9999291896820068,90,3,6657,576,0.920966420966421,0.967741935483871,0.13513513513513514,0.00045045045045045046,0.9995495495495496
7233,YDR216W YOR158W,0.0,NA,0.9999302625656128,90,2,6658,576,0.9211029211029211,0.9782608695652174,0.13513513513513514,0.0003003003003003003,0.9996996996996997
7234,YJL063C YOR065W,1.0,NA,0.9999352693557739,89,2,6658,577,0.920966420966421,0.978021978021978,0.13363363363363365,0.0003003003003003003,0.9996996996996997
7235,YKL085W YGL068W,1.0,NA,0.9999352693557739,88,2,6658,578,0.9208299208299209,0.9777777777777777,0.13213213213213212,0.0003003003003003003,0.9996996996996997
7236,YPR001W YGL040C,1.0,NA,0.9999366998672485,87,2,6658,579,0.9206934206934206,0.9775280898876404,0.13063063063063063,0.0003003003003003003,0.9996996996996997
7237,YPL183W-A YHL004W,1.0,NA,0.9999377727508545,86,2,6658,580,0.9205569205569205,0.9772727272727273,0.12912912912912913,0.0003003003003003003,0.9996996996996997
7238,YML081C-A YPL262W,1.0,NA,0.999937891960144,85,2,6658,581,0.9204204204204204,0.9770114942528736,0.12762762762762764,0.0003003003003003003,0.9996996996996997
7239,YKL141W YGL068W,1.0,NA,0.9999380111694336,84,2,6658,582,0.9202839202839203,0.9767441860465116,0.12612612612612611,0.0003003003003003003,0.9996996996996997
7240,YNL177C YOR136W,1.0,NA,0.9999449253082275,83,2,6658,583,0.9201474201474201,0.9764705882352941,0.12462462462462462,0.0003003003003003003,0.9996996996996997
7241,YDL120W YOR065W,1.0,NA,0.999946117401123,82,2,6658,584,0.92001092001092,0.9761904761904762,0.12312312312312312,0.0003003003003003003,0.9996996996996997
7242,YNL185C YPL215W,1.0,NA,0.9999501705169678,81,2,6658,585,0.9198744198744199,0.9759036144578314,0.12162162162162163,0.0003003003003003003,0.9996996996996997
7243,YGL107C YBR185C,1.0,NA,0.9999589920043945,80,2,6658,586,0.9197379197379197,0.975609756097561,0.12012012012012012,0.0003003003003003003,0.9996996996996997
7244,YPL183W-A YGL191W,1.0,NA,0.9999589920043945,79,2,6658,587,0.9196014196014196,0.9753086419753086,0.11861861861861862,0.0003003003003003003,0.9996996996996997
7245,YPL215W YHL004W,1.0,NA,0.9999617338180542,78,2,6658,588,0.9194649194649195,0.975,0.11711711711711711,0.0003003003003003003,0.9996996996996997
7246,YPR100W YKL085W,1.0,NA,0.9999624490737915,77,2,6658,589,0.9193284193284194,0.9746835443037974,0.11561561561561562,0.0003003003003003003,0.9996996996996997
7247,YIL111W YGL191W,1.0,NA,0.9999630451202393,76,2,6658,590,0.9191919191919192,0.9743589743589743,0.11411411411411411,0.0003003003003003003,0.9996996996996997
7248,YBR185C YHL004W,1.0,NA,0.9999663829803467,75,2,6658,591,0.9190554190554191,0.974025974025974,0.11261261261261261,0.0003003003003003003,0.9996996996996997
7249,YGL040C YGL191W,1.0,NA,0.9999744892120361,74,2,6658,592,0.918918918918919,0.9736842105263158,0.1111111111111111,0.0003003003003003003,0.9996996996996997
7250,YJL063C YPR100W,1.0,NA,0.9999747276306152,73,2,6658,593,0.9187824187824187,0.9733333333333334,0.10960960960960961,0.0003003003003003003,0.9996996996996997
7251,YJL166W YOR136W,1.0,NA,0.9999773502349854,72,2,6658,594,0.9186459186459186,0.972972972972973,0.10810810810810811,0.0003003003003003003,0.9996996996996997
7252,YBR185C YGL191W,1.0,NA,0.99997878074646,71,2,6658,595,0.9185094185094185,0.9726027397260274,0.1066066066066066,0.0003003003003003003,0.9996996996996997
7253,YJL166W YHL004W,1.0,NA,0.9999794960021973,70,2,6658,596,0.9183729183729183,0.9722222222222222,0.10510510510510511,0.0003003003003003003,0.9996996996996997
7254,YPL215W YNL177C,1.0,NA,0.999982476234436,69,2,6658,597,0.9182364182364182,0.971830985915493,0.1036036036036036,0.0003003003003003003,0.9996996996996997
7255,YMR188C YOR065W,1.0,NA,0.9999841451644897,68,2,6658,598,0.9180999180999181,0.9714285714285714,0.1021021021021021,0.0003003003003003003,0.9996996996996997
7256,YGL107C YOR065W,1.0,NA,0.9999842643737793,67,2,6658,599,0.917963417963418,0.9710144927536232,0.1006006006006006,0.0003003003003003003,0.9996996996996997
7257,YGL191W YGL068W,1.0,NA,0.9999858140945435,66,2,6658,600,0.9178269178269178,0.9705882352941176,0.0990990990990991,0.0003003003003003003,0.9996996996996997
7258,YIL111W YKL141W,1.0,NA,0.9999860525131226,65,2,6658,601,0.9176904176904177,0.9701492537313433,0.09759759759759759,0.0003003003003003003,0.9996996996996997
7259,YML025C YCR071C,1.0,NA,0.9999867677688599,64,2,6658,602,0.9175539175539176,0.9696969696969697,0.0960960960960961,0.0003003003003003003,0.9996996996996997
7260,YPL262W YOR065W,1.0,NA,0.9999879598617554,63,2,6658,603,0.9174174174174174,0.9692307692307692,0.0945945945945946,0.0003003003003003003,0.9996996996996997
7261,YPL262W YGL191W,1.0,NA,0.9999881982803345,62,2,6658,604,0.9172809172809173,0.96875,0.09309309309309309,0.0003003003003003003,0.9996996996996997
7262,YPR100W YMR188C,1.0,NA,0.9999884366989136,61,2,6658,605,0.9171444171444172,0.9682539682539683,0.0915915915915916,0.0003003003003003003,0.9996996996996997
7263,YBR185C YKL085W,1.0,NA,0.9999897480010986,60,2,6658,606,0.9170079170079171,0.967741935483871,0.09009009009009009,0.0003003003003003003,0.9996996996996997
7264,YNL177C YGL068W,1.0,NA,0.9999898672103882,59,2,6658,607,0.9168714168714168,0.9672131147540983,0.08858858858858859,0.0003003003003003003,0.9996996996996997
7265,YGL107C YNL177C,1.0,NA,0.9999904632568359,58,2,6658,608,0.9167349167349167,0.9666666666666667,0.08708708708708708,0.0003003003003003003,0.9996996996996997
7266,YCR071C YJL166W,1.0,NA,0.9999904632568359,57,2,6658,609,0.9165984165984166,0.9661016949152542,0.08558558558558559,0.0003003003003003003,0.9996996996996997
7267,YKL170W YKR049C,0.0,NA,0.9999904632568359,57,1,6659,609,0.9167349167349167,0.9827586206896551,0.08558558558558559,0.00015015015015015014,0.9998498498498498
7268,YPL262W YKL085W,1.0,NA,0.9999905824661255,56,1,6659,610,0.9165984165984166,0.9824561403508771,0.08408408408408409,0.00015015015015015014,0.9998498498498498
7269,YBR185C YNL177C,1.0,NA,0.9999915361404419,55,1,6659,611,0.9164619164619164,0.9821428571428571,0.08258258258258258,0.00015015015015015014,0.9998498498498498
7270,YKL148C YML081C-A,1.0,NA,0.9999926090240479,54,1,6659,612,0.9163254163254163,0.9818181818181818,0.08108108108108109,0.00015015015015015014,0.9998498498498498
7271,YJL063C YJL166W,1.0,NA,0.9999938011169434,53,1,6659,613,0.9161889161889162,0.9814814814814815,0.07957957957957958,0.00015015015015015014,0.9998498498498498
7272,YKL148C YKL085W,1.0,NA,0.9999942779541016,52,1,6659,614,0.916052416052416,0.9811320754716981,0.07807807807807808,0.00015015015015015014,0.9998498498498498
7273,YPR100W YGL191W,1.0,NA,0.9999943971633911,51,1,6659,615,0.9159159159159159,0.9807692307692307,0.07657657657657657,0.00015015015015015014,0.9998498498498498
7274,YBR185C YNL185C,1.0,NA,0.9999947547912598,50,1,6659,616,0.9157794157794158,0.9803921568627451,0.07507507507507508,0.00015015015015015014,0.9998498498498498
7275,YCR071C YOR065W,1.0,NA,0.9999949932098389,49,1,6659,617,0.9156429156429157,0.98,0.07357357357357357,0.00015015015015015014,0.9998498498498498
7276,YML081C-A YKL085W,1.0,NA,0.9999953508377075,48,1,6659,618,0.9155064155064155,0.9795918367346939,0.07207207207207207,0.00015015015015015014,0.9998498498498498
7277,YPR001W YPL262W,1.0,NA,0.9999959468841553,47,1,6659,619,0.9153699153699154,0.9791666666666666,0.07057057057057058,0.00015015015015015014,0.9998498498498498
7278,YGR132C YBL064C,0.0,NA,0.9999961853027344,47,0,6660,619,0.9155064155064155,1.0,0.07057057057057058,0.0,1.0
7279,YBR185C YJL166W,1.0,NA,0.9999964237213135,46,0,6660,620,0.9153699153699154,1.0,0.06906906906906907,0.0,1.0
7280,YPL183W-A YBR185C,1.0,NA,0.999996542930603,45,0,6660,621,0.9152334152334153,1.0,0.06756756756756757,0.0,1.0
7281,YHL004W YGL191W,1.0,NA,0.999996542930603,44,0,6660,622,0.915096915096915,1.0,0.06606606606606606,0.0,1.0
7282,YKL148C YHL004W,1.0,NA,0.9999969005584717,43,0,6660,623,0.9149604149604149,1.0,0.06456456456456457,0.0,1.0
7283,YPL183W-A YML025C,1.0,NA,0.999997615814209,42,0,6660,624,0.9148239148239148,1.0,0.06306306306306306,0.0,1.0
7284,YKL148C YNL177C,1.0,NA,0.9999977350234985,41,0,6660,625,0.9146874146874147,1.0,0.06156156156156156,0.0,1.0
7285,YNL177C YGL191W,1.0,NA,0.9999980926513672,40,0,6660,626,0.9145509145509145,1.0,0.06006006006006006,0.0,1.0
7286,YCR071C YGL191W,1.0,NA,0.9999980926513672,39,0,6660,627,0.9144144144144144,1.0,0.05855855855855856,0.0,1.0
7287,YHL004W YOR065W,1.0,NA,0.9999982118606567,38,0,6660,628,0.9142779142779143,1.0,0.057057057057057055,0.0,1.0
7288,YML081C-A YNL177C,1.0,NA,0.9999982118606567,37,0,6660,629,0.9141414141414141,1.0,0.05555555555555555,0.0,1.0
7289,YML081C-A YGL191W,1.0,NA,0.9999983310699463,36,0,6660,630,0.914004914004914,1.0,0.05405405405405406,0.0,1.0
7290,YBR185C YML081C-A,1.0,NA,0.9999985694885254,35,0,6660,631,0.9138684138684139,1.0,0.052552552552552555,0.0,1.0
7291,YJL166W YGL068W,1.0,NA,0.9999986886978149,34,0,6660,632,0.9137319137319138,1.0,0.05105105105105105,0.0,1.0
7292,YOR136W YOR065W,1.0,NA,0.9999988079071045,33,0,6660,633,0.9135954135954136,1.0,0.04954954954954955,0.0,1.0
7293,YGL040C YOR136W,1.0,NA,0.999998927116394,32,0,6660,634,0.9134589134589135,1.0,0.04804804804804805,0.0,1.0
7294,YKL148C YPR100W,1.0,NA,0.9999990463256836,31,0,6660,635,0.9133224133224134,1.0,0.046546546546546545,0.0,1.0
7295,YML081C-A YOR136W,1.0,NA,0.9999990463256836,30,0,6660,636,0.9131859131859131,1.0,0.04504504504504504,0.0,1.0
7296,YOR136W YGL191W,1.0,NA,0.9999990463256836,29,0,6660,637,0.913049413049413,1.0,0.04354354354354354,0.0,1.0
7297,YML025C YNL177C,1.0,NA,0.9999990463256836,28,0,6660,638,0.9129129129129129,1.0,0.042042042042042045,0.0,1.0
7298,YCR071C YBR185C,1.0,NA,0.9999991655349731,27,0,6660,639,0.9127764127764127,1.0,0.04054054054054054,0.0,1.0
7299,YPL183W-A YOR065W,1.0,NA,0.9999991655349731,26,0,6660,640,0.9126399126399126,1.0,0.03903903903903904,0.0,1.0
7300,YPR100W YOR136W,1.0,NA,0.9999991655349731,25,0,6660,641,0.9125034125034125,1.0,0.03753753753753754,0.0,1.0
7301,YML025C YBR185C,1.0,NA,0.9999992847442627,24,0,6660,642,0.9123669123669124,1.0,0.036036036036036036,0.0,1.0
7302,YPL183W-A YNL177C,1.0,NA,0.9999992847442627,23,0,6660,643,0.9122304122304122,1.0,0.03453453453453453,0.0,1.0
7303,YML025C YNL185C,1.0,NA,0.9999994039535522,22,0,6660,644,0.9120939120939121,1.0,0.03303303303303303,0.0,1.0
7304,YPR100W YNL177C,1.0,NA,0.9999995231628418,21,0,6660,645,0.911957411957412,1.0,0.03153153153153153,0.0,1.0
7305,YKL148C YML025C,1.0,NA,0.9999995231628418,20,0,6660,646,0.9118209118209119,1.0,0.03003003003003003,0.0,1.0
7306,YML025C YOR065W,1.0,NA,0.9999996423721313,19,0,6660,647,0.9116844116844117,1.0,0.028528528528528527,0.0,1.0
7307,YKL148C YGL068W,1.0,NA,0.9999997615814209,18,0,6660,648,0.9115479115479116,1.0,0.02702702702702703,0.0,1.0
7308,YJL166W YKL085W,1.0,NA,0.9999997615814209,17,0,6660,649,0.9114114114114115,1.0,0.025525525525525526,0.0,1.0
7309,YJL166W YNL177C,1.0,NA,0.9999997615814209,16,0,6660,650,0.9112749112749112,1.0,0.024024024024024024,0.0,1.0
7310,YKL148C YPL262W,1.0,NA,0.9999997615814209,15,0,6660,651,0.9111384111384111,1.0,0.02252252252252252,0.0,1.0
7311,YML081C-A YOR065W,1.0,NA,0.9999997615814209,14,0,6660,652,0.911001911001911,1.0,0.021021021021021023,0.0,1.0
7312,YNL177C YOR065W,1.0,NA,0.9999998807907104,13,0,6660,653,0.9108654108654108,1.0,0.01951951951951952,0.0,1.0
7313,YJL166W YPR100W,1.0,NA,0.9999998807907104,12,0,6660,654,0.9107289107289107,1.0,0.018018018018018018,0.0,1.0
7314,YBR185C YPR100W,1.0,NA,0.9999998807907104,11,0,6660,655,0.9105924105924106,1.0,0.016516516516516516,0.0,1.0
7315,YML081C-A YPR100W,1.0,NA,0.9999998807907104,10,0,6660,656,0.9104559104559105,1.0,0.015015015015015015,0.0,1.0
7316,YBR185C YPL215W,1.0,NA,0.9999998807907104,9,0,6660,657,0.9103194103194103,1.0,0.013513513513513514,0.0,1.0
7317,YJL166W YOR065W,1.0,NA,1.0,8,0,6660,658,0.9101829101829102,1.0,0.012012012012012012,0.0,1.0
7318,YGL068W YOR065W,1.0,NA,1.0,7,0,6660,659,0.9100464100464101,1.0,0.010510510510510511,0.0,1.0
7319,YGL191W YKL085W,1.0,NA,1.0,6,0,6660,660,0.9099099099099099,1.0,0.009009009009009009,0.0,1.0
7320,YGL191W YOR065W,1.0,NA,1.0,5,0,6660,661,0.9097734097734098,1.0,0.0075075075075075074,0.0,1.0
7321,YKL085W YOR065W,1.0,NA,1.0,4,0,6660,662,0.9096369096369097,1.0,0.006006006006006006,0.0,1.0
7322,YPR100W YOR065W,1.0,NA,1.0,3,0,6660,663,0.9095004095004094,1.0,0.0045045045045045045,0.0,1.0
7323,YBR185C YOR065W,1.0,NA,1.0,2,0,6660,664,0.9093639093639093,1.0,0.003003003003003003,0.0,1.0
7324,YJL166W YGL191W,1.0,NA,1.0,1,0,6660,665,0.9092274092274092,1.0,0.0015015015015015015,0.0,1.0
7325,YKL148C YGL191W,1.0,NA,1.0,0,0,6660,666,0.9090909090909091,1.0,0.0,0.0,1.0
