Name,+/-,Score,True Positive,False Positive,True Negative,False Negative,Accuracy,Precision,Recall,False Positive Rate,Selectivity
YLL062C,1,71.94633586219024,1,0,6496,86,0.9869360473948048,1.0,0.011494252873563218,0.0,1.0
YLR172C,1,71.408153655088,2,0,6496,85,0.9870879538204466,1.0,0.022988505747126436,0.0,1.0
YOL096C,1,71.1689813231505,3,0,6496,84,0.9872398602460885,1.0,0.034482758620689655,0.0,1.0
YBR175W,1,70.799267012489,4,0,6496,83,0.9873917666717302,1.0,0.04597701149425287,0.0,1.0
YKR069W,1,70.67737238059499,5,0,6496,82,0.987543673097372,1.0,0.05747126436781609,0.0,1.0
YHR070W,1,70.45182861493637,6,0,6496,81,0.9876955795230138,1.0,0.06896551724137931,0.0,1.0
YJR073C,1,70.3383934466105,7,0,6496,80,0.9878474859486557,1.0,0.08045977011494253,0.0,1.0
YML008C,1,70.2803865754319,8,0,6496,79,0.9879993923742975,1.0,0.09195402298850575,0.0,1.0
YCL055W,1,69.97588214578782,9,0,6496,78,0.9881512987999392,1.0,0.10344827586206896,0.0,1.0
YDR435C,1,69.57872982747328,10,0,6496,77,0.988303205225581,1.0,0.11494252873563218,0.0,1.0
YDL200C,1,69.47779473606039,11,0,6496,76,0.9884551116512228,1.0,0.12643678160919541,0.0,1.0
YPL208W,1,69.43163301935004,12,0,6496,75,0.9886070180768647,1.0,0.13793103448275862,0.0,1.0
YGL192W,1,69.25271904579434,13,0,6496,74,0.9887589245025065,1.0,0.14942528735632185,0.0,1.0
YDL033C,1,69.1902576741234,14,0,6496,73,0.9889108309281482,1.0,0.16091954022988506,0.0,1.0
YML110C,1,69.11926578701465,15,0,6496,72,0.98906273735379,1.0,0.1724137931034483,0.0,1.0
YJL125C,1,68.9590163013838,16,0,6496,71,0.9892146437794319,1.0,0.1839080459770115,0.0,1.0
YOR074C,1,68.91611614946609,17,0,6496,70,0.9893665502050737,1.0,0.19540229885057472,0.0,1.0
YBR030W,1,68.85759716236785,18,0,6496,69,0.9895184566307155,1.0,0.20689655172413793,0.0,1.0
YML005W,1,68.78696831078942,19,0,6496,68,0.9896703630563572,1.0,0.21839080459770116,0.0,1.0
YJL168C,1,68.73642828458017,20,0,6496,67,0.9898222694819991,1.0,0.22988505747126436,0.0,1.0
YBR061C,1,68.67264010454187,21,0,6496,66,0.9899741759076409,1.0,0.2413793103448276,0.0,1.0
YPL138C,1,68.4569788351588,22,0,6496,65,0.9901260823332827,1.0,0.25287356321839083,0.0,1.0
YML014W,1,68.35887691960818,23,0,6496,64,0.9902779887589245,1.0,0.26436781609195403,0.0,1.0
YBR176W,1,68.33522808585334,24,0,6496,63,0.9904298951845663,1.0,0.27586206896551724,0.0,1.0
YOR239W,1,68.04302209625402,25,0,6496,62,0.9905818016102081,1.0,0.28735632183908044,0.0,1.0
YBR133C,1,67.91258093513794,26,0,6496,61,0.9907337080358499,1.0,0.2988505747126437,0.0,1.0
YIL064W,1,67.62426098407113,27,0,6496,60,0.9908856144614917,1.0,0.3103448275862069,0.0,1.0
YDR165W,1,67.52550552532615,28,0,6496,59,0.9910375208871335,1.0,0.3218390804597701,0.0,1.0
YKR056W,1,67.4574627279244,29,0,6496,58,0.9911894273127754,1.0,0.3333333333333333,0.0,1.0
YOL093W,1,67.38301016852733,30,0,6496,57,0.9913413337384172,1.0,0.3448275862068966,0.0,1.0
YDR408C,1,67.2409879643213,31,0,6496,56,0.9914932401640589,1.0,0.3563218390804598,0.0,1.0
YDR083W,1,67.20280308008117,32,0,6496,55,0.9916451465897007,1.0,0.367816091954023,0.0,1.0
YGL136C,1,66.83472930830253,33,0,6496,54,0.9917970530153426,1.0,0.3793103448275862,0.0,1.0
YBR236C,1,66.62485543168141,34,0,6496,53,0.9919489594409844,1.0,0.39080459770114945,0.0,1.0
YBR034C,1,66.47505945438886,35,0,6496,52,0.9921008658666262,1.0,0.40229885057471265,0.0,1.0
YDL014W,1,66.36324075926927,36,0,6496,51,0.9922527722922679,1.0,0.41379310344827586,0.0,1.0
YLR285W,1,66.15193934799073,37,0,6496,50,0.9924046787179097,1.0,0.42528735632183906,0.0,1.0
YBR271W,1,66.08882197538374,38,0,6496,49,0.9925565851435516,1.0,0.4367816091954023,0.0,1.0
YBR258C,1,65.7836135824857,39,0,6496,48,0.9927084915691934,1.0,0.4482758620689655,0.0,1.0
YKL018W,1,65.61302781362522,40,0,6496,47,0.9928603979948352,1.0,0.45977011494252873,0.0,1.0
YNL062C,1,65.4430276799835,41,0,6496,46,0.9930123044204769,1.0,0.47126436781609193,0.0,1.0
YPL157W,1,65.42184025651197,42,0,6496,45,0.9931642108461188,1.0,0.4827586206896552,0.0,1.0
YDL201W,1,65.39057189901133,43,0,6496,44,0.9933161172717606,1.0,0.4942528735632184,0.0,1.0
YAR003W,1,65.3525350150984,44,0,6496,43,0.9934680236974024,1.0,0.5057471264367817,0.0,1.0
YBL024W,1,65.31696087409665,45,0,6496,42,0.9936199301230442,1.0,0.5172413793103449,0.0,1.0
YOL125W,1,65.10879756829885,46,0,6496,41,0.9937718365486861,1.0,0.5287356321839081,0.0,1.0
YLR015W,1,64.95173034148428,47,0,6496,40,0.9939237429743278,1.0,0.5402298850574713,0.0,1.0
YPL266W,1,64.87772037840006,48,0,6496,39,0.9940756493999696,1.0,0.5517241379310345,0.0,1.0
YLR276C,-1,64.61890426693115,48,1,6495,39,0.9939237429743278,0.9795918367346939,0.5517241379310345,0.0001539408866995074,0.9998460591133005
YIL110W,1,64.26221764704152,49,1,6495,38,0.9940756493999696,0.98,0.5632183908045977,0.0001539408866995074,0.9998460591133005
YNL061W,1,64.09619316606256,50,1,6495,37,0.9942275558256114,0.9803921568627451,0.5747126436781609,0.0001539408866995074,0.9998460591133005
YKR081C,-1,63.426341701118034,50,2,6494,37,0.9940756493999696,0.9615384615384616,0.5747126436781609,0.0003078817733990148,0.999692118226601
YDR101C,-1,63.048279150532665,50,3,6493,37,0.9939237429743278,0.9433962264150944,0.5747126436781609,0.00046182266009852215,0.9995381773399015
YJL122W,-1,62.29649884023678,50,4,6492,37,0.9937718365486861,0.9259259259259259,0.5747126436781609,0.0006157635467980296,0.999384236453202
YOR206W,-1,61.69333082869525,50,5,6491,37,0.9936199301230442,0.9090909090909091,0.5747126436781609,0.000769704433497537,0.9992302955665024
YGR245C,-1,61.213987140419434,50,6,6490,37,0.9934680236974024,0.8928571428571429,0.5747126436781609,0.0009236453201970443,0.9990763546798029
YMR290C,-1,61.19146551868811,50,7,6489,37,0.9933161172717606,0.8771929824561403,0.5747126436781609,0.0010775862068965517,0.9989224137931034
YGL078C,-1,60.92725292587928,50,8,6488,37,0.9931642108461188,0.8620689655172413,0.5747126436781609,0.0012315270935960591,0.9987684729064039
YCR072C,-1,60.34850440305787,50,9,6487,37,0.9930123044204769,0.847457627118644,0.5747126436781609,0.0013854679802955665,0.9986145320197044
YKL078W,-1,59.69700744862451,50,10,6486,37,0.9928603979948352,0.8333333333333334,0.5747126436781609,0.001539408866995074,0.9984605911330049
YOL077C,-1,59.02068294871115,50,11,6485,37,0.9927084915691934,0.819672131147541,0.5747126436781609,0.0016933497536945814,0.9983066502463054
YDR184C,-1,58.974565805743325,50,12,6484,37,0.9925565851435516,0.8064516129032258,0.5747126436781609,0.0018472906403940886,0.9981527093596059
YLR222C,-1,58.513605632724186,50,13,6483,37,0.9924046787179097,0.7936507936507936,0.5747126436781609,0.0020012315270935962,0.9979987684729064
YMR093W,-1,57.853274020450264,50,14,6482,37,0.9922527722922679,0.78125,0.5747126436781609,0.0021551724137931034,0.9978448275862069
YBR154C,-1,57.440443714966136,50,15,6481,37,0.9921008658666262,0.7692307692307693,0.5747126436781609,0.002309113300492611,0.9976908866995073
YDR496C,-1,57.335103928778615,50,16,6480,37,0.9919489594409844,0.7575757575757576,0.5747126436781609,0.0024630541871921183,0.9975369458128078
YDR087C,-1,56.90588572299567,50,17,6479,37,0.9917970530153426,0.746268656716418,0.5747126436781609,0.0026169950738916255,0.9973830049261084
YOL080C,-1,56.51434483126238,50,18,6478,37,0.9916451465897007,0.7352941176470589,0.5747126436781609,0.002770935960591133,0.9972290640394089
YPR110C,-1,56.17442260081001,50,19,6477,37,0.9914932401640589,0.7246376811594203,0.5747126436781609,0.0029248768472906403,0.9970751231527094
YBR247C,-1,56.13004348483163,50,20,6476,37,0.9913413337384172,0.7142857142857143,0.5747126436781609,0.003078817733990148,0.9969211822660099
YLR175W,-1,56.12067803846595,50,21,6475,37,0.9911894273127754,0.704225352112676,0.5747126436781609,0.003232758620689655,0.9967672413793104
YER127W,-1,55.966314736900095,50,22,6474,37,0.9910375208871335,0.6944444444444444,0.5747126436781609,0.0033866995073891628,0.9966133004926109
YLR409C,-1,55.90266609531527,50,23,6473,37,0.9908856144614917,0.684931506849315,0.5747126436781609,0.00354064039408867,0.9964593596059114
YMR131C,-1,55.73857997062232,50,24,6472,37,0.9907337080358499,0.6756756756756757,0.5747126436781609,0.003694581280788177,0.9963054187192119
YNL151C,-1,55.69164748735953,50,25,6471,37,0.9905818016102081,0.6666666666666666,0.5747126436781609,0.003848522167487685,0.9961514778325123
YDL060W,-1,55.65195413963056,50,26,6470,37,0.9904298951845663,0.6578947368421053,0.5747126436781609,0.0040024630541871924,0.9959975369458128
YNL248C,-1,55.41159036324383,50,27,6469,37,0.9902779887589245,0.6493506493506493,0.5747126436781609,0.0041564039408867,0.9958435960591133
YLL008W,-1,55.36279689979949,50,28,6468,37,0.9901260823332827,0.6410256410256411,0.5747126436781609,0.004310344827586207,0.9956896551724138
YLL011W,-1,55.21264240689733,50,29,6467,37,0.9899741759076409,0.6329113924050633,0.5747126436781609,0.004464285714285714,0.9955357142857143
YNL002C,-1,54.897079150693585,50,30,6466,37,0.9898222694819991,0.625,0.5747126436781609,0.004618226600985222,0.9953817733990148
YKL143W,-1,54.743462937980695,50,31,6465,37,0.9896703630563572,0.6172839506172839,0.5747126436781609,0.004772167487684729,0.9952278325123153
YNL182C,-1,54.58032574694628,50,32,6464,37,0.9895184566307155,0.6097560975609756,0.5747126436781609,0.0049261083743842365,0.9950738916256158
YNL175C,-1,54.34007943834092,50,33,6463,37,0.9893665502050737,0.6024096385542169,0.5747126436781609,0.005080049261083744,0.9949199507389163
YLR009W,-1,54.30593627871414,50,34,6462,37,0.9892146437794319,0.5952380952380952,0.5747126436781609,0.005233990147783251,0.9947660098522167
YNL075W,-1,54.22457441457388,50,35,6461,37,0.98906273735379,0.5882352941176471,0.5747126436781609,0.005387931034482759,0.9946120689655172
YIL019W,-1,54.03834384997758,50,36,6460,37,0.9889108309281482,0.5813953488372093,0.5747126436781609,0.005541871921182266,0.9944581280788177
YML093W,-1,53.97863759587887,50,37,6459,37,0.9887589245025065,0.5747126436781609,0.5747126436781609,0.005695812807881773,0.9943041871921182
YLR221C,-1,53.93947061939619,50,38,6458,37,0.9886070180768647,0.5681818181818182,0.5747126436781609,0.005849753694581281,0.9941502463054187
YNR053C,-1,53.754188843649075,50,39,6457,37,0.9884551116512228,0.5617977528089888,0.5747126436781609,0.006003694581280788,0.9939963054187192
YJR002W,-1,53.53598465622151,50,40,6456,37,0.988303205225581,0.5555555555555556,0.5747126436781609,0.006157635467980296,0.9938423645320197
YDR299W,-1,53.33515150924528,50,41,6455,37,0.9881512987999392,0.5494505494505495,0.5747126436781609,0.006311576354679803,0.9936884236453202
YGR103W,-1,53.243110452171784,50,42,6454,37,0.9879993923742975,0.5434782608695652,0.5747126436781609,0.00646551724137931,0.9935344827586207
YGL099W,-1,53.13698290278233,50,43,6453,37,0.9878474859486557,0.5376344086021505,0.5747126436781609,0.0066194581280788175,0.9933805418719212
YOL124C,1,52.87650356777539,51,43,6453,36,0.9879993923742975,0.5425531914893617,0.5862068965517241,0.0066194581280788175,0.9933805418719212
YIR026C,-1,52.8626596194306,51,44,6452,36,0.9878474859486557,0.5368421052631579,0.5862068965517241,0.0067733990147783255,0.9932266009852216
YDR465C,-1,52.56858171521772,51,45,6451,36,0.9876955795230138,0.53125,0.5862068965517241,0.006927339901477833,0.9930726600985221
YGR128C,-1,52.42460502491737,51,46,6450,36,0.987543673097372,0.5257731958762887,0.5862068965517241,0.00708128078817734,0.9929187192118226
YHR169W,-1,52.1407440387008,51,47,6449,36,0.9873917666717302,0.5204081632653061,0.5862068965517241,0.007235221674876847,0.9927647783251231
YGL120C,-1,52.08040663500202,51,48,6448,36,0.9872398602460885,0.5151515151515151,0.5862068965517241,0.007389162561576354,0.9926108374384236
YIL127C,-1,51.827669564292854,51,49,6447,36,0.9870879538204466,0.51,0.5862068965517241,0.007543103448275862,0.9924568965517241
YOR294W,-1,51.742033441149474,51,50,6446,36,0.9869360473948048,0.504950495049505,0.5862068965517241,0.00769704433497537,0.9923029556650246
YJL148W,-1,51.74002509846675,51,51,6445,36,0.986784140969163,0.5,0.5862068965517241,0.007850985221674878,0.9921490147783252
YGL171W,-1,51.40152103710634,51,52,6444,36,0.9866322345435212,0.49514563106796117,0.5862068965517241,0.008004926108374385,0.9919950738916257
YHR170W,-1,51.34899487375767,51,53,6443,36,0.9864803281178793,0.49038461538461536,0.5862068965517241,0.008158866995073892,0.9918411330049262
YDR398W,-1,50.904812651849944,51,54,6442,36,0.9863284216922376,0.4857142857142857,0.5862068965517241,0.0083128078817734,0.9916871921182266
YGL111W,-1,50.8973432676749,51,55,6441,36,0.9861765152665958,0.4811320754716981,0.5862068965517241,0.008466748768472906,0.9915332512315271
YPL086C,-1,50.712496716262876,51,56,6440,36,0.986024608840954,0.4766355140186916,0.5862068965517241,0.008620689655172414,0.9913793103448276
YDL051W,-1,50.57390421248818,51,57,6439,36,0.9858727024153122,0.4722222222222222,0.5862068965517241,0.008774630541871921,0.9912253694581281
YPR112C,-1,50.546443670526315,51,58,6438,36,0.9857207959896703,0.46788990825688076,0.5862068965517241,0.008928571428571428,0.9910714285714286
YBL028C,-1,50.43356685126064,51,59,6437,36,0.9855688895640285,0.4636363636363636,0.5862068965517241,0.009082512315270935,0.9909174876847291
YOR340C,-1,50.38337452760226,51,60,6436,36,0.9854169831383868,0.4594594594594595,0.5862068965517241,0.009236453201970444,0.9907635467980296
YKL021C,-1,50.27521172330121,51,61,6435,36,0.985265076712745,0.45535714285714285,0.5862068965517241,0.009390394088669951,0.9906096059113301
YNL308C,-1,50.088109445130065,51,62,6434,36,0.9851131702871031,0.45132743362831856,0.5862068965517241,0.009544334975369459,0.9904556650246306
YCL059C,-1,49.90802216393067,51,63,6433,36,0.9849612638614613,0.4473684210526316,0.5862068965517241,0.009698275862068966,0.990301724137931
YOR145C,-1,49.7061569722432,51,64,6432,36,0.9848093574358195,0.4434782608695652,0.5862068965517241,0.009852216748768473,0.9901477832512315
YCL054W,1,49.63878732048569,52,64,6432,35,0.9849612638614613,0.4482758620689655,0.5977011494252874,0.009852216748768473,0.9901477832512315
YJR070C,-1,49.596153148094935,52,65,6431,35,0.9848093574358195,0.4444444444444444,0.5977011494252874,0.01000615763546798,0.989993842364532
YBL068W,-1,49.24754848904892,52,66,6430,35,0.9846574510101778,0.4406779661016949,0.5977011494252874,0.010160098522167487,0.9898399014778325
YGR187C,-1,49.245940541688775,52,67,6429,35,0.9845055445845359,0.4369747899159664,0.5977011494252874,0.010314039408866995,0.989685960591133
YOR243C,-1,48.334032278915736,52,68,6428,35,0.9843536381588941,0.43333333333333335,0.5977011494252874,0.010467980295566502,0.9895320197044335
YHR052W,-1,48.16598718937498,52,69,6427,35,0.9842017317332523,0.4297520661157025,0.5977011494252874,0.010621921182266009,0.989378078817734
YBR142W,-1,48.08616990028242,52,70,6426,35,0.9840498253076105,0.4262295081967213,0.5977011494252874,0.010775862068965518,0.9892241379310345
YHR148W,-1,47.80594650865334,52,71,6425,35,0.9838979188819688,0.42276422764227645,0.5977011494252874,0.010929802955665025,0.989070197044335
YBR267W,-1,47.36732260387156,52,72,6424,35,0.9837460124563269,0.41935483870967744,0.5977011494252874,0.011083743842364532,0.9889162561576355
YOR004W,-1,47.35107142477082,52,73,6423,35,0.9835941060306851,0.416,0.5977011494252874,0.01123768472906404,0.9887623152709359
YNL110C,-1,46.9802339869879,52,74,6422,35,0.9834421996050433,0.4126984126984127,0.5977011494252874,0.011391625615763547,0.9886083743842364
YLR197W,-1,46.933681582579645,52,75,6421,35,0.9832902931794015,0.4094488188976378,0.5977011494252874,0.011545566502463054,0.9884544334975369
YCR016W,-1,46.77255350465009,52,76,6420,35,0.9831383867537596,0.40625,0.5977011494252874,0.011699507389162561,0.9883004926108374
YPL043W,-1,46.70192418557008,52,77,6419,35,0.9829864803281179,0.40310077519379844,0.5977011494252874,0.011853448275862068,0.9881465517241379
YNL113W,-1,46.602604574517265,52,78,6418,35,0.9828345739024761,0.4,0.5977011494252874,0.012007389162561576,0.9879926108374384
YLR003C,0,46.48753266930573,52,78,6418,35,0.9828345739024761,0.4,0.5977011494252874,0.012007389162561576,0.9879926108374384
YDR161W,-1,46.389042333672556,52,79,6417,35,0.9826826674768343,0.3969465648854962,0.5977011494252874,0.012161330049261085,0.9878386699507389
YPR041W,-1,46.29831496301891,52,80,6416,35,0.9825307610511924,0.3939393939393939,0.5977011494252874,0.012315270935960592,0.9876847290640394
YLR435W,-1,46.28766712567111,52,81,6415,35,0.9823788546255506,0.39097744360902253,0.5977011494252874,0.012469211822660099,0.9875307881773399
YML080W,-1,46.10550635373586,52,82,6414,35,0.9822269481999089,0.3880597014925373,0.5977011494252874,0.012623152709359606,0.9873768472906403
YMR014W,-1,45.998965821281054,52,83,6413,35,0.9820750417742671,0.3851851851851852,0.5977011494252874,0.012777093596059113,0.9872229064039408
YMR310C,-1,45.71769310386415,52,84,6412,35,0.9819231353486253,0.38235294117647056,0.5977011494252874,0.01293103448275862,0.9870689655172413
YAL025C,-1,45.65160869970544,52,85,6411,35,0.9817712289229834,0.3795620437956204,0.5977011494252874,0.013084975369458128,0.9869150246305419
YKR024C,-1,45.617975611516634,52,86,6410,35,0.9816193224973416,0.37681159420289856,0.5977011494252874,0.013238916256157635,0.9867610837438424
YNL132W,-1,45.55226003152156,52,87,6409,35,0.9814674160716998,0.37410071942446044,0.5977011494252874,0.013392857142857142,0.9866071428571429
YPL211W,-1,45.391733716856606,52,88,6408,35,0.9813155096460581,0.37142857142857144,0.5977011494252874,0.013546798029556651,0.9864532019704434
YJL069C,-1,45.195112442272006,52,89,6407,35,0.9811636032204162,0.36879432624113473,0.5977011494252874,0.013700738916256158,0.9862992610837439
YOR001W,-1,45.102995509402206,52,90,6406,35,0.9810116967947744,0.36619718309859156,0.5977011494252874,0.013854679802955665,0.9861453201970444
YLR196W,-1,45.07113524737764,52,91,6405,35,0.9808597903691326,0.36363636363636365,0.5977011494252874,0.014008620689655173,0.9859913793103449
YGL029W,-1,44.945059461527215,52,92,6404,35,0.9807078839434908,0.3611111111111111,0.5977011494252874,0.01416256157635468,0.9858374384236454
YJL033W,-1,44.8348328905249,52,93,6403,35,0.980555977517849,0.3586206896551724,0.5977011494252874,0.014316502463054187,0.9856834975369458
YER006W,-1,44.73727370094564,52,94,6402,35,0.9804040710922072,0.3561643835616438,0.5977011494252874,0.014470443349753694,0.9855295566502463
YGR145W,-1,44.68963488107329,52,95,6401,35,0.9802521646665654,0.35374149659863946,0.5977011494252874,0.014624384236453201,0.9853756157635468
YKL181W,-1,44.65891149144105,52,96,6400,35,0.9801002582409236,0.35135135135135137,0.5977011494252874,0.014778325123152709,0.9852216748768473
YOR056C,-1,44.42174868598087,52,97,6399,35,0.9799483518152818,0.348993288590604,0.5977011494252874,0.014932266009852218,0.9850677339901478
YAL059W,-1,44.33696381359248,52,98,6398,35,0.97979644538964,0.3466666666666667,0.5977011494252874,0.015086206896551725,0.9849137931034483
YPL146C,-1,44.309563123692726,52,99,6397,35,0.9796445389639982,0.3443708609271523,0.5977011494252874,0.015240147783251232,0.9847598522167488
YGR123C,-1,44.26546356001872,52,100,6396,35,0.9794926325383564,0.34210526315789475,0.5977011494252874,0.01539408866995074,0.9846059113300493
YHR196W,-1,43.87948155393908,52,101,6395,35,0.9793407261127146,0.33986928104575165,0.5977011494252874,0.015548029556650246,0.9844519704433498
YNR054C,-1,43.81336883323088,52,102,6394,35,0.9791888196870727,0.33766233766233766,0.5977011494252874,0.015701970443349755,0.9842980295566502
YNL022C,-1,43.635026372795444,52,103,6393,35,0.9790369132614309,0.33548387096774196,0.5977011494252874,0.015855911330049263,0.9841440886699507
YJL050W,-1,43.61303040111412,52,104,6392,35,0.9788850068357892,0.3333333333333333,0.5977011494252874,0.01600985221674877,0.9839901477832512
YDR021W,-1,43.57275395275487,52,105,6391,35,0.9787331004101474,0.33121019108280253,0.5977011494252874,0.016163793103448277,0.9838362068965517
YHR069C,-1,43.001135459021725,52,106,6390,35,0.9785811939845055,0.3291139240506329,0.5977011494252874,0.016317733990147784,0.9836822660098522
YDR091C,-1,42.86088482937585,52,107,6389,35,0.9784292875588637,0.3270440251572327,0.5977011494252874,0.01647167487684729,0.9835283251231527
YIR012W,-1,42.532941455560305,52,108,6388,35,0.9782773811332219,0.325,0.5977011494252874,0.0166256157635468,0.9833743842364532
YDR361C,-1,42.308340318311366,52,109,6387,35,0.9781254747075802,0.32298136645962733,0.5977011494252874,0.016779556650246306,0.9832204433497537
YLR401C,-1,42.2489250115906,52,110,6386,35,0.9779735682819384,0.32098765432098764,0.5977011494252874,0.016933497536945813,0.9830665024630542
YDR190C,-1,42.14423823079737,52,111,6385,35,0.9778216618562965,0.31901840490797545,0.5977011494252874,0.01708743842364532,0.9829125615763546
YKL082C,-1,42.11819767277488,52,112,6384,35,0.9776697554306547,0.3170731707317073,0.5977011494252874,0.017241379310344827,0.9827586206896551
YCR057C,-1,41.89995182603176,52,113,6383,35,0.9775178490050129,0.3151515151515151,0.5977011494252874,0.017395320197044335,0.9826046798029556
YPL126W,-1,41.86884414006233,52,114,6382,35,0.9773659425793711,0.3132530120481928,0.5977011494252874,0.017549261083743842,0.9824507389162561
YHR197W,-1,41.85523000724225,52,115,6381,35,0.9772140361537293,0.31137724550898205,0.5977011494252874,0.01770320197044335,0.9822967980295566
YGR264C,-1,41.76941303416393,52,116,6380,35,0.9770621297280875,0.30952380952380953,0.5977011494252874,0.017857142857142856,0.9821428571428571
YMR239C,-1,41.70452656691769,52,117,6379,35,0.9769102233024457,0.3076923076923077,0.5977011494252874,0.018011083743842363,0.9819889162561576
YNL141W,-1,41.58730847963278,52,118,6378,35,0.9767583168768039,0.3058823529411765,0.5977011494252874,0.01816502463054187,0.9818349753694581
YOR272W,-1,41.41487426350091,52,119,6377,35,0.976606410451162,0.30409356725146197,0.5977011494252874,0.018318965517241378,0.9816810344827587
YMR217W,-1,41.30922068518625,52,120,6376,35,0.9764545040255203,0.3023255813953488,0.5977011494252874,0.01847290640394089,0.9815270935960592
YNL256W,-1,41.273411386210924,52,121,6375,35,0.9763025975998785,0.30057803468208094,0.5977011494252874,0.018626847290640396,0.9813731527093597
YJR003C,0,41.1029783500253,52,121,6375,35,0.9763025975998785,0.30057803468208094,0.5977011494252874,0.018626847290640396,0.9813731527093597
YOL097C,-1,40.886303219288685,52,122,6374,35,0.9761506911742367,0.2988505747126437,0.5977011494252874,0.018780788177339903,0.9812192118226601
YBR155W,-1,40.580100828447605,52,123,6373,35,0.9759987847485949,0.29714285714285715,0.5977011494252874,0.01893472906403941,0.9810652709359606
YHR066W,-1,40.52619739182136,52,124,6372,35,0.975846878322953,0.29545454545454547,0.5977011494252874,0.019088669950738917,0.9809113300492611
YKR060W,-1,40.48938686790682,52,125,6371,35,0.9756949718973112,0.2937853107344633,0.5977011494252874,0.019242610837438424,0.9807573891625616
YKL172W,-1,40.20156926400854,52,126,6370,35,0.9755430654716695,0.29213483146067415,0.5977011494252874,0.01939655172413793,0.9806034482758621
YKR026C,-1,39.99979967854312,52,127,6369,35,0.9753911590460277,0.2905027932960894,0.5977011494252874,0.01955049261083744,0.9804495073891626
YGR280C,-1,39.71411022001622,52,128,6368,35,0.9752392526203858,0.28888888888888886,0.5977011494252874,0.019704433497536946,0.9802955665024631
YFR001W,-1,39.57778832435047,52,129,6367,35,0.975087346194744,0.287292817679558,0.5977011494252874,0.019858374384236453,0.9801416256157636
YNL119W,-1,39.351341801861196,52,130,6366,35,0.9749354397691022,0.2857142857142857,0.5977011494252874,0.02001231527093596,0.9799876847290641
YLR449W,-1,39.132492821385114,52,131,6365,35,0.9747835333434605,0.28415300546448086,0.5977011494252874,0.020166256157635468,0.9798337438423645
YNL112W,-1,39.06526299412281,52,132,6364,35,0.9746316269178186,0.2826086956521739,0.5977011494252874,0.020320197044334975,0.979679802955665
YDR412W,-1,39.00336002929953,52,133,6363,35,0.9744797204921768,0.2810810810810811,0.5977011494252874,0.020474137931034482,0.9795258620689655
YDR300C,-1,38.99350591225557,52,134,6362,35,0.974327814066535,0.27956989247311825,0.5977011494252874,0.02062807881773399,0.979371921182266
YDL153C,-1,38.749034722675034,52,135,6361,35,0.9741759076408932,0.27807486631016043,0.5977011494252874,0.020782019704433496,0.9792179802955665
YER126C,-1,38.69394164918408,52,136,6360,35,0.9740240012152515,0.2765957446808511,0.5977011494252874,0.020935960591133004,0.979064039408867
YHR088W,-1,38.64417706263231,52,137,6359,35,0.9738720947896096,0.2751322751322751,0.5977011494252874,0.02108990147783251,0.9789100985221675
YDR449C,-1,38.619388716757044,52,138,6358,35,0.9737201883639678,0.2736842105263158,0.5977011494252874,0.021243842364532018,0.978756157635468
YAL036C,-1,38.513376826291136,52,139,6357,35,0.973568281938326,0.27225130890052357,0.5977011494252874,0.02139778325123153,0.9786022167487685
YGR200C,-1,38.42597311289067,52,140,6356,35,0.9734163755126842,0.2708333333333333,0.5977011494252874,0.021551724137931036,0.978448275862069
YHL011C,-1,38.420820882971256,52,141,6355,35,0.9732644690870423,0.2694300518134715,0.5977011494252874,0.021705665024630543,0.9782943349753694
YPR143W,-1,37.805213525813606,52,142,6354,35,0.9731125626614006,0.26804123711340205,0.5977011494252874,0.02185960591133005,0.9781403940886699
YLR397C,-1,37.782767435777316,52,143,6353,35,0.9729606562357588,0.26666666666666666,0.5977011494252874,0.022013546798029558,0.9779864532019704
YJR063W,-1,36.84962331895688,52,144,6352,35,0.972808749810117,0.2653061224489796,0.5977011494252874,0.022167487684729065,0.9778325123152709
YDR339C,-1,36.82299074188415,52,145,6351,35,0.9726568433844751,0.2639593908629442,0.5977011494252874,0.022321428571428572,0.9776785714285714
YPR060C,-1,36.635093241855905,52,146,6350,35,0.9725049369588333,0.26262626262626265,0.5977011494252874,0.02247536945812808,0.9775246305418719
YDL063C,-1,36.51742286444569,52,147,6349,35,0.9723530305331916,0.2613065326633166,0.5977011494252874,0.022629310344827586,0.9773706896551724
YNL247W,-1,36.42732068289098,52,148,6348,35,0.9722011241075498,0.26,0.5977011494252874,0.022783251231527094,0.9772167487684729
YDR211W,-1,35.62985171692106,52,149,6347,35,0.972049217681908,0.25870646766169153,0.5977011494252874,0.0229371921182266,0.9770628078817734
YHR020W,-1,35.55924867815528,52,150,6346,35,0.9718973112562661,0.25742574257425743,0.5977011494252874,0.023091133004926108,0.9769088669950738
YLR051C,-1,35.464433590073604,52,151,6345,35,0.9717454048306243,0.2561576354679803,0.5977011494252874,0.023245073891625615,0.9767549261083743
YNR012W,-1,35.2488218855455,52,152,6344,35,0.9715934984049825,0.2549019607843137,0.5977011494252874,0.023399014778325122,0.9766009852216748
YDR395W,-1,34.850684662445644,52,153,6343,35,0.9714415919793408,0.25365853658536586,0.5977011494252874,0.02355295566502463,0.9764470443349754
YPL226W,-1,34.73589931416201,52,154,6342,35,0.9712896855536989,0.2524271844660194,0.5977011494252874,0.023706896551724137,0.9762931034482759
YDL031W,-1,34.67772128517735,52,155,6341,35,0.9711377791280571,0.25120772946859904,0.5977011494252874,0.023860837438423644,0.9761391625615764
YIL096C,-1,34.59063847756836,52,156,6340,35,0.9709858727024153,0.25,0.5977011494252874,0.02401477832512315,0.9759852216748769
YLR017W,-1,34.454234156637725,52,157,6339,35,0.9708339662767735,0.24880382775119617,0.5977011494252874,0.024168719211822662,0.9758312807881774
YBR143C,-1,34.316566091649875,52,158,6338,35,0.9706820598511317,0.24761904761904763,0.5977011494252874,0.02432266009852217,0.9756773399014779
YOR021C,-1,34.138556637994675,52,159,6337,35,0.9705301534254899,0.24644549763033174,0.5977011494252874,0.024476600985221676,0.9755233990147784
YKL191W,-1,33.97947686117699,52,160,6336,35,0.9703782469998481,0.24528301886792453,0.5977011494252874,0.024630541871921183,0.9753694581280788
YLR074C,-1,33.843891031318236,52,161,6335,35,0.9702263405742063,0.24413145539906103,0.5977011494252874,0.02478448275862069,0.9752155172413793
YLR002C,-1,33.66866726260481,52,162,6334,35,0.9700744341485645,0.24299065420560748,0.5977011494252874,0.024938423645320198,0.9750615763546798
YDL111C,-1,33.45854989606069,52,163,6333,35,0.9699225277229226,0.24186046511627907,0.5977011494252874,0.025092364532019705,0.9749076354679803
YPR163C,-1,33.43689001671298,52,164,6332,35,0.9697706212972809,0.24074074074074073,0.5977011494252874,0.025246305418719212,0.9747536945812808
YHR065C,-1,33.279165296769385,52,165,6331,35,0.9696187148716391,0.23963133640552994,0.5977011494252874,0.02540024630541872,0.9745997536945813
YDR245W,-1,33.20968055003243,52,166,6330,35,0.9694668084459973,0.23853211009174313,0.5977011494252874,0.025554187192118227,0.9744458128078818
YLR129W,-1,33.16567388406038,52,167,6329,35,0.9693149020203554,0.2374429223744292,0.5977011494252874,0.025708128078817734,0.9742918719211823
YBL039C,-1,33.16430420074072,52,168,6328,35,0.9691629955947136,0.23636363636363636,0.5977011494252874,0.02586206896551724,0.9741379310344828
YKL009W,-1,32.98049784034273,52,169,6327,35,0.9690110891690719,0.23529411764705882,0.5977011494252874,0.026016009852216748,0.9739839901477833
YJL208C,-1,32.82738244903078,52,170,6326,35,0.9688591827434301,0.23423423423423423,0.5977011494252874,0.026169950738916255,0.9738300492610837
YKL113C,-1,32.46500997802075,52,171,6325,35,0.9687072763177882,0.23318385650224216,0.5977011494252874,0.026323891625615763,0.9736761083743842
YDR324C,-1,32.199476122996174,52,172,6324,35,0.9685553698921464,0.23214285714285715,0.5977011494252874,0.02647783251231527,0.9735221674876847
YKL099C,-1,32.10393781730363,52,173,6323,35,0.9684034634665046,0.2311111111111111,0.5977011494252874,0.026631773399014777,0.9733682266009852
YNR046W,1,31.873890213370668,53,173,6323,34,0.9685553698921464,0.2345132743362832,0.6091954022988506,0.026631773399014777,0.9733682266009852
YMR049C,-1,31.819633063117855,53,174,6322,34,0.9684034634665046,0.23348017621145375,0.6091954022988506,0.026785714285714284,0.9732142857142857
YER110C,-1,31.818284516056398,53,175,6321,34,0.9682515570408629,0.2324561403508772,0.6091954022988506,0.02693965517241379,0.9730603448275862
YPR144C,-1,31.711082170977328,53,176,6320,34,0.9680996506152211,0.2314410480349345,0.6091954022988506,0.027093596059113302,0.9729064039408867
YLR405W,-1,31.352513348626264,53,177,6319,34,0.9679477441895792,0.23043478260869565,0.6091954022988506,0.02724753694581281,0.9727524630541872
YOR091W,-1,31.342494969368932,53,178,6318,34,0.9677958377639374,0.22943722943722944,0.6091954022988506,0.027401477832512317,0.9725985221674877
YDL148C,-1,30.837802080747917,53,179,6317,34,0.9676439313382956,0.22844827586206898,0.6091954022988506,0.027555418719211824,0.9724445812807881
YDR280W,-1,30.759734568314737,53,180,6316,34,0.9674920249126538,0.22746781115879827,0.6091954022988506,0.02770935960591133,0.9722906403940886
tS(UGA)I,-1,30.747920215129852,53,181,6315,34,0.967340118487012,0.2264957264957265,0.6091954022988506,0.027863300492610838,0.9721366995073891
snR161,-1,30.747920215129852,53,182,6314,34,0.9671882120613702,0.225531914893617,0.6091954022988506,0.028017241379310345,0.9719827586206896
tK(UUU)K,-1,30.747920215129852,53,183,6313,34,0.9670363056357284,0.2245762711864407,0.6091954022988506,0.028171182266009853,0.9718288177339901
tE(CUC)I,-1,30.747920215129852,53,184,6312,34,0.9668843992100866,0.22362869198312235,0.6091954022988506,0.02832512315270936,0.9716748768472906
tP(UGG)A,-1,30.747920215129852,53,185,6311,34,0.9667324927844447,0.22268907563025211,0.6091954022988506,0.028479064039408867,0.9715209359605911
GRD3,-1,30.747920215129852,53,186,6310,34,0.966580586358803,0.2217573221757322,0.6091954022988506,0.028633004926108374,0.9713669950738916
tK(CUU)I,-1,30.747920215129852,53,187,6309,34,0.9664286799331612,0.22083333333333333,0.6091954022988506,0.02878694581280788,0.9712130541871922
tL(CAA)M,-1,30.747920215129852,53,188,6308,34,0.9662767735075194,0.21991701244813278,0.6091954022988506,0.02894088669950739,0.9710591133004927
tC(GCA)B,-1,30.747920215129852,53,189,6307,34,0.9661248670818776,0.2190082644628099,0.6091954022988506,0.029094827586206896,0.9709051724137931
tK(UUU)Q,-1,30.747920215129852,53,190,6306,34,0.9659729606562357,0.21810699588477367,0.6091954022988506,0.029248768472906403,0.9707512315270936
tM(CAU)J2,-1,30.747920215129852,53,191,6305,34,0.965821054230594,0.21721311475409835,0.6091954022988506,0.02940270935960591,0.9705972906403941
ANC4,-1,30.747920215129852,53,192,6304,34,0.9656691478049522,0.2163265306122449,0.6091954022988506,0.029556650246305417,0.9704433497536946
MEL3,-1,30.747920215129852,53,193,6303,34,0.9655172413793104,0.21544715447154472,0.6091954022988506,0.029710591133004925,0.9702894088669951
SUC5,-1,30.747920215129852,53,194,6302,34,0.9653653349536685,0.2145748987854251,0.6091954022988506,0.029864532019704435,0.9701354679802956
MEL8,-1,30.747920215129852,53,195,6301,34,0.9652134285280267,0.21370967741935484,0.6091954022988506,0.030018472906403942,0.9699815270935961
tQ(UUG)H,-1,30.747920215129852,53,196,6300,34,0.9650615221023849,0.21285140562248997,0.6091954022988506,0.03017241379310345,0.9698275862068966
tM(CAU)P,-1,30.747920215129852,53,197,6299,34,0.9649096156767432,0.212,0.6091954022988506,0.030326354679802957,0.9696736453201971
tI(AAU)G,-1,30.747920215129852,53,198,6298,34,0.9647577092511013,0.21115537848605578,0.6091954022988506,0.030480295566502464,0.9695197044334976
tK(CUU)E1,-1,30.747920215129852,53,199,6297,34,0.9646058028254595,0.21031746031746032,0.6091954022988506,0.03063423645320197,0.969365763546798
tP(UGG)M,-1,30.747920215129852,53,200,6296,34,0.9644538963998177,0.20948616600790515,0.6091954022988506,0.03078817733990148,0.9692118226600985
YDL038C,0,30.747920215129852,53,200,6296,34,0.9644538963998177,0.20948616600790515,0.6091954022988506,0.03078817733990148,0.9692118226600985
tE(UUC)G2,-1,30.747920215129852,53,201,6295,34,0.9643019899741759,0.20866141732283464,0.6091954022988506,0.030942118226600986,0.969057881773399
tL(UAA)N,-1,30.747920215129852,53,202,6294,34,0.9641500835485342,0.20784313725490197,0.6091954022988506,0.031096059113300493,0.9689039408866995
OSR2,-1,30.747920215129852,53,203,6293,34,0.9639981771228923,0.20703125,0.6091954022988506,0.03125,0.96875
MEL9,-1,30.747920215129852,53,204,6292,34,0.9638462706972505,0.20622568093385213,0.6091954022988506,0.03140394088669951,0.9685960591133005
tK(UUU)P,-1,30.747920215129852,53,205,6291,34,0.9636943642716087,0.2054263565891473,0.6091954022988506,0.031557881773399014,0.968442118226601
tI(GAU)Q,-1,30.747920215129852,53,206,6290,34,0.9635424578459669,0.20463320463320464,0.6091954022988506,0.031711822660098525,0.9682881773399015
BST3,-1,30.747920215129852,53,207,6289,34,0.963390551420325,0.20384615384615384,0.6091954022988506,0.03186576354679803,0.968134236453202
tD(GUC)N,-1,30.747920215129852,53,208,6288,34,0.9632386449946833,0.20306513409961685,0.6091954022988506,0.03201970443349754,0.9679802955665024
tD(GUC)K,-1,30.747920215129852,53,209,6287,34,0.9630867385690415,0.20229007633587787,0.6091954022988506,0.03217364532019704,0.9678263546798029
tY(GUA)O,-1,30.747920215129852,53,210,6286,34,0.9629348321433997,0.20152091254752852,0.6091954022988506,0.032327586206896554,0.9676724137931034
tT(AGU)B,-1,30.747920215129852,53,211,6285,34,0.9627829257177578,0.20075757575757575,0.6091954022988506,0.03248152709359606,0.9675184729064039
tV(AAC)M1,-1,30.747920215129852,53,212,6284,34,0.962631019292116,0.2,0.6091954022988506,0.03263546798029557,0.9673645320197044
tP(UGG)Q,-1,30.747920215129852,53,213,6283,34,0.9624791128664743,0.19924812030075187,0.6091954022988506,0.03278940886699507,0.9672105911330049
tD(GUC)Q,-1,30.747920215129852,53,214,6282,34,0.9623272064408325,0.19850187265917604,0.6091954022988506,0.03294334975369458,0.9670566502463054
tI(UAU)D,-1,30.747920215129852,53,215,6281,34,0.9621753000151907,0.19776119402985073,0.6091954022988506,0.033097290640394086,0.9669027093596059
MAL43,-1,30.747920215129852,53,216,6280,34,0.9620233935895488,0.1970260223048327,0.6091954022988506,0.0332512315270936,0.9667487684729064
MEL7,-1,30.747920215129852,53,217,6279,34,0.961871487163907,0.1962962962962963,0.6091954022988506,0.0334051724137931,0.9665948275862069
tV(UAC)D,-1,30.747920215129852,53,218,6278,34,0.9617195807382652,0.19557195571955718,0.6091954022988506,0.03355911330049261,0.9664408866995073
snR30,-1,30.747920215129852,53,219,6277,34,0.9615676743126235,0.1948529411764706,0.6091954022988506,0.033713054187192115,0.9662869458128078
snR85,-1,30.747920215129852,53,220,6276,34,0.9614157678869816,0.19413919413919414,0.6091954022988506,0.033866995073891626,0.9661330049261084
tG(UCC)G,-1,30.747920215129852,53,221,6275,34,0.9612638614613398,0.19343065693430658,0.6091954022988506,0.03402093596059113,0.9659790640394089
tF(GAA)H1,-1,30.747920215129852,53,222,6274,34,0.961111955035698,0.19272727272727272,0.6091954022988506,0.03417487684729064,0.9658251231527094
tP(UGG)O1,-1,30.747920215129852,53,223,6273,34,0.9609600486100562,0.19202898550724637,0.6091954022988506,0.03432881773399015,0.9656711822660099
tT(UGU)G2,-1,30.747920215129852,53,224,6272,34,0.9608081421844143,0.19133574007220217,0.6091954022988506,0.034482758620689655,0.9655172413793104
tK(CUU)E2,-1,30.747920215129852,53,225,6271,34,0.9606562357587726,0.1906474820143885,0.6091954022988506,0.034636699507389165,0.9653633004926109
OSR7,-1,30.747920215129852,53,226,6270,34,0.9605043293331308,0.18996415770609318,0.6091954022988506,0.03479064039408867,0.9652093596059114
tT(UGU)G1,-1,30.747920215129852,53,227,6269,34,0.960352422907489,0.18928571428571428,0.6091954022988506,0.03494458128078818,0.9650554187192119
YKR095W-A,-1,30.747920215129852,53,228,6268,34,0.9602005164818472,0.18861209964412812,0.6091954022988506,0.035098522167487683,0.9649014778325123
GRD5,-1,30.747920215129852,53,229,6267,34,0.9600486100562053,0.1879432624113475,0.6091954022988506,0.035252463054187194,0.9647475369458128
tE(UUC)Q,-1,30.747920215129852,53,230,6266,34,0.9598967036305636,0.1872791519434629,0.6091954022988506,0.0354064039408867,0.9645935960591133
RDN25,-1,30.747920215129852,53,231,6265,34,0.9597447972049218,0.18661971830985916,0.6091954022988506,0.03556034482758621,0.9644396551724138
tK(CUU)C,-1,30.747920215129852,53,232,6264,34,0.95959289077928,0.18596491228070175,0.6091954022988506,0.03571428571428571,0.9642857142857143
tD(GUC)J3,-1,30.747920215129852,53,233,6263,34,0.9594409843536381,0.1853146853146853,0.6091954022988506,0.03586822660098522,0.9641317733990148
tW(UCA)Q,-1,30.747920215129852,53,234,6262,34,0.9592890779279963,0.18466898954703834,0.6091954022988506,0.03602216748768473,0.9639778325123153
YKL138C-A,-1,30.747920215129852,53,235,6261,34,0.9591371715023546,0.1840277777777778,0.6091954022988506,0.03617610837438424,0.9638238916256158
tS(AGA)G,-1,30.747920215129852,53,236,6260,34,0.9589852650767128,0.18339100346020762,0.6091954022988506,0.03633004926108374,0.9636699507389163
tK(UUU)G1,-1,30.747920215129852,53,237,6259,34,0.9588333586510709,0.18275862068965518,0.6091954022988506,0.03648399014778325,0.9635160098522167
tW(CCA)P,-1,30.747920215129852,53,238,6258,34,0.9586814522254291,0.18213058419243985,0.6091954022988506,0.036637931034482756,0.9633620689655172
tN(GUU)G,-1,30.747920215129852,53,239,6257,34,0.9585295457997873,0.1815068493150685,0.6091954022988506,0.036791871921182266,0.9632081280788177
tP(UGG)N2,-1,30.747920215129852,53,240,6256,34,0.9583776393741456,0.18088737201365188,0.6091954022988506,0.03694581280788178,0.9630541871921182
snR191,-1,30.747920215129852,53,241,6255,34,0.9582257329485038,0.18027210884353742,0.6091954022988506,0.03709975369458128,0.9629002463054187
tR(UCU)G3,-1,30.747920215129852,53,242,6254,34,0.9580738265228619,0.17966101694915254,0.6091954022988506,0.03725369458128079,0.9627463054187192
STA2,-1,30.747920215129852,53,243,6253,34,0.9579219200972201,0.17905405405405406,0.6091954022988506,0.037407635467980295,0.9625923645320197
tK(CUU)G2,-1,30.747920215129852,53,244,6252,34,0.9577700136715783,0.17845117845117844,0.6091954022988506,0.037561576354679806,0.9624384236453202
tW(CCA)J,-1,30.747920215129852,53,245,6251,34,0.9576181072459365,0.17785234899328858,0.6091954022988506,0.03771551724137931,0.9622844827586207
tN(GUU)L,-1,30.747920215129852,53,246,6250,34,0.9574662008202947,0.17725752508361203,0.6091954022988506,0.03786945812807882,0.9621305418719212
tV(AAC)M3,-1,30.747920215129852,53,247,6249,34,0.9573142943946529,0.17666666666666667,0.6091954022988506,0.038023399014778324,0.9619766009852216
snR7-S,-1,30.747920215129852,53,248,6248,34,0.9571623879690111,0.1760797342192691,0.6091954022988506,0.038177339901477834,0.9618226600985221
tW(CCA)M,-1,30.747920215129852,53,249,6247,34,0.9570104815433693,0.17549668874172186,0.6091954022988506,0.03833128078817734,0.9616687192118226
tT(AGU)I2,-1,30.747920215129852,53,250,6246,34,0.9568585751177274,0.17491749174917492,0.6091954022988506,0.03848522167487685,0.9615147783251231
tL(CAA)G3,-1,30.747920215129852,53,251,6245,34,0.9567066686920856,0.17434210526315788,0.6091954022988506,0.03863916256157635,0.9613608374384236
tK(UUU)O,-1,30.747920215129852,53,252,6244,34,0.9565547622664439,0.1737704918032787,0.6091954022988506,0.03879310344827586,0.9612068965517241
YNR003C,-1,30.59124254895002,53,253,6243,34,0.9564028558408021,0.17320261437908496,0.6091954022988506,0.03894704433497537,0.9610529556650246
YOR095C,-1,30.432757166971665,53,254,6242,34,0.9562509494151603,0.17263843648208468,0.6091954022988506,0.03910098522167488,0.9608990147783252
YKR025W,-1,30.408367036318744,53,255,6241,34,0.9560990429895184,0.17207792207792208,0.6091954022988506,0.03925492610837438,0.9607450738916257
YPR190C,-1,30.359827665240516,53,256,6240,34,0.9559471365638766,0.1715210355987055,0.6091954022988506,0.03940886699507389,0.9605911330049262
YHR144C,-1,30.127106705623312,53,257,6239,34,0.9557952301382349,0.17096774193548386,0.6091954022988506,0.039562807881773396,0.9604371921182266
YOL041C,-1,30.04314103294591,53,258,6238,34,0.9556433237125931,0.17041800643086816,0.6091954022988506,0.039716748768472906,0.9602832512315271
YOR078W,-1,29.943089862627208,53,259,6237,34,0.9554914172869512,0.16987179487179488,0.6091954022988506,0.03987068965517242,0.9601293103448276
YLR186W,-1,29.89956339753353,53,260,6236,34,0.9553395108613094,0.16932907348242812,0.6091954022988506,0.04002463054187192,0.9599753694581281
YOR361C,-1,29.69397032850486,53,261,6235,34,0.9551876044356676,0.16878980891719744,0.6091954022988506,0.04017857142857143,0.9598214285714286
YDL166C,-1,29.654404334453353,53,262,6234,34,0.9550356980100259,0.16825396825396827,0.6091954022988506,0.040332512315270935,0.9596674876847291
YJR007W,-1,29.602074332695622,53,263,6233,34,0.954883791584384,0.16772151898734178,0.6091954022988506,0.040486453201970446,0.9595135467980296
YMR146C,-1,29.565978275639708,53,264,6232,34,0.9547318851587422,0.167192429022082,0.6091954022988506,0.04064039408866995,0.9593596059113301
YKR092C,-1,29.530729511337576,53,265,6231,34,0.9545799787331004,0.16666666666666666,0.6091954022988506,0.04079433497536946,0.9592056650246306
YHR062C,-1,29.095272898217257,53,266,6230,34,0.9544280723074586,0.16614420062695925,0.6091954022988506,0.040948275862068964,0.959051724137931
YOR224C,-1,28.84444083207315,53,267,6229,34,0.9542761658818169,0.165625,0.6091954022988506,0.041102216748768475,0.9588977832512315
YHL039W,-1,28.8384531885379,53,268,6228,34,0.954124259456175,0.16510903426791276,0.6091954022988506,0.04125615763546798,0.958743842364532
YDR312W,-1,28.64105645168247,53,269,6227,34,0.9539723530305332,0.16459627329192547,0.6091954022988506,0.04141009852216749,0.9585899014778325
YNL313C,-1,28.598670512673948,53,270,6226,34,0.9538204466048914,0.16408668730650156,0.6091954022988506,0.04156403940886699,0.958435960591133
YDR060W,-1,28.26671014100282,53,271,6225,34,0.9536685401792496,0.16358024691358025,0.6091954022988506,0.041717980295566504,0.9582820197044335
YHR089C,-1,28.252978562929187,53,272,6224,34,0.9535166337536077,0.16307692307692306,0.6091954022988506,0.04187192118226601,0.958128078817734
YEL055C,-1,28.043256841533108,53,273,6223,34,0.953364727327966,0.16257668711656442,0.6091954022988506,0.04202586206896552,0.9579741379310345
YMR309C,-1,27.609757178243893,53,274,6222,34,0.9532128209023242,0.1620795107033639,0.6091954022988506,0.04217980295566502,0.957820197044335
YLL034C,-1,27.52615925917006,53,275,6221,34,0.9530609144766824,0.16158536585365854,0.6091954022988506,0.04233374384236453,0.9576662561576355
YNL096C,-1,27.479132613305783,53,276,6220,34,0.9529090080510405,0.16109422492401215,0.6091954022988506,0.042487684729064036,0.9575123152709359
YML060W,-1,27.24834131273626,53,277,6219,34,0.9527571016253987,0.1606060606060606,0.6091954022988506,0.04264162561576355,0.9573583743842364
YOL010W,-1,27.15138038287589,53,278,6218,34,0.952605195199757,0.16012084592145015,0.6091954022988506,0.04279556650246306,0.9572044334975369
YPR187W,-1,27.142988311592052,53,279,6217,34,0.9524532887741152,0.15963855421686746,0.6091954022988506,0.04294950738916256,0.9570504926108374
YBR084W,-1,27.102632873554608,53,280,6216,34,0.9523013823484734,0.15915915915915915,0.6091954022988506,0.04310344827586207,0.9568965517241379
YJL014W,-1,27.01325212886506,53,281,6215,34,0.9521494759228315,0.15868263473053892,0.6091954022988506,0.043257389162561576,0.9567426108374384
YGL169W,-1,26.946413259806402,53,282,6214,34,0.9519975694971897,0.1582089552238806,0.6091954022988506,0.043411330049261086,0.9565886699507389
YDR429C,-1,26.77773779859086,53,283,6213,34,0.9518456630715479,0.15773809523809523,0.6091954022988506,0.04356527093596059,0.9564347290640394
YOR101W,-1,26.770159959800345,53,284,6212,34,0.9516937566459062,0.1572700296735905,0.6091954022988506,0.0437192118226601,0.9562807881773399
YKL144C,-1,26.76155780211841,53,285,6211,34,0.9515418502202643,0.15680473372781065,0.6091954022988506,0.043873152709359604,0.9561268472906403
YJL183W,-1,26.530583371874606,53,286,6210,34,0.9513899437946225,0.15634218289085547,0.6091954022988506,0.044027093596059115,0.9559729064039408
YML022W,-1,26.154402631950934,53,287,6209,34,0.9512380373689807,0.15588235294117647,0.6091954022988506,0.04418103448275862,0.9558189655172413
YEL040W,-1,26.046739735332803,53,288,6208,34,0.9510861309433389,0.15542521994134897,0.6091954022988506,0.04433497536945813,0.9556650246305419
YMR229C,-1,25.939085741246153,53,289,6207,34,0.950934224517697,0.15497076023391812,0.6091954022988506,0.04448891625615763,0.9555110837438424
YOR168W,-1,25.853407064067174,53,290,6206,34,0.9507823180920553,0.15451895043731778,0.6091954022988506,0.044642857142857144,0.9553571428571429
YOR287C,-1,25.769954721186366,53,291,6205,34,0.9506304116664135,0.15406976744186046,0.6091954022988506,0.04479679802955665,0.9552032019704434
YJL109C,-1,25.754160908172167,53,292,6204,34,0.9504785052407717,0.1536231884057971,0.6091954022988506,0.04495073891625616,0.9550492610837439
YOR310C,-1,25.726133848092605,53,293,6203,34,0.9503265988151299,0.1531791907514451,0.6091954022988506,0.04510467980295566,0.9548953201970444
YBL054W,-1,25.491572540813447,53,294,6202,34,0.950174692389488,0.15273775216138327,0.6091954022988506,0.04525862068965517,0.9547413793103449
YGR162W,-1,25.243041951528433,53,295,6201,34,0.9500227859638463,0.15229885057471265,0.6091954022988506,0.045412561576354676,0.9545874384236454
YDL167C,-1,25.040549903660253,53,296,6200,34,0.9498708795382045,0.1518624641833811,0.6091954022988506,0.04556650246305419,0.9544334975369458
YJR069C,-1,24.78754549728036,53,297,6199,34,0.9497189731125627,0.15142857142857144,0.6091954022988506,0.0457204433497537,0.9542795566502463
YDR075W,-1,24.754760303605448,53,298,6198,34,0.9495670666869208,0.150997150997151,0.6091954022988506,0.0458743842364532,0.9541256157635468
YML097C,-1,24.73215651089039,53,299,6197,34,0.949415160261279,0.15056818181818182,0.6091954022988506,0.04602832512315271,0.9539716748768473
YPR137W,-1,24.43255561758074,53,300,6196,34,0.9492632538356373,0.1501416430594901,0.6091954022988506,0.046182266009852216,0.9538177339901478
YNR038W,-1,24.41767358396188,53,301,6195,34,0.9491113474099955,0.1497175141242938,0.6091954022988506,0.04633620689655173,0.9536637931034483
YER036C,-1,24.27742388574332,53,302,6194,34,0.9489594409843536,0.14929577464788732,0.6091954022988506,0.04649014778325123,0.9535098522167488
YGR081C,-1,24.234574107966285,53,303,6193,34,0.9488075345587118,0.14887640449438203,0.6091954022988506,0.04664408866995074,0.9533559113300493
YKL004W,-1,23.706220874386453,53,304,6192,34,0.94865562813307,0.1484593837535014,0.6091954022988506,0.046798029556650245,0.9532019704433498
YOR241W,-1,23.68252371778749,53,305,6191,34,0.9485037217074282,0.14804469273743018,0.6091954022988506,0.046951970443349755,0.9530480295566502
YGR083C,-1,23.379969518510244,53,306,6190,34,0.9483518152817865,0.14763231197771587,0.6091954022988506,0.04710591133004926,0.9528940886699507
YGR078C,-1,23.296605545444002,53,307,6189,34,0.9481999088561446,0.14722222222222223,0.6091954022988506,0.04725985221674877,0.9527401477832512
YIL104C,-1,23.26603062665623,53,308,6188,34,0.9480480024305028,0.14681440443213298,0.6091954022988506,0.04741379310344827,0.9525862068965517
YJL198W,-1,23.22883849820145,53,309,6187,34,0.947896096004861,0.1464088397790055,0.6091954022988506,0.047567733990147784,0.9524322660098522
YGR158C,-1,23.2235231782042,53,310,6186,34,0.9477441895792192,0.14600550964187328,0.6091954022988506,0.04772167487684729,0.9522783251231527
YDL150W,-1,23.06804906705561,53,311,6185,34,0.9475922831535774,0.14560439560439561,0.6091954022988506,0.0478756157635468,0.9521243842364532
YDR399W,-1,22.94267818160666,53,312,6184,34,0.9474403767279356,0.14520547945205478,0.6091954022988506,0.0480295566502463,0.9519704433497537
YGL246C,-1,22.871300567169236,53,313,6183,34,0.9472884703022938,0.1448087431693989,0.6091954022988506,0.04818349753694581,0.9518165024630542
YOR108W,0,22.75520811676883,53,313,6183,34,0.9472884703022938,0.1448087431693989,0.6091954022988506,0.04818349753694581,0.9518165024630542
YML082W,-1,22.743855611559866,53,314,6182,34,0.947136563876652,0.1444141689373297,0.6091954022988506,0.048337438423645324,0.9516625615763546
YLR215C,-1,22.652764312520098,53,315,6181,34,0.9469846574510101,0.14402173913043478,0.6091954022988506,0.04849137931034483,0.9515086206896551
YDR365C,-1,22.59087843639112,53,316,6180,34,0.9468327510253683,0.14363143631436315,0.6091954022988506,0.04864532019704434,0.9513546798029556
YNR015W,-1,22.31557825429714,53,317,6179,34,0.9466808445997266,0.14324324324324325,0.6091954022988506,0.04879926108374384,0.9512007389162561
YDR172W,-1,22.162221968283337,53,318,6178,34,0.9465289381740848,0.14285714285714285,0.6091954022988506,0.04895320197044335,0.9510467980295566
YPL212C,-1,22.112922982269378,53,319,6177,34,0.946377031748443,0.1424731182795699,0.6091954022988506,0.049107142857142856,0.9508928571428571
YLR372W,-1,22.077173572784197,53,320,6176,34,0.9462251253228011,0.14209115281501342,0.6091954022988506,0.04926108374384237,0.9507389162561576
YPL012W,-1,22.061786583230848,53,321,6175,34,0.9460732188971593,0.14171122994652408,0.6091954022988506,0.04941502463054187,0.9505849753694581
YER118C,-1,22.06110175770323,53,322,6174,34,0.9459213124715176,0.14133333333333334,0.6091954022988506,0.04956896551724138,0.9504310344827587
YEL026W,-1,22.02517975421899,53,323,6173,34,0.9457694060458758,0.14095744680851063,0.6091954022988506,0.049722906403940885,0.9502770935960592
YMR308C,-1,22.002103892705673,53,324,6172,34,0.9456174996202339,0.14058355437665782,0.6091954022988506,0.049876847290640396,0.9501231527093597
YML043C,-1,21.997249855400096,53,325,6171,34,0.9454655931945921,0.1402116402116402,0.6091954022988506,0.0500307881773399,0.9499692118226601
YCR035C,-1,21.934529463593726,53,326,6170,34,0.9453136867689503,0.13984168865435356,0.6091954022988506,0.05018472906403941,0.9498152709359606
YIL103W,-1,21.901952824947355,53,327,6169,34,0.9451617803433086,0.1394736842105263,0.6091954022988506,0.050338669950738914,0.9496613300492611
YPL217C,-1,21.778547011496503,53,328,6168,34,0.9450098739176667,0.13910761154855644,0.6091954022988506,0.050492610837438424,0.9495073891625616
YPL081W,-1,21.73254651355633,53,329,6167,34,0.9448579674920249,0.1387434554973822,0.6091954022988506,0.05064655172413793,0.9493534482758621
YER025W,-1,21.53171033231579,53,330,6166,34,0.9447060610663831,0.13838120104438642,0.6091954022988506,0.05080049261083744,0.9491995073891626
YML031W,-1,21.480091997207115,53,331,6165,34,0.9445541546407413,0.13802083333333334,0.6091954022988506,0.05095443349753694,0.9490455665024631
YLR335W,-1,21.4000081314665,53,332,6164,34,0.9444022482150995,0.13766233766233765,0.6091954022988506,0.05110837438423645,0.9488916256157636
YOR260W,-1,21.37223019358749,53,333,6163,34,0.9442503417894577,0.13730569948186527,0.6091954022988506,0.051262315270935964,0.9487376847290641
YBL082C,-1,21.25403152607575,53,334,6162,34,0.9440984353638159,0.13695090439276486,0.6091954022988506,0.05141625615763547,0.9485837438423645
YFR028C,-1,21.244480604204742,53,335,6161,34,0.9439465289381741,0.13659793814432988,0.6091954022988506,0.05157019704433498,0.948429802955665
YJL011C,-1,21.20617388293804,53,336,6160,34,0.9437946225125323,0.13624678663239073,0.6091954022988506,0.05172413793103448,0.9482758620689655
YGR159C,-1,21.03079714342059,53,337,6159,34,0.9436427160868904,0.1358974358974359,0.6091954022988506,0.05187807881773399,0.948121921182266
YPL273W,1,20.95659382823694,54,337,6159,33,0.9437946225125323,0.13810741687979539,0.6206896551724138,0.05187807881773399,0.948121921182266
YHR104W,-1,20.864086966383603,54,338,6158,33,0.9436427160868904,0.1377551020408163,0.6206896551724138,0.052032019704433496,0.9479679802955665
YER055C,-1,20.850153616177437,54,339,6157,33,0.9434908096612487,0.13740458015267176,0.6206896551724138,0.05218596059113301,0.947814039408867
YLR103C,-1,20.66934697814404,54,340,6156,33,0.9433389032356069,0.13705583756345177,0.6206896551724138,0.05233990147783251,0.9476600985221675
YGR283C,-1,20.28462483879184,54,341,6155,33,0.9431869968099651,0.13670886075949368,0.6206896551724138,0.05249384236453202,0.947506157635468
YOL061W,-1,20.28045258997442,54,342,6154,33,0.9430350903843232,0.13636363636363635,0.6206896551724138,0.052647783251231525,0.9473522167487685
YDR478W,-1,20.200389597520292,54,343,6153,33,0.9428831839586814,0.13602015113350127,0.6206896551724138,0.052801724137931036,0.947198275862069
YLL035W,-1,20.13209393068984,54,344,6152,33,0.9427312775330396,0.135678391959799,0.6206896551724138,0.05295566502463054,0.9470443349753694
YJR041C,-1,20.04544470460409,54,345,6151,33,0.9425793711073979,0.13533834586466165,0.6206896551724138,0.05310960591133005,0.9468903940886699
YLR068W,-1,19.990520084913367,54,346,6150,33,0.9424274646817561,0.135,0.6206896551724138,0.053263546798029554,0.9467364532019704
YER049W,-1,19.963644566733038,54,347,6149,33,0.9422755582561142,0.13466334164588528,0.6206896551724138,0.053417487684729065,0.9465825123152709
YKR079C,-1,19.917082029759477,54,348,6148,33,0.9421236518304724,0.13432835820895522,0.6206896551724138,0.05357142857142857,0.9464285714285714
YLR146C,-1,19.86599908384595,54,349,6147,33,0.9419717454048306,0.13399503722084366,0.6206896551724138,0.05372536945812808,0.9462746305418719
YOR207C,-1,19.783031309027873,54,350,6146,33,0.9418198389791889,0.13366336633663367,0.6206896551724138,0.05387931034482758,0.9461206896551724
YHR128W,-1,19.76108262929264,54,351,6145,33,0.941667932553547,0.13333333333333333,0.6206896551724138,0.054033251231527094,0.9459667487684729
YDL208W,-1,19.671442798751904,54,352,6144,33,0.9415160261279052,0.1330049261083744,0.6206896551724138,0.054187192118226604,0.9458128078817734
YDR341C,-1,19.380841152487008,54,353,6143,33,0.9413641197022634,0.13267813267813267,0.6206896551724138,0.05434113300492611,0.9456588669950738
YCR047C,1,19.363974128068477,55,353,6143,32,0.9415160261279052,0.13480392156862744,0.632183908045977,0.05434113300492611,0.9456588669950738
YPL093W,-1,19.20492830068982,55,354,6142,32,0.9413641197022634,0.13447432762836187,0.632183908045977,0.05449507389162562,0.9455049261083743
YCR034W,-1,19.098354401059517,55,355,6141,32,0.9412122132766216,0.13414634146341464,0.632183908045977,0.05464901477832512,0.9453509852216748
YOL144W,-1,18.982650112937836,55,356,6140,32,0.9410603068509797,0.13381995133819952,0.632183908045977,0.05480295566502463,0.9451970443349754
YGL148W,-1,18.87324795137319,55,357,6139,32,0.940908400425338,0.13349514563106796,0.632183908045977,0.05495689655172414,0.9450431034482759
YIL021W,-1,18.790042767489332,55,358,6138,32,0.9407564939996962,0.13317191283292978,0.632183908045977,0.05511083743842365,0.9448891625615764
YPL101W,-1,18.76832397026269,55,359,6137,32,0.9406045875740544,0.13285024154589373,0.632183908045977,0.05526477832512315,0.9447352216748769
YDR440W,1,18.760315215398858,56,359,6137,31,0.9407564939996962,0.13493975903614458,0.6436781609195402,0.05526477832512315,0.9447352216748769
YBL064C,-1,18.728717065826185,56,360,6136,31,0.9406045875740544,0.1346153846153846,0.6436781609195402,0.05541871921182266,0.9445812807881774
YHR064C,-1,18.71980920621042,56,361,6135,31,0.9404526811484126,0.1342925659472422,0.6436781609195402,0.055572660098522166,0.9444273399014779
YDR321W,0,18.624316037155292,56,361,6135,31,0.9404526811484126,0.1342925659472422,0.6436781609195402,0.055572660098522166,0.9444273399014779
YDR346C,-1,18.557831486277898,56,362,6134,31,0.9403007747227707,0.1339712918660287,0.6436781609195402,0.055726600985221676,0.9442733990147784
YBL018C,-1,18.387979160307523,56,363,6133,31,0.940148868297129,0.13365155131264916,0.6436781609195402,0.05588054187192118,0.9441194581280788
YIL079C,-1,18.387978020006834,56,364,6132,31,0.9399969618714872,0.13333333333333333,0.6436781609195402,0.05603448275862069,0.9439655172413793
YGR185C,-1,18.27409055056823,56,365,6131,31,0.9398450554458454,0.1330166270783848,0.6436781609195402,0.056188423645320194,0.9438115763546798
YPL160W,-1,18.22162282484892,56,366,6130,31,0.9396931490202035,0.13270142180094788,0.6436781609195402,0.056342364532019705,0.9436576354679803
YML106W,-1,18.00947515605889,56,367,6129,31,0.9395412425945617,0.13238770685579196,0.6436781609195402,0.05649630541871921,0.9435036945812808
YDR037W,-1,18.00428401027566,56,368,6128,31,0.93938933616892,0.1320754716981132,0.6436781609195402,0.05665024630541872,0.9433497536945813
YDL213C,-1,17.998738730552553,56,369,6127,31,0.9392374297432782,0.13176470588235295,0.6436781609195402,0.05680418719211822,0.9431958128078818
YLR270W,-1,17.973970041371818,56,370,6126,31,0.9390855233176363,0.13145539906103287,0.6436781609195402,0.056958128078817734,0.9430418719211823
YLR291C,-1,17.957575251781098,56,371,6125,31,0.9389336168919945,0.13114754098360656,0.6436781609195402,0.057112068965517244,0.9428879310344828
YHR019C,-1,17.953891011280277,56,372,6124,31,0.9387817104663527,0.1308411214953271,0.6436781609195402,0.05726600985221675,0.9427339901477833
YGR195W,-1,17.88918466567233,56,373,6123,31,0.938629804040711,0.13053613053613053,0.6436781609195402,0.05741995073891626,0.9425800492610837
YDR121W,-1,17.799867743439496,56,374,6122,31,0.9384778976150692,0.13023255813953488,0.6436781609195402,0.05757389162561576,0.9424261083743842
YDR234W,-1,17.793571119984293,56,375,6121,31,0.9383259911894273,0.12993039443155452,0.6436781609195402,0.05772783251231527,0.9422721674876847
YIL078W,-1,17.761045267085432,56,376,6120,31,0.9381740847637855,0.12962962962962962,0.6436781609195402,0.05788177339901478,0.9421182266009852
YMR212C,-1,17.56518916174697,56,377,6119,31,0.9380221783381437,0.12933025404157045,0.6436781609195402,0.05803571428571429,0.9419642857142857
YGR251W,-1,17.545504459902492,56,378,6118,31,0.9378702719125019,0.12903225806451613,0.6436781609195402,0.05818965517241379,0.9418103448275862
YLR336C,-1,17.491728598320865,56,379,6117,31,0.93771836548686,0.12873563218390804,0.6436781609195402,0.0583435960591133,0.9416564039408867
YML128C,-1,17.48206394884682,56,380,6116,31,0.9375664590612183,0.12844036697247707,0.6436781609195402,0.058497536945812806,0.9415024630541872
YKL154W,-1,17.465463654408502,56,381,6115,31,0.9374145526355765,0.12814645308924486,0.6436781609195402,0.058651477832512317,0.9413485221674877
YLR249W,-1,17.460031945577306,56,382,6114,31,0.9372626462099347,0.1278538812785388,0.6436781609195402,0.05880541871921182,0.9411945812807881
YMR123W,-1,17.1874949557968,56,383,6113,31,0.9371107397842928,0.1275626423690205,0.6436781609195402,0.05895935960591133,0.9410406403940886
YGR285C,-1,17.08112281897963,56,384,6112,31,0.936958833358651,0.12727272727272726,0.6436781609195402,0.059113300492610835,0.9408866995073891
YER119C,-1,16.957157625628035,56,385,6111,31,0.9368069269330093,0.12698412698412698,0.6436781609195402,0.059267241379310345,0.9407327586206896
YLR020C,-1,16.941987616281786,56,386,6110,31,0.9366550205073675,0.12669683257918551,0.6436781609195402,0.05942118226600985,0.9405788177339901
YPL239W,-1,16.867699393837558,56,387,6109,31,0.9365031140817257,0.12641083521444696,0.6436781609195402,0.05957512315270936,0.9404248768472906
YPR010C,-1,16.861588829350943,56,388,6108,31,0.9363512076560838,0.12612612612612611,0.6436781609195402,0.05972906403940887,0.9402709359605911
YLR448W,-1,16.84963954057217,56,389,6107,31,0.936199301230442,0.1258426966292135,0.6436781609195402,0.059883004926108374,0.9401169950738916
YLR432W,-1,16.81823190690759,56,390,6106,31,0.9360473948048003,0.12556053811659193,0.6436781609195402,0.060036945812807885,0.9399630541871922
YNL164C,-1,16.679139161079487,56,391,6105,31,0.9358954883791585,0.12527964205816555,0.6436781609195402,0.06019088669950739,0.9398091133004927
YPL237W,-1,16.6570020615617,56,392,6104,31,0.9357435819535166,0.125,0.6436781609195402,0.0603448275862069,0.9396551724137931
YJR064W,-1,16.642100368304625,56,393,6103,31,0.9355916755278748,0.12472160356347439,0.6436781609195402,0.0604987684729064,0.9395012315270936
YBR079C,-1,16.594163002240478,56,394,6102,31,0.935439769102233,0.12444444444444444,0.6436781609195402,0.060652709359605914,0.9393472906403941
YBR280C,-1,16.576834887467726,56,395,6101,31,0.9352878626765913,0.12416851441241686,0.6436781609195402,0.06080665024630542,0.9391933497536946
YER074W,-1,16.530918297904986,56,396,6100,31,0.9351359562509494,0.12389380530973451,0.6436781609195402,0.06096059113300493,0.9390394088669951
YNL299W,-1,16.52944183521754,56,397,6099,31,0.9349840498253076,0.12362030905077263,0.6436781609195402,0.06111453201970443,0.9388854679802956
YER131W,-1,16.399578646356552,56,398,6098,31,0.9348321433996658,0.12334801762114538,0.6436781609195402,0.06126847290640394,0.9387315270935961
YIL020C,-1,16.283321457303114,56,399,6097,31,0.934680236974024,0.12307692307692308,0.6436781609195402,0.061422413793103446,0.9385775862068966
YLR022C,-1,16.265968720309324,56,400,6096,31,0.9345283305483822,0.12280701754385964,0.6436781609195402,0.06157635467980296,0.9384236453201971
YGL097W,-1,16.239867757895635,56,401,6095,31,0.9343764241227404,0.12253829321663019,0.6436781609195402,0.06173029556650246,0.9382697044334976
YGR208W,-1,16.18999439861751,56,402,6094,31,0.9342245176970986,0.1222707423580786,0.6436781609195402,0.06188423645320197,0.938115763546798
YNL188W,-1,16.16052081374064,56,403,6093,31,0.9340726112714568,0.12200435729847495,0.6436781609195402,0.062038177339901475,0.9379618226600985
YPR016C,-1,16.150240961090134,56,404,6092,31,0.933920704845815,0.12173913043478261,0.6436781609195402,0.062192118226600986,0.937807881773399
YGR061C,-1,16.110545971590728,56,405,6091,31,0.9337687984201731,0.12147505422993492,0.6436781609195402,0.06234605911330049,0.9376539408866995
YFL002C,-1,16.034030979114608,56,406,6090,31,0.9336168919945314,0.12121212121212122,0.6436781609195402,0.0625,0.9375
YGR094W,-1,15.966202852506566,56,407,6089,31,0.9334649855688896,0.12095032397408208,0.6436781609195402,0.06265394088669951,0.9373460591133005
YDR110W,-1,15.95115043373769,56,408,6088,31,0.9333130791432478,0.1206896551724138,0.6436781609195402,0.06280788177339902,0.937192118226601
YHR068W,-1,15.902895026731517,56,409,6087,31,0.9331611727176059,0.12043010752688173,0.6436781609195402,0.06296182266009852,0.9370381773399015
YLR180W,-1,15.868487321182416,56,410,6086,31,0.9330092662919641,0.12017167381974249,0.6436781609195402,0.06311576354679803,0.936884236453202
YBL036C,0,15.853502332600392,56,410,6086,31,0.9330092662919641,0.12017167381974249,0.6436781609195402,0.06311576354679803,0.936884236453202
YMR128W,-1,15.843459641394263,56,411,6085,31,0.9328573598663223,0.11991434689507495,0.6436781609195402,0.06326970443349754,0.9367302955665024
YOL142W,-1,15.83458279650213,56,412,6084,31,0.9327054534406806,0.11965811965811966,0.6436781609195402,0.06342364532019705,0.9365763546798029
YGL147C,-1,15.740162780586628,56,413,6083,31,0.9325535470150388,0.11940298507462686,0.6436781609195402,0.06357758620689655,0.9364224137931034
YIL008W,-1,15.682637267084742,56,414,6082,31,0.9324016405893969,0.11914893617021277,0.6436781609195402,0.06373152709359606,0.9362684729064039
YMR033W,-1,15.617455329618437,56,415,6081,31,0.9322497341637551,0.11889596602972399,0.6436781609195402,0.06388546798029557,0.9361145320197044
YMR235C,-1,15.465549330148665,56,416,6080,31,0.9320978277381133,0.11864406779661017,0.6436781609195402,0.06403940886699508,0.9359605911330049
YER171W,-1,15.252144267588797,56,417,6079,31,0.9319459213124716,0.11839323467230443,0.6436781609195402,0.06419334975369458,0.9358066502463054
YNL186W,-1,15.241834908030498,56,418,6078,31,0.9317940148868297,0.11814345991561181,0.6436781609195402,0.06434729064039409,0.9356527093596059
YNL232W,-1,15.240430827575617,56,419,6077,31,0.9316421084611879,0.11789473684210526,0.6436781609195402,0.0645012315270936,0.9354987684729064
YDR454C,-1,15.074109123741323,56,420,6076,31,0.9314902020355461,0.11764705882352941,0.6436781609195402,0.06465517241379311,0.9353448275862069
YDR045C,-1,14.944509813847977,56,421,6075,31,0.9313382956099043,0.11740041928721175,0.6436781609195402,0.0648091133004926,0.9351908866995073
YNL123W,-1,14.919841822347774,56,422,6074,31,0.9311863891842624,0.11715481171548117,0.6436781609195402,0.06496305418719212,0.9350369458128078
YMR211W,-1,14.907121312647975,56,423,6073,31,0.9310344827586207,0.11691022964509394,0.6436781609195402,0.06511699507389163,0.9348830049261084
YGL016W,0,14.90277300549852,56,423,6073,31,0.9310344827586207,0.11691022964509394,0.6436781609195402,0.06511699507389163,0.9348830049261084
YGR214W,-1,14.894850008877809,56,424,6072,31,0.9308825763329789,0.11666666666666667,0.6436781609195402,0.06527093596059114,0.9347290640394089
YGR095C,-1,14.889947841394193,56,425,6071,31,0.9307306699073371,0.11642411642411643,0.6436781609195402,0.06542487684729065,0.9345751231527094
YLR178C,-1,14.883141424935634,56,426,6070,31,0.9305787634816953,0.11618257261410789,0.6436781609195402,0.06557881773399014,0.9344211822660099
YDR097C,-1,14.857803095100845,56,427,6069,31,0.9304268570560534,0.11594202898550725,0.6436781609195402,0.06573275862068965,0.9342672413793104
YKL029C,-1,14.837673094867933,56,428,6068,31,0.9302749506304117,0.11570247933884298,0.6436781609195402,0.06588669950738917,0.9341133004926109
YLR080W,-1,14.686999222337649,56,429,6067,31,0.9301230442047699,0.1154639175257732,0.6436781609195402,0.06604064039408868,0.9339593596059114
YLL022C,-1,14.660461388003409,56,430,6066,31,0.9299711377791281,0.11522633744855967,0.6436781609195402,0.06619458128078817,0.9338054187192119
YBR252W,-1,14.52881686389907,56,431,6065,31,0.9298192313534862,0.11498973305954825,0.6436781609195402,0.06634852216748768,0.9336514778325123
YHR013C,-1,14.528269455684406,56,432,6064,31,0.9296673249278444,0.11475409836065574,0.6436781609195402,0.0665024630541872,0.9334975369458128
YBR189W,-1,14.508024382911673,56,433,6063,31,0.9295154185022027,0.11451942740286299,0.6436781609195402,0.0666564039408867,0.9333435960591133
YJL074C,-1,14.463508531628033,56,434,6062,31,0.9293635120765609,0.11428571428571428,0.6436781609195402,0.0668103448275862,0.9331896551724138
YGR090W,-1,14.228888707353791,56,435,6061,31,0.929211605650919,0.11405295315682282,0.6436781609195402,0.06696428571428571,0.9330357142857143
YER082C,-1,14.185851298119342,56,436,6060,31,0.9290596992252772,0.11382113821138211,0.6436781609195402,0.06711822660098522,0.9328817733990148
YLR420W,-1,13.987030566986919,56,437,6059,31,0.9289077927996354,0.11359026369168357,0.6436781609195402,0.06727216748768473,0.9327278325123153
YNL001W,-1,13.979422055778375,56,438,6058,31,0.9287558863739936,0.11336032388663968,0.6436781609195402,0.06742610837438423,0.9325738916256158
YBR139W,-1,13.972704145550498,56,439,6057,31,0.9286039799483519,0.11313131313131314,0.6436781609195402,0.06758004926108374,0.9324199507389163
YKL081W,-1,13.961550387594004,56,440,6056,31,0.92845207352271,0.11290322580645161,0.6436781609195402,0.06773399014778325,0.9322660098522167
YHR143W-A,-1,13.900722114938162,56,441,6055,31,0.9283001670970682,0.11267605633802817,0.6436781609195402,0.06788793103448276,0.9321120689655172
YKL067W,-1,13.852333931430111,56,442,6054,31,0.9281482606714264,0.11244979919678715,0.6436781609195402,0.06804187192118226,0.9319581280788177
YLR183C,-1,13.75767729421649,56,443,6053,31,0.9279963542457846,0.11222444889779559,0.6436781609195402,0.06819581280788177,0.9318041871921182
YKL122C,-1,13.707035891696252,56,444,6052,31,0.9278444478201427,0.112,0.6436781609195402,0.06834975369458128,0.9316502463054187
YKR082W,-1,13.699529343455971,56,445,6051,31,0.927692541394501,0.11177644710578842,0.6436781609195402,0.06850369458128079,0.9314963054187192
YHR040W,-1,13.676561025545643,56,446,6050,31,0.9275406349688592,0.11155378486055777,0.6436781609195402,0.0686576354679803,0.9313423645320197
YPL256C,-1,13.644822401362573,56,447,6049,31,0.9273887285432174,0.11133200795228629,0.6436781609195402,0.0688115763546798,0.9311884236453202
YHR085W,-1,13.614977656775377,56,448,6048,31,0.9272368221175755,0.1111111111111111,0.6436781609195402,0.06896551724137931,0.9310344827586207
YGL027C,-1,13.561971895245103,56,449,6047,31,0.9270849156919337,0.11089108910891089,0.6436781609195402,0.06911945812807882,0.9308805418719212
YDL074C,-1,13.560784448121254,56,450,6046,31,0.926933009266292,0.11067193675889328,0.6436781609195402,0.06927339901477833,0.9307266009852216
YBL035C,-1,13.557029746538783,56,451,6045,31,0.9267811028406502,0.11045364891518737,0.6436781609195402,0.06942733990147783,0.9305726600985221
YML125C,-1,13.546409450580633,56,452,6044,31,0.9266291964150084,0.11023622047244094,0.6436781609195402,0.06958128078817734,0.9304187192118226
OSR3,-1,13.502710238099096,56,453,6043,31,0.9264772899893665,0.1100196463654224,0.6436781609195402,0.06973522167487685,0.9302647783251231
tF(GAA)P1,-1,13.502710238099096,56,454,6042,31,0.9263253835637247,0.10980392156862745,0.6436781609195402,0.06988916256157636,0.9301108374384236
tA(AGC)F,-1,13.502710238099096,56,455,6041,31,0.926173477138083,0.1095890410958904,0.6436781609195402,0.07004310344827586,0.9299568965517241
tF(GAA)B,-1,13.502710238099096,56,456,6040,31,0.9260215707124412,0.109375,0.6436781609195402,0.07019704433497537,0.9298029556650246
tG(GCC)G2,-1,13.502710238099096,56,457,6039,31,0.9258696642867993,0.10916179337231968,0.6436781609195402,0.07035098522167488,0.9296490147783252
tR(UCU)G1,-1,13.502710238099096,56,458,6038,31,0.9257177578611575,0.10894941634241245,0.6436781609195402,0.07050492610837439,0.9294950738916257
tH(GUG)G2,-1,13.502710238099096,56,459,6037,31,0.9255658514355157,0.1087378640776699,0.6436781609195402,0.07065886699507389,0.9293411330049262
SRG1,-1,13.502710238099096,56,460,6036,31,0.925413945009874,0.10852713178294573,0.6436781609195402,0.0708128078817734,0.9291871921182266
SCH1,-1,13.502710238099096,56,461,6035,31,0.9252620385842321,0.10831721470019343,0.6436781609195402,0.0709667487684729,0.9290332512315271
tV(AAC)E1,-1,13.502710238099096,56,462,6034,31,0.9251101321585903,0.10810810810810811,0.6436781609195402,0.07112068965517242,0.9288793103448276
MEL4,-1,13.502710238099096,56,463,6033,31,0.9249582257329485,0.10789980732177264,0.6436781609195402,0.07127463054187193,0.9287253694581281
tI(AAU)N1,-1,13.502710238099096,56,464,6032,31,0.9248063193073067,0.1076923076923077,0.6436781609195402,0.07142857142857142,0.9285714285714286
tG(GCC)F1,-1,13.502710238099096,56,465,6031,31,0.9246544128816649,0.10748560460652591,0.6436781609195402,0.07158251231527094,0.9284174876847291
tE(UUC)I,-1,13.502710238099096,56,466,6030,31,0.924502506456023,0.10727969348659004,0.6436781609195402,0.07173645320197045,0.9282635467980296
SUC1,-1,13.502710238099096,56,467,6029,31,0.9243506000303813,0.10707456978967496,0.6436781609195402,0.07189039408866996,0.9281096059113301
OSR6,-1,13.502710238099096,56,468,6028,31,0.9241986936047395,0.10687022900763359,0.6436781609195402,0.07204433497536945,0.9279556650246306
tL(CAA)C,-1,13.502710238099096,56,469,6027,31,0.9240467871790977,0.10666666666666667,0.6436781609195402,0.07219827586206896,0.927801724137931
tW(CCA)G1,-1,13.502710238099096,56,470,6026,31,0.9238948807534558,0.10646387832699619,0.6436781609195402,0.07235221674876847,0.9276477832512315
tA(UGC)Q,-1,13.502710238099096,56,471,6025,31,0.923742974327814,0.1062618595825427,0.6436781609195402,0.07250615763546799,0.927493842364532
tL(UAA)Q,-1,13.502710238099096,56,472,6024,31,0.9235910679021723,0.10606060606060606,0.6436781609195402,0.07266009852216748,0.9273399014778325
tI(UAU)L,-1,13.502710238099096,56,473,6023,31,0.9234391614765305,0.10586011342155009,0.6436781609195402,0.07281403940886699,0.927185960591133
tM(CAU)C,-1,13.502710238099096,56,474,6022,31,0.9232872550508886,0.10566037735849057,0.6436781609195402,0.0729679802955665,0.9270320197044335
tV(AAC)G3,-1,13.502710238099096,56,475,6021,31,0.9231353486252468,0.10546139359698682,0.6436781609195402,0.07312192118226601,0.926878078817734
snR49,-1,13.502710238099096,56,476,6020,31,0.922983442199605,0.10526315789473684,0.6436781609195402,0.07327586206896551,0.9267241379310345
tC(GCA)G,-1,13.502710238099096,56,477,6019,31,0.9228315357739633,0.1050656660412758,0.6436781609195402,0.07342980295566502,0.926570197044335
YPL096C-A,-1,13.502710238099096,56,478,6018,31,0.9226796293483215,0.10486891385767791,0.6436781609195402,0.07358374384236453,0.9264162561576355
tI(AAU)N2,-1,13.502710238099096,56,479,6017,31,0.9225277229226796,0.10467289719626169,0.6436781609195402,0.07373768472906404,0.9262623152709359
tM(CAU)M,-1,13.502710238099096,56,480,6016,31,0.9223758164970378,0.1044776119402985,0.6436781609195402,0.07389162561576355,0.9261083743842364
YER180C-A,0,13.502710238099096,56,480,6016,31,0.9223758164970378,0.1044776119402985,0.6436781609195402,0.07389162561576355,0.9261083743842364
tI(AAU)D,-1,13.502710238099096,56,481,6015,31,0.922223910071396,0.1042830540037244,0.6436781609195402,0.07404556650246305,0.9259544334975369
tY(GUA)F2,-1,13.502710238099096,56,482,6014,31,0.9220720036457543,0.10408921933085502,0.6436781609195402,0.07419950738916256,0.9258004926108374
tT(AGU)I1,-1,13.502710238099096,56,483,6013,31,0.9219200972201124,0.1038961038961039,0.6436781609195402,0.07435344827586207,0.9256465517241379
YBR111W-A,-1,13.502710238099096,56,484,6012,31,0.9217681907944706,0.1037037037037037,0.6436781609195402,0.07450738916256158,0.9254926108374384
tL(UAA)L,-1,13.502710238099096,56,485,6011,31,0.9216162843688288,0.10351201478743069,0.6436781609195402,0.07466133004926108,0.9253386699507389
GRD10,-1,13.502710238099096,56,486,6010,31,0.921464377943187,0.1033210332103321,0.6436781609195402,0.07481527093596059,0.9251847290640394
R0030W,-1,13.502710238099096,56,487,6009,31,0.9213124715175451,0.10313075506445672,0.6436781609195402,0.0749692118226601,0.9250307881773399
tP(UGG)L,-1,13.502710238099096,56,488,6008,31,0.9211605650919034,0.10294117647058823,0.6436781609195402,0.07512315270935961,0.9248768472906403
tE(UUC)E3,-1,13.502710238099096,56,489,6007,31,0.9210086586662616,0.10275229357798166,0.6436781609195402,0.07527709359605911,0.9247229064039408
tE(UUC)G3,-1,13.502710238099096,56,490,6006,31,0.9208567522406198,0.10256410256410256,0.6436781609195402,0.07543103448275862,0.9245689655172413
Endo.SceI,-1,13.502710238099096,56,491,6005,31,0.920704845814978,0.10237659963436929,0.6436781609195402,0.07558497536945813,0.9244150246305419
tY(GUA)M2,-1,13.502710238099096,56,492,6004,31,0.9205529393893361,0.10218978102189781,0.6436781609195402,0.07573891625615764,0.9242610837438424
tK(UUU)L,-1,13.502710238099096,56,493,6003,31,0.9204010329636944,0.10200364298724955,0.6436781609195402,0.07589285714285714,0.9241071428571429
SUC3,-1,13.502710238099096,56,494,6002,31,0.9202491265380526,0.10181818181818182,0.6436781609195402,0.07604679802955665,0.9239532019704434
tV(AAC)E2,-1,13.502710238099096,56,495,6001,31,0.9200972201124108,0.10163339382940109,0.6436781609195402,0.07620073891625616,0.9237992610837439
tH(GUG)Q,-1,13.502710238099096,56,496,6000,31,0.9199453136867689,0.10144927536231885,0.6436781609195402,0.07635467980295567,0.9236453201970444
tD(GUC)J4,-1,13.502710238099096,56,497,5999,31,0.9197934072611271,0.10126582278481013,0.6436781609195402,0.07650862068965517,0.9234913793103449
tN(GUU)O1,-1,13.502710238099096,56,498,5998,31,0.9196415008354853,0.10108303249097472,0.6436781609195402,0.07666256157635468,0.9233374384236454
tN(GUU)O2,-1,13.502710238099096,56,499,5997,31,0.9194895944098436,0.1009009009009009,0.6436781609195402,0.07681650246305419,0.9231834975369458
tL(CAA)N,-1,13.502710238099096,56,500,5996,31,0.9193376879842017,0.10071942446043165,0.6436781609195402,0.0769704433497537,0.9230295566502463
tI(AAU)P1,-1,13.502710238099096,56,501,5995,31,0.9191857815585599,0.10053859964093358,0.6436781609195402,0.07712438423645321,0.9228756157635468
snR80,-1,13.502710238099096,56,502,5994,31,0.9190338751329181,0.1003584229390681,0.6436781609195402,0.0772783251231527,0.9227216748768473
MUP2,-1,13.502710238099096,56,503,5993,31,0.9188819687072763,0.1001788908765653,0.6436781609195402,0.07743226600985222,0.9225677339901478
snR86,-1,13.502710238099096,56,504,5992,31,0.9187300622816346,0.1,0.6436781609195402,0.07758620689655173,0.9224137931034483
tD(GUC)O,-1,13.502710238099096,56,505,5991,31,0.9185781558559927,0.09982174688057041,0.6436781609195402,0.07774014778325124,0.9222598522167488
tK(CUU)M,-1,13.502710238099096,56,506,5990,31,0.9184262494303509,0.099644128113879,0.6436781609195402,0.07789408866995073,0.9221059113300493
tF(GAA)M,-1,13.502710238099096,56,507,5989,31,0.9182743430047091,0.0994671403197158,0.6436781609195402,0.07804802955665024,0.9219519704433498
A1,-1,13.502710238099096,56,508,5988,31,0.9181224365790673,0.09929078014184398,0.6436781609195402,0.07820197044334976,0.9217980295566502
tI(AAU)L2,-1,13.502710238099096,56,509,5987,31,0.9179705301534254,0.09911504424778761,0.6436781609195402,0.07835591133004927,0.9216440886699507
tL(UAG)J,-1,13.502710238099096,56,510,5986,31,0.9178186237277837,0.0989399293286219,0.6436781609195402,0.07850985221674876,0.9214901477832512
tN(GUU)N2,-1,13.502710238099096,56,511,5985,31,0.9176667173021419,0.09876543209876543,0.6436781609195402,0.07866379310344827,0.9213362068965517
MEL6,-1,13.502710238099096,56,512,5984,31,0.9175148108765001,0.09859154929577464,0.6436781609195402,0.07881773399014778,0.9211822660098522
OSR8,-1,13.502710238099096,56,513,5983,31,0.9173629044508582,0.0984182776801406,0.6436781609195402,0.0789716748768473,0.9210283251231527
PFK5,-1,13.502710238099096,56,514,5982,31,0.9172109980252164,0.09824561403508772,0.6436781609195402,0.07912561576354679,0.9208743842364532
tS(CGA)C,-1,13.502710238099096,56,515,5981,31,0.9170590915995747,0.09807355516637478,0.6436781609195402,0.0792795566502463,0.9207204433497537
GRD18,-1,13.502710238099096,56,516,5980,31,0.9169071851739329,0.0979020979020979,0.6436781609195402,0.07943349753694581,0.9205665024630542
tT(AGU)N1,-1,13.502710238099096,56,517,5979,31,0.9167552787482911,0.09773123909249563,0.6436781609195402,0.07958743842364532,0.9204125615763546
AWA1,-1,13.502710238099096,56,518,5978,31,0.9166033723226492,0.0975609756097561,0.6436781609195402,0.07974137931034483,0.9202586206896551
tQ(UUG)Q,-1,13.502710238099096,56,519,5977,31,0.9164514658970074,0.09739130434782609,0.6436781609195402,0.07989532019704433,0.9201046798029556
tT(AGU)O2,-1,13.502710238099096,56,520,5976,31,0.9162995594713657,0.09722222222222222,0.6436781609195402,0.08004926108374384,0.9199507389162561
tT(AGU)H,-1,13.502710238099096,56,521,5975,31,0.9161476530457239,0.09705372616984402,0.6436781609195402,0.08020320197044335,0.9197967980295566
tF(GAA)D,-1,13.502710238099096,56,522,5974,31,0.915995746620082,0.09688581314878893,0.6436781609195402,0.08035714285714286,0.9196428571428571
tA(UGC)E,-1,13.502710238099096,56,523,5973,31,0.9158438401944402,0.09671848013816926,0.6436781609195402,0.08051108374384236,0.9194889162561576
tK(CUU)D2,-1,13.502710238099096,56,524,5972,31,0.9156919337687984,0.09655172413793103,0.6436781609195402,0.08066502463054187,0.9193349753694581
tL(UAG)L2,-1,13.502710238099096,56,525,5971,31,0.9155400273431566,0.0963855421686747,0.6436781609195402,0.08081896551724138,0.9191810344827587
RDN58,-1,13.502710238099096,56,526,5970,31,0.9153881209175148,0.09621993127147767,0.6436781609195402,0.08097290640394089,0.9190270935960592
SME3,-1,13.502710238099096,56,527,5969,31,0.915236214491873,0.09605488850771869,0.6436781609195402,0.08112684729064039,0.9188731527093597
PFK4,-1,13.502710238099096,56,528,5968,31,0.9150843080662312,0.0958904109589041,0.6436781609195402,0.0812807881773399,0.9187192118226601
YNL274C,-1,13.488900669606807,56,529,5967,31,0.9149324016405894,0.09572649572649573,0.6436781609195402,0.08143472906403941,0.9185652709359606
YGR229C,-1,13.417586318820199,56,530,5966,31,0.9147804952149476,0.09556313993174062,0.6436781609195402,0.08158866995073892,0.9184113300492611
tK(CUU)D1,-1,13.402707159519194,56,531,5965,31,0.9146285887893058,0.09540034071550256,0.6436781609195402,0.08174261083743842,0.9182573891625616
tL(CAA)A,-1,13.402707159519194,56,532,5964,31,0.914476682363664,0.09523809523809523,0.6436781609195402,0.08189655172413793,0.9181034482758621
tD(GUC)M,-1,13.402707159519194,56,533,5963,31,0.9143247759380222,0.09507640067911714,0.6436781609195402,0.08205049261083744,0.9179495073891626
tS(UGA)Q2,-1,13.402707159519194,56,534,5962,31,0.9141728695123804,0.09491525423728814,0.6436781609195402,0.08220443349753695,0.9177955665024631
GRD14,-1,13.402707159519194,56,535,5961,31,0.9140209630867385,0.09475465313028765,0.6436781609195402,0.08235837438423645,0.9176416256157636
tL(UAG)L1,-1,13.402707159519194,56,536,5960,31,0.9138690566610967,0.0945945945945946,0.6436781609195402,0.08251231527093596,0.9174876847290641
tK(CUU)G1,-1,13.402707159519194,56,537,5959,31,0.913717150235455,0.09443507588532883,0.6436781609195402,0.08266625615763547,0.9173337438423645
MAL63,-1,13.402707159519194,56,538,5958,31,0.9135652438098132,0.09427609427609428,0.6436781609195402,0.08282019704433498,0.917179802955665
SME2,-1,13.402707159519194,56,539,5957,31,0.9134133373841713,0.09411764705882353,0.6436781609195402,0.08297413793103449,0.9170258620689655
tI(AAU)P2,-1,13.402707159519194,56,540,5956,31,0.9132614309585295,0.09395973154362416,0.6436781609195402,0.08312807881773399,0.916871921182266
tH(GUG)H,-1,13.402707159519194,56,541,5955,31,0.9131095245328877,0.09380234505862646,0.6436781609195402,0.0832820197044335,0.9167179802955665
tS(AGA)H,-1,13.402707159519194,56,542,5954,31,0.912957618107246,0.09364548494983277,0.6436781609195402,0.08343596059113301,0.916564039408867
tD(GUC)G1,-1,13.402707159519194,56,543,5953,31,0.9128057116816042,0.09348914858096828,0.6436781609195402,0.08358990147783252,0.9164100985221675
tS(GCU)O,-1,13.402707159519194,56,544,5952,31,0.9126538052559623,0.09333333333333334,0.6436781609195402,0.08374384236453201,0.916256157635468
ESC3,-1,13.402707159519194,56,545,5951,31,0.9125018988303205,0.09317803660565724,0.6436781609195402,0.08389778325123153,0.9161022167487685
GRD15,-1,13.402707159519194,56,546,5950,31,0.9123499924046787,0.09302325581395349,0.6436781609195402,0.08405172413793104,0.915948275862069
tY(GUA)F1,-1,13.402707159519194,56,547,5949,31,0.912198085979037,0.09286898839137644,0.6436781609195402,0.08420566502463055,0.9157943349753694
NUP63,-1,13.402707159519194,56,548,5948,31,0.9120461795533951,0.09271523178807947,0.6436781609195402,0.08435960591133004,0.9156403940886699
tD(GUC)B,-1,13.402707159519194,56,549,5947,31,0.9118942731277533,0.09256198347107437,0.6436781609195402,0.08451354679802955,0.9154864532019704
MPR1,-1,13.402707159519194,56,550,5946,31,0.9117423667021115,0.0924092409240924,0.6436781609195402,0.08466748768472906,0.9153325123152709
tN(GUU)P,-1,13.402707159519194,56,551,5945,31,0.9115904602764697,0.09225700164744646,0.6436781609195402,0.08482142857142858,0.9151785714285714
R0040C,-1,13.402707159519194,56,552,5944,31,0.9114385538508278,0.09210526315789473,0.6436781609195402,0.08497536945812807,0.9150246305418719
GRD17,-1,13.402707159519194,56,553,5943,31,0.9112866474251861,0.09195402298850575,0.6436781609195402,0.08512931034482758,0.9148706896551724
tH(GUG)E2,-1,13.402707159519194,56,554,5942,31,0.9111347409995443,0.09180327868852459,0.6436781609195402,0.0852832512315271,0.9147167487684729
tV(CAC)H,-1,13.402707159519194,56,555,5941,31,0.9109828345739025,0.09165302782324058,0.6436781609195402,0.0854371921182266,0.9145628078817734
MAL21,-1,13.402707159519194,56,556,5940,31,0.9108309281482607,0.0915032679738562,0.6436781609195402,0.08559113300492611,0.9144088669950738
tL(CAA)G2,-1,13.402707159519194,56,557,5939,31,0.9106790217226188,0.09135399673735727,0.6436781609195402,0.08574507389162561,0.9142549261083743
GRD16,-1,13.402707159519194,56,558,5938,31,0.910527115296977,0.09120521172638436,0.6436781609195402,0.08589901477832512,0.9141009852216748
tV(AAC)H,-1,13.402707159519194,56,559,5937,31,0.9103752088713353,0.0910569105691057,0.6436781609195402,0.08605295566502463,0.9139470443349754
tF(GAA)Q,-1,13.402707159519194,56,560,5936,31,0.9102233024456935,0.09090909090909091,0.6436781609195402,0.08620689655172414,0.9137931034482759
tF(GAA)G,-1,13.402707159519194,56,561,5935,31,0.9100713960200516,0.09076175040518639,0.6436781609195402,0.08636083743842364,0.9136391625615764
GCD3,-1,13.402707159519194,56,562,5934,31,0.9099194895944098,0.09061488673139159,0.6436781609195402,0.08651477832512315,0.9134852216748769
tP(UGG)F,-1,13.402707159519194,56,563,5933,31,0.909767583168768,0.09046849757673667,0.6436781609195402,0.08666871921182266,0.9133312807881774
tM(CAU)Q2,-1,13.402707159519194,56,564,5932,31,0.9096156767431263,0.09032258064516129,0.6436781609195402,0.08682266009852217,0.9131773399014779
MAL62,-1,13.402707159519194,56,565,5931,31,0.9094637703174844,0.09017713365539452,0.6436781609195402,0.08697660098522167,0.9130233990147784
BLM3,-1,13.402707159519194,56,566,5930,31,0.9093118638918426,0.09003215434083602,0.6436781609195402,0.08713054187192118,0.9128694581280788
R0010W,-1,13.402707159519194,56,567,5929,31,0.9091599574662008,0.0898876404494382,0.6436781609195402,0.08728448275862069,0.9127155172413793
URR4,-1,13.402707159519194,56,568,5928,31,0.909008051040559,0.08974358974358974,0.6436781609195402,0.0874384236453202,0.9125615763546798
tS(GCU)Q1,-1,13.402707159519194,56,569,5927,31,0.9088561446149173,0.0896,0.6436781609195402,0.0875923645320197,0.9124076354679803
tV(UAC)Q,-1,13.402707159519194,56,570,5926,31,0.9087042381892754,0.08945686900958466,0.6436781609195402,0.08774630541871921,0.9122536945812808
URR1,-1,13.402707159519194,56,571,5925,31,0.9085523317636336,0.08931419457735247,0.6436781609195402,0.08790024630541872,0.9120997536945813
MAL22,-1,13.402707159519194,56,572,5924,31,0.9084004253379918,0.08917197452229299,0.6436781609195402,0.08805418719211823,0.9119458128078818
tL(UAA)D,-1,13.402707159519194,56,573,5923,31,0.90824851891235,0.0890302066772655,0.6436781609195402,0.08820812807881774,0.9117918719211823
tE(UUC)G1,-1,13.402707159519194,56,574,5922,31,0.9080966124867081,0.08888888888888889,0.6436781609195402,0.08836206896551724,0.9116379310344828
Q0110,-1,13.402707159519194,56,575,5921,31,0.9079447060610664,0.08874801901743265,0.6436781609195402,0.08851600985221675,0.9114839901477833
OSR4,-1,13.402707159519194,56,576,5920,31,0.9077927996354246,0.08860759493670886,0.6436781609195402,0.08866995073891626,0.9113300492610837
snR87,-1,13.402707159519194,56,577,5919,31,0.9076408932097828,0.08846761453396525,0.6436781609195402,0.08882389162561577,0.9111761083743842
tA(UGC)G,-1,13.402707159519194,56,578,5918,31,0.9074889867841409,0.08832807570977919,0.6436781609195402,0.08897783251231527,0.9110221674876847
tM(CAU)E,-1,13.402707159519194,56,579,5917,31,0.9073370803584991,0.08818897637795275,0.6436781609195402,0.08913177339901478,0.9108682266009852
tG(UCC)Q,-1,13.402707159519194,56,580,5916,31,0.9071851739328574,0.0880503144654088,0.6436781609195402,0.08928571428571429,0.9107142857142857
tV(AAC)L,-1,13.402707159519194,56,581,5915,31,0.9070332675072156,0.08791208791208792,0.6436781609195402,0.0894396551724138,0.9105603448275862
TER1,-1,13.402707159519194,56,582,5914,31,0.9068813610815738,0.0877742946708464,0.6436781609195402,0.0895935960591133,0.9104064039408867
snR10,-1,13.402707159519194,56,583,5913,31,0.9067294546559319,0.08763693270735524,0.6436781609195402,0.0897475369458128,0.9102524630541872
tP(UGG)N1,-1,13.402707159519194,56,584,5912,31,0.9065775482302901,0.0875,0.6436781609195402,0.08990147783251232,0.9100985221674877
APG11,-1,13.402707159519194,56,585,5911,31,0.9064256418046484,0.0873634945397816,0.6436781609195402,0.09005541871921183,0.9099445812807881
RRP2,-1,13.402707159519194,56,586,5910,31,0.9062737353790066,0.08722741433021806,0.6436781609195402,0.09020935960591132,0.9097906403940886
tD(GUC)L1,-1,13.402707159519194,56,587,5909,31,0.9061218289533647,0.08709175738724728,0.6436781609195402,0.09036330049261083,0.9096366995073891
tI(AAU)I2,-1,13.402707159519194,56,588,5908,31,0.9059699225277229,0.08695652173913043,0.6436781609195402,0.09051724137931035,0.9094827586206896
tC(GCA)P2,-1,13.402707159519194,56,589,5907,31,0.9058180161020811,0.08682170542635659,0.6436781609195402,0.09067118226600986,0.9093288177339901
MAL42,-1,13.402707159519194,56,590,5906,31,0.9056661096764393,0.08668730650154799,0.6436781609195402,0.09082512315270935,0.9091748768472906
tR(ACG)E,-1,13.402707159519194,56,591,5905,31,0.9055142032507975,0.0865533230293663,0.6436781609195402,0.09097906403940886,0.9090209359605911
tM(CAU)D,-1,13.402707159519194,56,592,5904,31,0.9053622968251557,0.08641975308641975,0.6436781609195402,0.09113300492610837,0.9088669950738916
tF(GAA)N,-1,13.402707159519194,56,593,5903,31,0.9052103903995139,0.08628659476117104,0.6436781609195402,0.09128694581280788,0.9087130541871922
RDN5,-1,13.402707159519194,56,594,5902,31,0.9050584839738721,0.08615384615384615,0.6436781609195402,0.0914408866995074,0.9085591133004927
HIR4,-1,13.402707159519194,56,595,5901,31,0.9049065775482303,0.08602150537634409,0.6436781609195402,0.09159482758620689,0.9084051724137931
tF(GAA)H2,-1,13.402707159519194,56,596,5900,31,0.9047546711225884,0.08588957055214724,0.6436781609195402,0.0917487684729064,0.9082512315270936
snR18,-1,13.402707159519194,56,597,5899,31,0.9046027646969467,0.08575803981623277,0.6436781609195402,0.09190270935960591,0.9080972906403941
tP(UGG)O3,-1,13.402707159519194,56,598,5898,31,0.9044508582713049,0.0856269113149847,0.6436781609195402,0.09205665024630542,0.9079433497536946
tL(CAA)D,-1,13.402707159519194,56,599,5897,31,0.9042989518456631,0.08549618320610687,0.6436781609195402,0.09221059113300492,0.9077894088669951
R0020C,-1,13.402707159519194,56,600,5896,31,0.9041470454200212,0.08536585365853659,0.6436781609195402,0.09236453201970443,0.9076354679802956
tK(CUU)G3,-1,13.402707159519194,56,601,5895,31,0.9039951389943794,0.0852359208523592,0.6436781609195402,0.09251847290640394,0.9074815270935961
tT(AGU)D,-1,13.402707159519194,56,602,5894,31,0.9038432325687377,0.0851063829787234,0.6436781609195402,0.09267241379310345,0.9073275862068966
DEX2,-1,13.402707159519194,56,603,5893,31,0.9036913261430959,0.08497723823975721,0.6436781609195402,0.09282635467980295,0.9071736453201971
MEL2,-1,13.402707159519194,56,604,5892,31,0.903539419717454,0.08484848484848485,0.6436781609195402,0.09298029556650246,0.9070197044334976
MAL61,-1,13.402707159519194,56,605,5891,31,0.9033875132918122,0.08472012102874432,0.6436781609195402,0.09313423645320197,0.906865763546798
tL(CAA)L,-1,13.402707159519194,56,606,5890,31,0.9032356068661704,0.08459214501510574,0.6436781609195402,0.09328817733990148,0.9067118226600985
MEL5,-1,13.402707159519194,56,607,5889,31,0.9030837004405287,0.08446455505279035,0.6436781609195402,0.09344211822660098,0.906557881773399
SUC7,-1,13.402707159519194,56,608,5888,31,0.9029317940148869,0.08433734939759036,0.6436781609195402,0.09359605911330049,0.9064039408866995
tV(AAC)M2,-1,13.402707159519194,56,609,5887,31,0.902779887589245,0.08421052631578947,0.6436781609195402,0.09375,0.90625
tL(UAA)B1,-1,13.402707159519194,56,610,5886,31,0.9026279811636032,0.08408408408408409,0.6436781609195402,0.09390394088669951,0.9060960591133005
tV(AAC)G2,-1,13.402707159519194,56,611,5885,31,0.9024760747379614,0.08395802098950525,0.6436781609195402,0.09405788177339902,0.905942118226601
tF(GAA)F,-1,13.402707159519194,56,612,5884,31,0.9023241683123197,0.08383233532934131,0.6436781609195402,0.09421182266009852,0.9057881773399015
tM(CAU)O2,-1,13.402707159519194,56,613,5883,31,0.9021722618866778,0.08370702541106129,0.6436781609195402,0.09436576354679803,0.905634236453202
tA(AGC)H,-1,13.402707159519194,56,614,5882,31,0.902020355461036,0.08358208955223881,0.6436781609195402,0.09451970443349754,0.9054802955665024
tT(UGU)Q1,-1,13.402707159519194,56,615,5881,31,0.9018684490353942,0.08345752608047691,0.6436781609195402,0.09467364532019705,0.9053263546798029
tH(GUG)G1,-1,13.402707159519194,56,616,5880,31,0.9017165426097524,0.08333333333333333,0.6436781609195402,0.09482758620689655,0.9051724137931034
RDN18,-1,13.402707159519194,56,617,5879,31,0.9015646361841105,0.08320950965824665,0.6436781609195402,0.09498152709359606,0.9050184729064039
tY(GUA)J1,-1,13.402707159519194,56,618,5878,31,0.9014127297584688,0.0830860534124629,0.6436781609195402,0.09513546798029557,0.9048645320197044
tI(AAU)E1,-1,13.402707159519194,56,619,5877,31,0.901260823332827,0.08296296296296296,0.6436781609195402,0.09528940886699508,0.9047105911330049
tV(AAC)O,-1,13.402707159519194,56,620,5876,31,0.9011089169071852,0.08284023668639054,0.6436781609195402,0.09544334975369458,0.9045566502463054
snR84,-1,13.402707159519194,56,621,5875,31,0.9009570104815434,0.0827178729689808,0.6436781609195402,0.09559729064039409,0.9044027093596059
YDR014W-A,-1,13.402707159519194,56,622,5874,31,0.9008051040559015,0.08259587020648967,0.6436781609195402,0.0957512315270936,0.9042487684729064
tM(CAU)Q1,-1,13.402707159519194,56,623,5873,31,0.9006531976302597,0.08247422680412371,0.6436781609195402,0.09590517241379311,0.9040948275862069
YKL205W,-1,13.283785653057011,56,624,5872,31,0.900501291204618,0.08235294117647059,0.6436781609195402,0.0960591133004926,0.9039408866995073
YDR414C,-1,13.19416770698746,56,625,5871,31,0.9003493847789762,0.08223201174743025,0.6436781609195402,0.09621305418719212,0.9037869458128078
YLR048W,-1,13.157966178146864,56,626,5870,31,0.9001974783533343,0.08211143695014662,0.6436781609195402,0.09636699507389163,0.9036330049261084
YNL227C,-1,13.126702484588263,56,627,5869,31,0.9000455719276925,0.08199121522693997,0.6436781609195402,0.09652093596059114,0.9034790640394089
YGL112C,-1,13.102263090666533,56,628,5868,31,0.8998936655020507,0.08187134502923976,0.6436781609195402,0.09667487684729065,0.9033251231527094
YGR054W,-1,13.075633944949626,56,629,5867,31,0.899741759076409,0.08175182481751825,0.6436781609195402,0.09682881773399014,0.9031711822660099
YGL234W,-1,13.00733446637813,56,630,5866,31,0.8995898526507671,0.08163265306122448,0.6436781609195402,0.09698275862068965,0.9030172413793104
YDR358W,-1,12.9885393576223,56,631,5865,31,0.8994379462251253,0.08151382823871907,0.6436781609195402,0.09713669950738917,0.9028633004926109
YPR033C,-1,12.954804157107466,56,632,5864,31,0.8992860397994835,0.08139534883720931,0.6436781609195402,0.09729064039408868,0.9027093596059114
YNL216W,-1,12.91648656381716,56,633,5863,31,0.8991341333738417,0.08127721335268505,0.6436781609195402,0.09744458128078817,0.9025554187192119
YJL010C,-1,12.905907190616597,56,634,5862,31,0.8989822269482,0.08115942028985507,0.6436781609195402,0.09759852216748768,0.9024014778325123
YHR081W,-1,12.89099577286898,56,635,5861,31,0.8988303205225581,0.08104196816208394,0.6436781609195402,0.0977524630541872,0.9022475369458128
YMR243C,-1,12.860076053367997,56,636,5860,31,0.8986784140969163,0.08092485549132948,0.6436781609195402,0.0979064039408867,0.9020935960591133
YOR210W,-1,12.759527622487608,56,637,5859,31,0.8985265076712745,0.08080808080808081,0.6436781609195402,0.0980603448275862,0.9019396551724138
YEL042W,-1,12.704084525203418,56,638,5858,31,0.8983746012456327,0.08069164265129683,0.6436781609195402,0.09821428571428571,0.9017857142857143
YJL098W,-1,12.67108272104272,56,639,5857,31,0.8982226948199908,0.08057553956834532,0.6436781609195402,0.09836822660098522,0.9016317733990148
YMR301C,-1,12.61318878084819,56,640,5856,31,0.8980707883943491,0.08045977011494253,0.6436781609195402,0.09852216748768473,0.9014778325123153
YKL001C,-1,12.605906508802276,56,641,5855,31,0.8979188819687073,0.08034433285509325,0.6436781609195402,0.09867610837438423,0.9013238916256158
YOR276W,-1,12.583189094914792,56,642,5854,31,0.8977669755430655,0.08022922636103152,0.6436781609195402,0.09883004926108374,0.9011699507389163
YPL038W,-1,12.577571315914163,56,643,5853,31,0.8976150691174236,0.08011444921316166,0.6436781609195402,0.09898399014778325,0.9010160098522167
YGL211W,-1,12.565418929961773,56,644,5852,31,0.8974631626917818,0.08,0.6436781609195402,0.09913793103448276,0.9008620689655172
YJL157C,-1,12.536803576562214,56,645,5851,31,0.8973112562661401,0.07988587731811697,0.6436781609195402,0.09929187192118226,0.9007081280788177
YPL079W,-1,12.486275544815655,56,646,5850,31,0.8971593498404983,0.07977207977207977,0.6436781609195402,0.09944581280788177,0.9005541871921182
YLR060W,-1,12.45016648262797,56,647,5849,31,0.8970074434148565,0.07965860597439545,0.6436781609195402,0.09959975369458128,0.9004002463054187
YKR076W,-1,12.424984469511624,56,648,5848,31,0.8968555369892146,0.07954545454545454,0.6436781609195402,0.09975369458128079,0.9002463054187192
YOR234C,-1,12.41924003907241,56,649,5847,31,0.8967036305635728,0.07943262411347518,0.6436781609195402,0.0999076354679803,0.9000923645320197
YLR244C,-1,12.41350029237985,56,650,5846,31,0.896551724137931,0.07932011331444759,0.6436781609195402,0.1000615763546798,0.8999384236453202
YCL031C,-1,12.32996306827342,56,651,5845,31,0.8963998177122893,0.07920792079207921,0.6436781609195402,0.10021551724137931,0.8997844827586207
YGR177C,-1,12.328675614050782,56,652,5844,31,0.8962479112866474,0.07909604519774012,0.6436781609195402,0.10036945812807882,0.8996305418719212
YOR143C,-1,12.257266315662545,56,653,5843,31,0.8960960048610056,0.07898448519040903,0.6436781609195402,0.10052339901477833,0.8994766009852216
YOR046C,-1,12.248794770994216,56,654,5842,31,0.8959440984353638,0.07887323943661972,0.6436781609195402,0.10067733990147783,0.8993226600985221
YGL037C,-1,12.23549692621796,56,655,5841,31,0.895792192009722,0.07876230661040788,0.6436781609195402,0.10083128078817734,0.8991687192118226
YDR279W,-1,12.14824272745888,56,656,5840,31,0.8956402855840802,0.07865168539325842,0.6436781609195402,0.10098522167487685,0.8990147783251231
YOL021C,-1,12.129225968460714,56,657,5839,31,0.8954883791584384,0.0785413744740533,0.6436781609195402,0.10113916256157636,0.8988608374384236
YJR097W,-1,12.037134093420873,56,658,5838,31,0.8953364727327966,0.0784313725490196,0.6436781609195402,0.10129310344827586,0.8987068965517241
YBR073W,-1,12.01465590446587,56,659,5837,31,0.8951845663071548,0.07832167832167833,0.6436781609195402,0.10144704433497537,0.8985529556650246
YMR241W,-1,11.963051471348267,56,660,5836,31,0.895032659881513,0.0782122905027933,0.6436781609195402,0.10160098522167488,0.8983990147783252
YLR061W,-1,11.928714550065854,56,661,5835,31,0.8948807534558711,0.07810320781032078,0.6436781609195402,0.10175492610837439,0.8982450738916257
YPL243W,-1,11.841736619598816,56,662,5834,31,0.8947288470302294,0.07799442896935933,0.6436781609195402,0.10190886699507389,0.8980911330049262
YNL111C,-1,11.809430392852063,56,663,5833,31,0.8945769406045876,0.07788595271210014,0.6436781609195402,0.1020628078817734,0.8979371921182266
YFL023W,-1,11.758828225021546,56,664,5832,31,0.8944250341789458,0.07777777777777778,0.6436781609195402,0.1022167487684729,0.8977832512315271
YDL043C,-1,11.749682702892208,56,665,5831,31,0.8942731277533039,0.07766990291262135,0.6436781609195402,0.10237068965517242,0.8976293103448276
YFL001W,-1,11.720869276228086,56,666,5830,31,0.8941212213276621,0.07756232686980609,0.6436781609195402,0.10252463054187193,0.8974753694581281
YKL212W,-1,11.683703945870596,56,667,5829,31,0.8939693149020204,0.07745504840940526,0.6436781609195402,0.10267857142857142,0.8973214285714286
YDR527W,-1,11.645350125037007,56,668,5828,31,0.8938174084763786,0.07734806629834254,0.6436781609195402,0.10283251231527094,0.8971674876847291
YPL227C,-1,11.638876967110782,56,669,5827,31,0.8936655020507367,0.07724137931034483,0.6436781609195402,0.10298645320197045,0.8970135467980296
YHR113W,-1,11.608263605720571,56,670,5826,31,0.8935135956250949,0.07713498622589532,0.6436781609195402,0.10314039408866996,0.8968596059113301
YIL131C,-1,11.539834301174324,56,671,5825,31,0.8933616891994531,0.07702888583218707,0.6436781609195402,0.10329433497536945,0.8967056650246306
YLR441C,-1,11.480142705623734,56,672,5824,31,0.8932097827738114,0.07692307692307693,0.6436781609195402,0.10344827586206896,0.896551724137931
YDL042C,-1,11.428006667205077,56,673,5823,31,0.8930578763481696,0.07681755829903979,0.6436781609195402,0.10360221674876847,0.8963977832512315
YGR085C,-1,11.42648429887155,56,674,5822,31,0.8929059699225277,0.07671232876712329,0.6436781609195402,0.10375615763546799,0.896243842364532
YHR122W,-1,11.422500734339653,56,675,5821,31,0.8927540634968859,0.07660738714090287,0.6436781609195402,0.10391009852216748,0.8960899014778325
YLR293C,-1,11.415280018125253,56,676,5820,31,0.8926021570712441,0.07650273224043716,0.6436781609195402,0.10406403940886699,0.895935960591133
YBR169C,-1,11.411070182142618,56,677,5819,31,0.8924502506456023,0.07639836289222374,0.6436781609195402,0.1042179802955665,0.8957820197044335
YDR064W,-1,11.408725711829181,56,678,5818,31,0.8922983442199605,0.07629427792915532,0.6436781609195402,0.10437192118226601,0.895628078817734
YPR120C,-1,11.36215166204464,56,679,5817,31,0.8921464377943187,0.0761904761904762,0.6436781609195402,0.10452586206896551,0.8954741379310345
YGR119C,-1,11.30949451136508,56,680,5816,31,0.8919945313686769,0.07608695652173914,0.6436781609195402,0.10467980295566502,0.895320197044335
YBR257W,-1,11.292456601108052,56,681,5815,31,0.8918426249430351,0.07598371777476255,0.6436781609195402,0.10483374384236453,0.8951662561576355
YLR258W,-1,11.211251981040288,56,682,5814,31,0.8916907185173932,0.07588075880758807,0.6436781609195402,0.10498768472906404,0.8950123152709359
YEL012W,-1,11.110032093706884,56,683,5813,31,0.8915388120917515,0.07577807848443843,0.6436781609195402,0.10514162561576355,0.8948583743842364
YIL142W,-1,11.034214354539731,56,684,5812,31,0.8913869056661097,0.07567567567567568,0.6436781609195402,0.10529556650246305,0.8947044334975369
YBL076C,-1,11.025363338238549,56,685,5811,31,0.8912349992404679,0.07557354925775979,0.6436781609195402,0.10544950738916256,0.8945504926108374
YMR300C,-1,10.94881957366936,56,686,5810,31,0.8910830928148261,0.07547169811320754,0.6436781609195402,0.10560344827586207,0.8943965517241379
YER107C,-1,10.831020680502455,56,687,5809,31,0.8909311863891842,0.07537012113055182,0.6436781609195402,0.10575738916256158,0.8942426108374384
YJR143C,-1,10.788990944580204,56,688,5808,31,0.8907792799635424,0.07526881720430108,0.6436781609195402,0.10591133004926108,0.8940886699507389
YBR214W,-1,10.778721820710707,56,689,5807,31,0.8906273735379007,0.07516778523489932,0.6436781609195402,0.10606527093596059,0.8939347290640394
YGR152C,-1,10.771557389016664,56,690,5806,31,0.8904754671122589,0.07506702412868632,0.6436781609195402,0.1062192118226601,0.8937807881773399
YMR080C,-1,10.762706619224792,56,691,5805,31,0.890323560686617,0.0749665327978581,0.6436781609195402,0.10637315270935961,0.8936268472906403
YDL098C,-1,10.727551571471004,56,692,5804,31,0.8901716542609752,0.0748663101604278,0.6436781609195402,0.10652709359605911,0.8934729064039408
YDR144C,-1,10.695116492229227,56,693,5803,31,0.8900197478353334,0.07476635514018691,0.6436781609195402,0.10668103448275862,0.8933189655172413
YDR198C,1,10.686126803408984,57,693,5803,30,0.8901716542609752,0.076,0.6551724137931034,0.10668103448275862,0.8933189655172413
YGL031C,-1,10.656088826203133,57,694,5802,30,0.8900197478353334,0.0758988015978695,0.6551724137931034,0.10683497536945813,0.8931650246305419
YKL114C,-1,10.602593961604901,57,695,5801,30,0.8898678414096917,0.07579787234042554,0.6551724137931034,0.10698891625615764,0.8930110837438424
YIL018W,-1,10.502271281277569,57,696,5800,30,0.8897159349840498,0.07569721115537849,0.6551724137931034,0.10714285714285714,0.8928571428571429
YBR026C,-1,10.383676930058671,57,697,5799,30,0.889564028558408,0.07559681697612732,0.6551724137931034,0.10729679802955665,0.8927032019704434
YKL068W,-1,10.374403883167567,57,698,5798,30,0.8894121221327662,0.07549668874172186,0.6551724137931034,0.10745073891625616,0.8925492610837439
YDR292C,-1,10.369275780042633,57,699,5797,30,0.8892602157071244,0.07539682539682539,0.6551724137931034,0.10760467980295567,0.8923953201970444
YNL178W,-1,10.351054447543774,57,700,5796,30,0.8891083092814827,0.07529722589167767,0.6551724137931034,0.10775862068965517,0.8922413793103449
YER070W,-1,10.346761979631466,57,701,5795,30,0.8889564028558408,0.07519788918205805,0.6551724137931034,0.10791256157635468,0.8920874384236454
YDR450W,-1,10.262323292674544,57,702,5794,30,0.888804496430199,0.07509881422924901,0.6551724137931034,0.10806650246305419,0.8919334975369458
YPL254W,-1,10.259659624107535,57,703,5793,30,0.8886525900045572,0.075,0.6551724137931034,0.1082204433497537,0.8917795566502463
YOL094C,-1,10.257001741451349,57,704,5792,30,0.8885006835789154,0.07490144546649145,0.6551724137931034,0.10837438423645321,0.8916256157635468
YMR260C,-1,10.248184701632919,57,705,5791,30,0.8883487771532735,0.07480314960629922,0.6551724137931034,0.1085283251231527,0.8914716748768473
YCR059C,-1,10.205500968479514,57,706,5790,30,0.8881968707276318,0.07470511140235911,0.6551724137931034,0.10868226600985222,0.8913177339901478
YER002W,-1,10.203579127766591,57,707,5789,30,0.88804496430199,0.07460732984293193,0.6551724137931034,0.10883620689655173,0.8911637931034483
YPR169W,-1,10.186504777592653,57,708,5788,30,0.8878930578763482,0.07450980392156863,0.6551724137931034,0.10899014778325124,0.8910098522167488
YKL056C,-1,10.161076082538745,57,709,5787,30,0.8877411514507063,0.07441253263707572,0.6551724137931034,0.10914408866995073,0.8908559113300493
YMR277W,-1,10.149214486068958,57,710,5786,30,0.8875892450250645,0.07431551499348109,0.6551724137931034,0.10929802955665024,0.8907019704433498
YNL124W,-1,10.142228997623334,57,711,5785,30,0.8874373385994228,0.07421875,0.6551724137931034,0.10945197044334976,0.8905480295566502
YCL011C,-1,10.1249866294411,57,712,5784,30,0.887285432173781,0.0741222366710013,0.6551724137931034,0.10960591133004927,0.8903940886699507
YOR236W,-1,10.09395274011242,57,713,5783,30,0.8871335257481392,0.07402597402597402,0.6551724137931034,0.10975985221674876,0.8902401477832512
YDR258C,-1,10.058848257129235,57,714,5782,30,0.8869816193224973,0.07392996108949416,0.6551724137931034,0.10991379310344827,0.8900862068965517
YKL106W,0,10.038228640757037,57,714,5782,30,0.8869816193224973,0.07392996108949416,0.6551724137931034,0.10991379310344827,0.8900862068965517
YJR144W,-1,10.026650987424858,57,715,5781,30,0.8868297128968555,0.07383419689119171,0.6551724137931034,0.11006773399014778,0.8899322660098522
YGL070C,-1,10.016494160627074,57,716,5780,30,0.8866778064712137,0.07373868046571798,0.6551724137931034,0.1102216748768473,0.8897783251231527
YDR502C,0,9.95960269104176,57,716,5780,30,0.8866778064712137,0.07373868046571798,0.6551724137931034,0.1102216748768473,0.8897783251231527
YDL112W,1,9.915837136088099,58,716,5780,29,0.8868297128968555,0.07493540051679587,0.6666666666666666,0.1102216748768473,0.8897783251231527
YLR264W,-1,9.8545087772017,58,717,5779,29,0.8866778064712137,0.07483870967741936,0.6666666666666666,0.11037561576354679,0.8896243842364532
YER165W,-1,9.822040443325129,58,718,5778,29,0.886525900045572,0.07474226804123711,0.6666666666666666,0.1105295566502463,0.8894704433497537
YPR118W,-1,9.81573989873263,58,719,5777,29,0.8863739936199301,0.07464607464607464,0.6666666666666666,0.11068349753694581,0.8893165024630542
YOR312C,-1,9.74505370491803,58,720,5776,29,0.8862220871942883,0.07455012853470437,0.6666666666666666,0.11083743842364532,0.8891625615763546
YDL085W,-1,9.736233480894704,58,721,5775,29,0.8860701807686465,0.07445442875481387,0.6666666666666666,0.11099137931034483,0.8890086206896551
YGL076C,-1,9.711724398572825,58,722,5774,29,0.8859182743430047,0.07435897435897436,0.6666666666666666,0.11114532019704433,0.8888546798029556
YDR001C,-1,9.707651963284341,58,723,5773,29,0.8857663679173629,0.07426376440460948,0.6666666666666666,0.11129926108374384,0.8887007389162561
YNL067W,-1,9.64346063757812,58,724,5772,29,0.8856144614917211,0.0741687979539642,0.6666666666666666,0.11145320197044335,0.8885467980295566
YMR220W,-1,9.63298474881025,58,725,5771,29,0.8854625550660793,0.07407407407407407,0.6666666666666666,0.11160714285714286,0.8883928571428571
YKR038C,-1,9.615376407745888,58,726,5770,29,0.8853106486404375,0.07397959183673469,0.6666666666666666,0.11176108374384236,0.8882389162561576
YNL194C,-1,9.58544566260621,58,727,5769,29,0.8851587422147957,0.07388535031847134,0.6666666666666666,0.11191502463054187,0.8880849753694581
YHR187W,-1,9.535085866766007,58,728,5768,29,0.8850068357891538,0.0737913486005089,0.6666666666666666,0.11206896551724138,0.8879310344827587
YJR145C,-1,9.376593171921005,58,729,5767,29,0.8848549293635121,0.07369758576874205,0.6666666666666666,0.11222290640394089,0.8877770935960592
YMR076C,-1,9.335099818941647,58,730,5766,29,0.8847030229378703,0.07360406091370558,0.6666666666666666,0.11237684729064039,0.8876231527093597
YBR106W,-1,9.318615377342807,58,731,5765,29,0.8845511165122285,0.07351077313054499,0.6666666666666666,0.1125307881773399,0.8874692118226601
YML006C,-1,9.315124696257813,58,732,5764,29,0.8843992100865866,0.07341772151898734,0.6666666666666666,0.11268472906403941,0.8873152709359606
YKL103C,-1,9.290835206627799,58,733,5763,29,0.8842473036609448,0.07332490518331226,0.6666666666666666,0.11283866995073892,0.8871613300492611
YGL257C,-1,9.277749041090468,58,734,5762,29,0.8840953972353031,0.07323232323232323,0.6666666666666666,0.11299261083743842,0.8870073891625616
YLL004W,-1,9.15363216565252,58,735,5761,29,0.8839434908096613,0.07313997477931904,0.6666666666666666,0.11314655172413793,0.8868534482758621
YJR075W,-1,9.141978766449782,58,736,5760,29,0.8837915843840194,0.07304785894206549,0.6666666666666666,0.11330049261083744,0.8866995073891626
YOR335C,-1,9.138494760709076,58,737,5759,29,0.8836396779583776,0.0729559748427673,0.6666666666666666,0.11345443349753695,0.8865455665024631
YPL241C,-1,9.1202112908731,58,738,5758,29,0.8834877715327358,0.0728643216080402,0.6666666666666666,0.11360837438423645,0.8863916256157636
YLR033W,-1,9.119049999640845,58,739,5757,29,0.883335865107094,0.07277289836888332,0.6666666666666666,0.11376231527093596,0.8862376847290641
YBL004W,-1,9.10125208242027,58,740,5756,29,0.8831839586814523,0.07268170426065163,0.6666666666666666,0.11391625615763547,0.8860837438423645
YNL284C-A,-1,9.07724239227722,58,741,5755,29,0.8830320522558104,0.07259073842302878,0.6666666666666666,0.11407019704433498,0.885929802955665
YCR036W,-1,9.069404493773343,58,742,5754,29,0.8828801458301686,0.0725,0.6666666666666666,0.11422413793103449,0.8857758620689655
YCR053W,-1,9.04764654946593,58,743,5753,29,0.8827282394045268,0.07240948813982521,0.6666666666666666,0.11437807881773399,0.885621921182266
YGR109C,-1,9.02419354819522,58,744,5752,29,0.882576332978885,0.07231920199501247,0.6666666666666666,0.1145320197044335,0.8854679802955665
YDR255C,-1,9.021762752854903,58,745,5751,29,0.8824244265532432,0.0722291407222914,0.6666666666666666,0.11468596059113301,0.885314039408867
YLR200W,-1,9.00164909444045,58,746,5750,29,0.8822725201276014,0.07213930348258707,0.6666666666666666,0.11483990147783252,0.8851600985221675
YML094W,-1,8.974488625259724,58,747,5749,29,0.8821206137019596,0.07204968944099378,0.6666666666666666,0.11499384236453201,0.885006157635468
YGL077C,-1,8.946424263113233,58,748,5748,29,0.8819687072763178,0.07196029776674938,0.6666666666666666,0.11514778325123153,0.8848522167487685
YOR063W,-1,8.908476328783378,58,749,5747,29,0.8818168008506759,0.07187112763320942,0.6666666666666666,0.11530172413793104,0.884698275862069
YJR043C,-1,8.893835784163983,58,750,5746,29,0.8816648944250342,0.07178217821782178,0.6666666666666666,0.11545566502463055,0.8845443349753694
YGR120C,-1,8.881837596966506,58,751,5745,29,0.8815129879993924,0.07169344870210136,0.6666666666666666,0.11560960591133004,0.8843903940886699
YOR185C,-1,8.876317832772276,58,752,5744,29,0.8813610815737506,0.07160493827160494,0.6666666666666666,0.11576354679802955,0.8842364532019704
YOR173W,-1,8.873646203673122,58,753,5743,29,0.8812091751481088,0.07151664611590629,0.6666666666666666,0.11591748768472906,0.8840825123152709
YBL087C,-1,8.860664153854533,58,754,5742,29,0.8810572687224669,0.07142857142857142,0.6666666666666666,0.11607142857142858,0.8839285714285714
YGL053W,-1,8.850110693746545,58,755,5741,29,0.8809053622968251,0.07134071340713408,0.6666666666666666,0.11622536945812807,0.8837746305418719
YKR099W,-1,8.832690974247127,58,756,5740,29,0.8807534558711834,0.07125307125307126,0.6666666666666666,0.11637931034482758,0.8836206896551724
YNL255C,-1,8.8271017971507,58,757,5739,29,0.8806015494455416,0.07116564417177915,0.6666666666666666,0.1165332512315271,0.8834667487684729
YOR188W,-1,8.824991108732222,58,758,5738,29,0.8804496430198997,0.07107843137254902,0.6666666666666666,0.1166871921182266,0.8833128078817734
YLR440C,-1,8.8051902300943,58,759,5737,29,0.8802977365942579,0.07099143206854346,0.6666666666666666,0.11684113300492611,0.8831588669950738
YJL025W,-1,8.780598768046545,58,760,5736,29,0.8801458301686161,0.07090464547677261,0.6666666666666666,0.11699507389162561,0.8830049261083743
YKL014C,-1,8.750807826175002,58,761,5735,29,0.8799939237429744,0.07081807081807082,0.6666666666666666,0.11714901477832512,0.8828509852216748
YNL207W,-1,8.691070577622327,58,762,5734,29,0.8798420173173325,0.07073170731707316,0.6666666666666666,0.11730295566502463,0.8826970443349754
YBL052C,-1,8.641163560407803,58,763,5733,29,0.8796901108916907,0.07064555420219244,0.6666666666666666,0.11745689655172414,0.8825431034482759
YOR212W,-1,8.638987390090142,58,764,5732,29,0.8795382044660489,0.0705596107055961,0.6666666666666666,0.11761083743842364,0.8823891625615764
YML021C,-1,8.618830017366232,58,765,5731,29,0.8793862980404071,0.07047387606318348,0.6666666666666666,0.11776477832512315,0.8822352216748769
YKL093W,-1,8.611606434060516,58,766,5730,29,0.8792343916147654,0.0703883495145631,0.6666666666666666,0.11791871921182266,0.8820812807881774
YJL087C,-1,8.52966662848283,58,767,5729,29,0.8790824851891235,0.0703030303030303,0.6666666666666666,0.11807266009852217,0.8819273399014779
YNL290W,-1,8.508986944878963,58,768,5728,29,0.8789305787634817,0.07021791767554479,0.6666666666666666,0.11822660098522167,0.8817733990147784
YEL054C,-1,8.474923034477289,58,769,5727,29,0.8787786723378399,0.07013301088270858,0.6666666666666666,0.11838054187192118,0.8816194581280788
YBR238C,-1,8.453207002747028,58,770,5726,29,0.8786267659121981,0.07004830917874397,0.6666666666666666,0.11853448275862069,0.8814655172413793
YER146W,-1,8.44951440924767,58,771,5725,29,0.8784748594865562,0.06996381182147166,0.6666666666666666,0.1186884236453202,0.8813115763546798
YML105C,-1,8.44212556650456,58,772,5724,29,0.8783229530609145,0.06987951807228916,0.6666666666666666,0.1188423645320197,0.8811576354679803
YGR191W,-1,8.430589491434542,58,773,5723,29,0.8781710466352727,0.06979542719614922,0.6666666666666666,0.11899630541871921,0.8810036945812808
YKL057C,-1,8.412086131157249,58,774,5722,29,0.8780191402096309,0.06971153846153846,0.6666666666666666,0.11915024630541872,0.8808497536945813
Q0055,-1,8.4071861866978,58,775,5721,29,0.877867233783989,0.06962785114045618,0.6666666666666666,0.11930418719211823,0.8806958128078818
YLR212C,-1,8.407020535970998,58,776,5720,29,0.8777153273583472,0.06954436450839328,0.6666666666666666,0.11945812807881774,0.8805418719211823
YHR084W,-1,8.400987599932574,58,777,5719,29,0.8775634209327055,0.06946107784431138,0.6666666666666666,0.11961206896551724,0.8803879310344828
YHL033C,-1,8.362338420330584,58,778,5718,29,0.8774115145070637,0.06937799043062201,0.6666666666666666,0.11976600985221675,0.8802339901477833
YIL118W,-1,8.346360566051116,58,779,5717,29,0.8772596080814219,0.06929510155316607,0.6666666666666666,0.11991995073891626,0.8800800492610837
YFR005C,-1,8.340371796483717,58,780,5716,29,0.87710770165578,0.06921241050119331,0.6666666666666666,0.12007389162561577,0.8799261083743842
YNL282W,-1,8.337708712409112,58,781,5715,29,0.8769557952301382,0.06912991656734208,0.6666666666666666,0.12022783251231527,0.8797721674876847
YMR246W,-1,8.31871783668747,58,782,5714,29,0.8768038888044964,0.06904761904761905,0.6666666666666666,0.12038177339901478,0.8796182266009852
YMR005W,-1,8.304799906437324,58,783,5713,29,0.8766519823788547,0.06896551724137931,0.6666666666666666,0.12053571428571429,0.8794642857142857
YAL033W,-1,8.290991429773705,58,784,5712,29,0.8765000759532128,0.0688836104513064,0.6666666666666666,0.1206896551724138,0.8793103448275862
YBR283C,-1,8.288501096975315,58,785,5711,29,0.876348169527571,0.06880189798339265,0.6666666666666666,0.1208435960591133,0.8791564039408867
YKL125W,-1,8.243896542643062,58,786,5710,29,0.8761962631019292,0.06872037914691943,0.6666666666666666,0.1209975369458128,0.8790024630541872
YML011C,-1,8.235691805033161,58,787,5709,29,0.8760443566762874,0.06863905325443787,0.6666666666666666,0.12115147783251232,0.8788485221674877
YNL277W,0,8.216633588169255,58,787,5709,29,0.8760443566762874,0.06863905325443787,0.6666666666666666,0.12115147783251232,0.8788485221674877
YMR129W,-1,8.203580914997234,58,788,5708,29,0.8758924502506455,0.06855791962174941,0.6666666666666666,0.12130541871921183,0.8786945812807881
YJR055W,-1,8.201756790608616,58,789,5707,29,0.8757405438250038,0.06847697756788666,0.6666666666666666,0.12145935960591132,0.8785406403940886
YMR138W,-1,8.183977531344606,58,790,5706,29,0.875588637399362,0.06839622641509434,0.6666666666666666,0.12161330049261083,0.8783866995073891
YJR112W,-1,8.182195531125815,58,791,5705,29,0.8754367309737202,0.06831566548881036,0.6666666666666666,0.12176724137931035,0.8782327586206896
YOR254C,-1,8.176990775823372,58,792,5704,29,0.8752848245480784,0.06823529411764706,0.6666666666666666,0.12192118226600986,0.8780788177339901
YBR166C,-1,8.175705581016219,58,793,5703,29,0.8751329181224365,0.0681551116333725,0.6666666666666666,0.12207512315270935,0.8779248768472906
YBL009W,-1,8.174470784799057,58,794,5702,29,0.8749810116967948,0.06807511737089202,0.6666666666666666,0.12222906403940886,0.8777709359605911
YDR025W,-1,8.080294052542396,58,795,5701,29,0.874829105271153,0.06799531066822978,0.6666666666666666,0.12238300492610837,0.8776169950738916
YML046W,-1,8.07731637996564,58,796,5700,29,0.8746771988455112,0.06791569086651054,0.6666666666666666,0.12253694581280788,0.8774630541871922
YLR150W,-1,8.074849479330439,58,797,5699,29,0.8745252924198693,0.06783625730994151,0.6666666666666666,0.1226908866995074,0.8773091133004927
YLR303W,-1,8.07250532570026,58,798,5698,29,0.8743733859942275,0.06775700934579439,0.6666666666666666,0.12284482758620689,0.8771551724137931
YBR162W-A,-1,8.061107123878045,58,799,5697,29,0.8742214795685858,0.0676779463243874,0.6666666666666666,0.1229987684729064,0.8770012315270936
YOR315W,-1,8.034028662251343,58,800,5696,29,0.874069573142944,0.0675990675990676,0.6666666666666666,0.12315270935960591,0.8768472906403941
YBR087W,-1,7.975368246581018,58,801,5695,29,0.8739176667173021,0.06752037252619325,0.6666666666666666,0.12330665024630542,0.8766933497536946
YOR151C,-1,7.9570272572977725,58,802,5694,29,0.8737657602916603,0.06744186046511629,0.6666666666666666,0.12346059113300492,0.8765394088669951
YDR306C,-1,7.955899325714708,58,803,5693,29,0.8736138538660185,0.06736353077816493,0.6666666666666666,0.12361453201970443,0.8763854679802956
YHR141C,-1,7.929083597283655,58,804,5692,29,0.8734619474403768,0.06728538283062645,0.6666666666666666,0.12376847290640394,0.8762315270935961
YJL111W,-1,7.921481659262539,58,805,5691,29,0.873310041014735,0.06720741599073002,0.6666666666666666,0.12392241379310345,0.8760775862068966
YDL155W,-1,7.913522880517487,58,806,5690,29,0.8731581345890931,0.06712962962962964,0.6666666666666666,0.12407635467980295,0.8759236453201971
YBL078C,-1,7.912852881378424,58,807,5689,29,0.8730062281634513,0.06705202312138728,0.6666666666666666,0.12423029556650246,0.8757697044334976
YKL163W,-1,7.866451834113347,58,808,5688,29,0.8728543217378095,0.06697459584295612,0.6666666666666666,0.12438423645320197,0.875615763546798
YBR254C,-1,7.849721790366764,58,809,5687,29,0.8727024153121677,0.06689734717416378,0.6666666666666666,0.12453817733990148,0.8754618226600985
YPL198W,-1,7.8309308750156665,58,810,5686,29,0.8725505088865259,0.06682027649769585,0.6666666666666666,0.12469211822660098,0.875307881773399
YOR216C,-1,7.814170522654777,58,811,5685,29,0.8723986024608841,0.0667433831990794,0.6666666666666666,0.12484605911330049,0.8751539408866995
YOR133W,-1,7.803421261858256,58,812,5684,29,0.8722466960352423,0.06666666666666667,0.6666666666666666,0.125,0.875
YMR304W,-1,7.784059636618578,58,813,5683,29,0.8720947896096005,0.06659012629161883,0.6666666666666666,0.1251539408866995,0.8748460591133005
YLR007W,-1,7.7817347055535535,58,814,5682,29,0.8719428831839586,0.06651376146788991,0.6666666666666666,0.12530788177339902,0.874692118226601
YGL104C,-1,7.7809878253047415,58,815,5681,29,0.8717909767583168,0.06643757159221077,0.6666666666666666,0.12546182266009853,0.8745381773399015
YMR079W,-1,7.745481954007465,58,816,5680,29,0.8716390703326751,0.06636155606407322,0.6666666666666666,0.12561576354679804,0.874384236453202
YJR123W,-1,7.722621165643531,58,817,5679,29,0.8714871639070333,0.06628571428571428,0.6666666666666666,0.12576970443349753,0.8742302955665024
YGL247W,-1,7.685490837390723,58,818,5678,29,0.8713352574813915,0.06621004566210045,0.6666666666666666,0.12592364532019704,0.8740763546798029
YOR369C,-1,7.685286352366468,58,819,5677,29,0.8711833510557496,0.0661345496009122,0.6666666666666666,0.12607758620689655,0.8739224137931034
YJR036C,-1,7.675604724807315,58,820,5676,29,0.8710314446301078,0.06605922551252848,0.6666666666666666,0.12623152709359606,0.8737684729064039
YDL143W,-1,7.672120231449886,58,821,5675,29,0.8708795382044661,0.06598407281001138,0.6666666666666666,0.12638546798029557,0.8736145320197044
YLR226W,-1,7.6693968281910685,58,822,5674,29,0.8707276317788243,0.0659090909090909,0.6666666666666666,0.12653940886699508,0.8734605911330049
YAL042W,-1,7.654611160384292,58,823,5673,29,0.8705757253531824,0.06583427922814983,0.6666666666666666,0.1266933497536946,0.8733066502463054
YLR188W,-1,7.644251564592406,58,824,5672,29,0.8704238189275406,0.06575963718820861,0.6666666666666666,0.1268472906403941,0.8731527093596059
YHR087W,-1,7.638052939970748,58,825,5671,29,0.8702719125018988,0.06568516421291053,0.6666666666666666,0.12700123152709358,0.8729987684729064
YGR112W,-1,7.6291339719553,58,826,5670,29,0.8701200060762571,0.06561085972850679,0.6666666666666666,0.1271551724137931,0.8728448275862069
YFL022C,-1,7.621169398854495,58,827,5669,29,0.8699680996506152,0.0655367231638418,0.6666666666666666,0.1273091133004926,0.8726908866995073
YBR288C,-1,7.620015525494268,58,828,5668,29,0.8698161932249734,0.0654627539503386,0.6666666666666666,0.12746305418719212,0.8725369458128078
YPL090C,-1,7.598937463059904,58,829,5667,29,0.8696642867993316,0.06538895152198422,0.6666666666666666,0.12761699507389163,0.8723830049261084
YMR294W,-1,7.58626090689412,58,830,5666,29,0.8695123803736898,0.06531531531531531,0.6666666666666666,0.12777093596059114,0.8722290640394089
YPL210C,-1,7.563652876777197,58,831,5665,29,0.869360473948048,0.06524184476940383,0.6666666666666666,0.12792487684729065,0.8720751231527094
YBL020W,-1,7.554211341961778,58,832,5664,29,0.8692085675224062,0.0651685393258427,0.6666666666666666,0.12807881773399016,0.8719211822660099
YJR068W,-1,7.549842789620732,58,833,5663,29,0.8690566610967644,0.06509539842873176,0.6666666666666666,0.12823275862068967,0.8717672413793104
YLR147C,-1,7.539402690584642,58,834,5662,29,0.8689047546711226,0.06502242152466367,0.6666666666666666,0.12838669950738915,0.8716133004926109
YER035W,-1,7.534388367364636,58,835,5661,29,0.8687528482454808,0.06494960806270997,0.6666666666666666,0.12854064039408866,0.8714593596059114
YDR085C,-1,7.504570290346075,58,836,5660,29,0.8686009418198389,0.06487695749440715,0.6666666666666666,0.12869458128078817,0.8713054187192119
YKL110C,-1,7.451417712710041,58,837,5659,29,0.8684490353941972,0.06480446927374302,0.6666666666666666,0.12884852216748768,0.8711514778325123
YER086W,-1,7.450483662985205,58,838,5658,29,0.8682971289685554,0.06473214285714286,0.6666666666666666,0.1290024630541872,0.8709975369458128
YCL040W,-1,7.442014145365304,58,839,5657,29,0.8681452225429136,0.06465997770345597,0.6666666666666666,0.1291564039408867,0.8708435960591133
YHR010W,-1,7.44189330957405,58,840,5656,29,0.8679933161172717,0.0645879732739421,0.6666666666666666,0.12931034482758622,0.8706896551724138
YEL018W,-1,7.4288838958467265,58,841,5655,29,0.8678414096916299,0.06451612903225806,0.6666666666666666,0.12946428571428573,0.8705357142857143
YKL035W,-1,7.421976098768005,58,842,5654,29,0.8676895032659881,0.06444444444444444,0.6666666666666666,0.1296182266009852,0.8703817733990148
YKL156W,-1,7.419763912118321,58,843,5653,29,0.8675375968403464,0.06437291897891231,0.6666666666666666,0.12977216748768472,0.8702278325123153
YIL090W,-1,7.4183777134745155,58,844,5652,29,0.8673856904147046,0.06430155210643015,0.6666666666666666,0.12992610837438423,0.8700738916256158
YHR208W,0,7.413154955827068,58,844,5652,29,0.8673856904147046,0.06430155210643015,0.6666666666666666,0.12992610837438423,0.8700738916256158
YDR416W,-1,7.404441823414573,58,845,5651,29,0.8672337839890627,0.06423034330011074,0.6666666666666666,0.13008004926108374,0.8699199507389163
YLR185W,-1,7.320433256587774,58,846,5650,29,0.8670818775634209,0.06415929203539823,0.6666666666666666,0.13023399014778325,0.8697660098522167
YMR170C,-1,7.316160986844423,58,847,5649,29,0.8669299711377791,0.06408839779005525,0.6666666666666666,0.13038793103448276,0.8696120689655172
YJL179W,-1,7.312619887627264,58,848,5648,29,0.8667780647121374,0.0640176600441501,0.6666666666666666,0.13054187192118227,0.8694581280788177
YEL046C,-1,7.302985543180527,58,849,5647,29,0.8666261582864955,0.0639470782800441,0.6666666666666666,0.13069581280788178,0.8693041871921182
YNL163C,-1,7.296622882633543,58,850,5646,29,0.8664742518608537,0.06387665198237885,0.6666666666666666,0.1308497536945813,0.8691502463054187
YOR119C,-1,7.288024116289632,58,851,5645,29,0.8663223454352119,0.0638063806380638,0.6666666666666666,0.13100369458128078,0.8689963054187192
YPL220W,-1,7.28111140382658,58,852,5644,29,0.8661704390095701,0.06373626373626373,0.6666666666666666,0.1311576354679803,0.8688423645320197
YOR233W,-1,7.265091339886417,58,853,5643,29,0.8660185325839282,0.06366630076838639,0.6666666666666666,0.1313115763546798,0.8686884236453202
YBL042C,-1,7.249155247291576,58,854,5642,29,0.8658666261582865,0.06359649122807018,0.6666666666666666,0.1314655172413793,0.8685344827586207
YKL157W,-1,7.246954764641249,58,855,5641,29,0.8657147197326447,0.06352683461117196,0.6666666666666666,0.13161945812807882,0.8683805418719212
YPR051W,-1,7.238866461295685,58,856,5640,29,0.8655628133070029,0.06345733041575492,0.6666666666666666,0.13177339901477833,0.8682266009852216
YIL116W,0,7.2272634636809565,58,856,5640,29,0.8655628133070029,0.06345733041575492,0.6666666666666666,0.13177339901477833,0.8682266009852216
YIL101C,-1,7.224495843792147,58,857,5639,29,0.8654109068813611,0.0633879781420765,0.6666666666666666,0.13192733990147784,0.8680726600985221
YPL123C,-1,7.219621774211509,58,858,5638,29,0.8652590004557192,0.06331877729257641,0.6666666666666666,0.13208128078817735,0.8679187192118226
YDL108W,-1,7.218428422071728,58,859,5637,29,0.8651070940300775,0.06324972737186478,0.6666666666666666,0.13223522167487683,0.8677647783251231
YFR003C,-1,7.21098968915847,58,860,5636,29,0.8649551876044357,0.06318082788671024,0.6666666666666666,0.13238916256157635,0.8676108374384236
YER073W,-1,7.208565432523573,58,861,5635,29,0.8648032811787939,0.06311207834602829,0.6666666666666666,0.13254310344827586,0.8674568965517241
YGL155W,0,7.19465975676675,58,861,5635,29,0.8648032811787939,0.06311207834602829,0.6666666666666666,0.13254310344827586,0.8674568965517241
YKR063C,-1,7.1930667171716065,58,862,5634,29,0.864651374753152,0.06304347826086956,0.6666666666666666,0.13269704433497537,0.8673029556650246
YJL053W,-1,7.183240548127782,58,863,5633,29,0.8644994683275102,0.06297502714440825,0.6666666666666666,0.13285098522167488,0.8671490147783252
YEL029C,-1,7.1778480211542774,58,864,5632,29,0.8643475619018685,0.06290672451193059,0.6666666666666666,0.1330049261083744,0.8669950738916257
YPL244C,-1,7.084561696091853,58,865,5631,29,0.8641956554762267,0.0628385698808234,0.6666666666666666,0.1331588669950739,0.8668411330049262
YMR197C,-1,7.0806994058951735,58,866,5630,29,0.8640437490505848,0.06277056277056277,0.6666666666666666,0.1333128078817734,0.8666871921182266
YDR497C,-1,7.062787929949449,58,867,5629,29,0.863891842624943,0.0627027027027027,0.6666666666666666,0.1334667487684729,0.8665332512315271
YPR102C,-1,7.055090017203635,58,868,5628,29,0.8637399361993012,0.06263498920086392,0.6666666666666666,0.1336206896551724,0.8663793103448276
YPL206C,-1,7.047619593306534,58,869,5627,29,0.8635880297736594,0.06256742179072276,0.6666666666666666,0.13377463054187191,0.8662253694581281
YOL076W,-1,7.026224718241598,58,870,5626,29,0.8634361233480177,0.0625,0.6666666666666666,0.13392857142857142,0.8660714285714286
YHR203C,-1,7.005889974716553,58,871,5625,29,0.8632842169223758,0.062432723358449946,0.6666666666666666,0.13408251231527094,0.8659174876847291
YOL145C,-1,6.99576822296722,58,872,5624,29,0.863132310496734,0.06236559139784946,0.6666666666666666,0.13423645320197045,0.8657635467980296
YBR088C,-1,6.980192969083072,58,873,5623,29,0.8629804040710922,0.06229860365198711,0.6666666666666666,0.13439039408866996,0.8656096059113301
YNR043W,-1,6.9725596743826275,58,874,5622,29,0.8628284976454504,0.06223175965665236,0.6666666666666666,0.13454433497536947,0.8654556650246306
YAR002W,-1,6.962216450439858,58,875,5621,29,0.8626765912198086,0.06216505894962487,0.6666666666666666,0.13469827586206898,0.865301724137931
YNL273W,-1,6.956349046507434,58,876,5620,29,0.8625246847941668,0.06209850107066381,0.6666666666666666,0.13485221674876846,0.8651477832512315
YBR117C,0,6.950732215907572,58,876,5620,29,0.8625246847941668,0.06209850107066381,0.6666666666666666,0.13485221674876846,0.8651477832512315
YFR053C,-1,6.948095784624317,58,877,5619,29,0.862372778368525,0.06203208556149733,0.6666666666666666,0.13500615763546797,0.864993842364532
YOR217W,-1,6.901373439903706,58,878,5618,29,0.8622208719428832,0.06196581196581197,0.6666666666666666,0.13516009852216748,0.8648399014778325
YMR053C,-1,6.878810225768783,58,879,5617,29,0.8620689655172413,0.061899679829242264,0.6666666666666666,0.135314039408867,0.864685960591133
YDR384C,-1,6.852792760263618,58,880,5616,29,0.8619170590915995,0.06183368869936034,0.6666666666666666,0.1354679802955665,0.8645320197044335
YDL131W,0,6.801019629296303,58,880,5616,29,0.8619170590915995,0.06183368869936034,0.6666666666666666,0.1354679802955665,0.8645320197044335
YML109W,-1,6.79978371208342,58,881,5615,29,0.8617651526659578,0.0617678381256656,0.6666666666666666,0.13562192118226601,0.864378078817734
YDR471W,-1,6.795713474908468,58,882,5614,29,0.861613246240316,0.06170212765957447,0.6666666666666666,0.13577586206896552,0.8642241379310345
YNR027W,-1,6.782586161784192,58,883,5613,29,0.8614613398146742,0.061636556854410204,0.6666666666666666,0.13592980295566504,0.864070197044335
YGR232W,0,6.77339785653646,58,883,5613,29,0.8614613398146742,0.061636556854410204,0.6666666666666666,0.13592980295566504,0.864070197044335
YMR174C,-1,6.766947881336915,58,884,5612,29,0.8613094333890323,0.06157112526539278,0.6666666666666666,0.13608374384236452,0.8639162561576355
YLR360W,-1,6.760875702189969,58,885,5611,29,0.8611575269633905,0.061505832449628844,0.6666666666666666,0.13623768472906403,0.8637623152709359
YDR364C,-1,6.749820783741437,58,886,5610,29,0.8610056205377488,0.0614406779661017,0.6666666666666666,0.13639162561576354,0.8636083743842364
YHL015W,-1,6.744221376106267,58,887,5609,29,0.860853714112107,0.061375661375661375,0.6666666666666666,0.13654556650246305,0.8634544334975369
YNL189W,-1,6.733685156417538,58,888,5608,29,0.8607018076864651,0.0613107822410148,0.6666666666666666,0.13669950738916256,0.8633004926108374
YKL006W,-1,6.723161852461741,58,889,5607,29,0.8605499012608233,0.061246040126715945,0.6666666666666666,0.13685344827586207,0.8631465517241379
Q0105,-1,6.7185385487246085,58,890,5606,29,0.8603979948351815,0.06118143459915612,0.6666666666666666,0.13700738916256158,0.8629926108374384
YBR135W,-1,6.707972928593426,58,891,5605,29,0.8602460884095398,0.06111696522655427,0.6666666666666666,0.1371613300492611,0.8628386699507389
YAL047C,-1,6.6880776339065475,58,892,5604,29,0.8600941819838979,0.061052631578947365,0.6666666666666666,0.1373152709359606,0.8626847290640394
YDL058W,-1,6.6876008404205445,58,893,5603,29,0.8599422755582561,0.060988433228180865,0.6666666666666666,0.1374692118226601,0.8625307881773399
YKR036C,-1,6.6526290934841015,58,894,5602,29,0.8597903691326143,0.06092436974789916,0.6666666666666666,0.1376231527093596,0.8623768472906403
YNL206C,-1,6.652507668828393,58,895,5601,29,0.8596384627069725,0.060860440713536204,0.6666666666666666,0.1377770935960591,0.8622229064039408
YPL122C,-1,6.643596526868013,58,896,5600,29,0.8594865562813307,0.06079664570230608,0.6666666666666666,0.13793103448275862,0.8620689655172413
YBR069C,-1,6.626428270999483,58,897,5599,29,0.8593346498556889,0.060732984293193716,0.6666666666666666,0.13808497536945813,0.8619150246305419
YIL016W,-1,6.6260334152855656,58,898,5598,29,0.8591827434300471,0.060669456066945605,0.6666666666666666,0.13823891625615764,0.8617610837438424
YHR120W,-1,6.615047045982809,58,899,5597,29,0.8590308370044053,0.06060606060606061,0.6666666666666666,0.13839285714285715,0.8616071428571429
YHR133C,-1,6.585363585062075,58,900,5596,29,0.8588789305787635,0.060542797494780795,0.6666666666666666,0.13854679802955666,0.8614532019704434
YER016W,-1,6.560678724367086,58,901,5595,29,0.8587270241531216,0.06047966631908238,0.6666666666666666,0.13870073891625614,0.8612992610837439
YGR148C,-1,6.559331909376599,58,902,5594,29,0.8585751177274799,0.06041666666666667,0.6666666666666666,0.13885467980295566,0.8611453201970444
YLL045C,-1,6.551887469740526,58,903,5593,29,0.8584232113018381,0.060353798126951096,0.6666666666666666,0.13900862068965517,0.8609913793103449
YBR132C,-1,6.536287959030858,58,904,5592,29,0.8582713048761963,0.060291060291060294,0.6666666666666666,0.13916256157635468,0.8608374384236454
YHR016C,-1,6.524925615083943,58,905,5591,29,0.8581193984505544,0.060228452751817235,0.6666666666666666,0.1393165024630542,0.8606834975369458
YNL162W,-1,6.477068456277789,58,906,5590,29,0.8579674920249126,0.06016597510373444,0.6666666666666666,0.1394704433497537,0.8605295566502463
YBR060C,-1,6.4678134825958065,58,907,5589,29,0.8578155855992708,0.06010362694300518,0.6666666666666666,0.1396243842364532,0.8603756157635468
YNL015W,-1,6.455873758424928,58,908,5588,29,0.8576636791736291,0.060041407867494824,0.6666666666666666,0.13977832512315272,0.8602216748768473
YER145C,-1,6.41890075583883,58,909,5587,29,0.8575117727479873,0.05997931747673216,0.6666666666666666,0.13993226600985223,0.8600677339901478
YLR014C,-1,6.404316199095176,58,910,5586,29,0.8573598663223454,0.05991735537190083,0.6666666666666666,0.1400862068965517,0.8599137931034483
YDR390C,-1,6.397366991683884,58,911,5585,29,0.8572079598967036,0.05985552115583075,0.6666666666666666,0.14024014778325122,0.8597598522167488
YNL268W,-1,6.390274281285845,58,912,5584,29,0.8570560534710618,0.05979381443298969,0.6666666666666666,0.14039408866995073,0.8596059113300493
YOL064C,-1,6.389238977320613,58,913,5583,29,0.8569041470454201,0.05973223480947477,0.6666666666666666,0.14054802955665024,0.8594519704433498
YBR172C,-1,6.387377298592565,58,914,5582,29,0.8567522406197782,0.059670781893004114,0.6666666666666666,0.14070197044334976,0.8592980295566502
YBR042C,-1,6.357371189834795,58,915,5581,29,0.8566003341941364,0.05960945529290853,0.6666666666666666,0.14085591133004927,0.8591440886699507
YGL044C,-1,6.354079235398969,58,916,5580,29,0.8564484277684946,0.059548254620123205,0.6666666666666666,0.14100985221674878,0.8589901477832512
YDR268W,-1,6.353768771844069,58,917,5579,29,0.8562965213428528,0.059487179487179485,0.6666666666666666,0.1411637931034483,0.8588362068965517
YNL292W,-1,6.337963933844642,58,918,5578,29,0.8561446149172109,0.05942622950819672,0.6666666666666666,0.14131773399014777,0.8586822660098522
YOR079C,-1,6.3374181517778245,58,919,5577,29,0.8559927084915692,0.0593654042988741,0.6666666666666666,0.14147167487684728,0.8585283251231527
YBR248C,-1,6.320716975368193,58,920,5576,29,0.8558408020659274,0.05930470347648262,0.6666666666666666,0.1416256157635468,0.8583743842364532
YMR001C,-1,6.318665311641817,58,921,5575,29,0.8556888956402856,0.059244126659857,0.6666666666666666,0.1417795566502463,0.8582204433497537
YJL164C,-1,6.311907146836847,58,922,5574,29,0.8555369892146438,0.05918367346938776,0.6666666666666666,0.1419334975369458,0.8580665024630542
YER056C,-1,6.30988916042695,58,923,5573,29,0.8553850827890019,0.059123343527013254,0.6666666666666666,0.14208743842364532,0.8579125615763546
YDL124W,-1,6.293012602911937,58,924,5572,29,0.8552331763633602,0.059063136456211814,0.6666666666666666,0.14224137931034483,0.8577586206896551
YMR296C,-1,6.265324692896259,58,925,5571,29,0.8550812699377184,0.059003051881993895,0.6666666666666666,0.14239532019704434,0.8576046798029556
YDL198C,-1,6.2578220950090735,58,926,5570,29,0.8549293635120766,0.05894308943089431,0.6666666666666666,0.14254926108374386,0.8574507389162561
YOL115W,-1,6.251454382272816,58,927,5569,29,0.8547774570864347,0.05888324873096447,0.6666666666666666,0.14270320197044334,0.8572967980295566
YOR198C,-1,6.197147032129692,58,928,5568,29,0.8546255506607929,0.058823529411764705,0.6666666666666666,0.14285714285714285,0.8571428571428571
YIL052C,-1,6.1970572296239,58,929,5567,29,0.8544736442351512,0.05876393110435663,0.6666666666666666,0.14301108374384236,0.8569889162561576
YPL255W,-1,6.157707738693038,58,930,5566,29,0.8543217378095094,0.058704453441295545,0.6666666666666666,0.14316502463054187,0.8568349753694581
YLR423C,-1,6.157083822973945,58,931,5565,29,0.8541698313838675,0.05864509605662285,0.6666666666666666,0.14331896551724138,0.8566810344827587
YJL071W,0,6.155990035564446,58,931,5565,29,0.8541698313838675,0.05864509605662285,0.6666666666666666,0.14331896551724138,0.8566810344827587
YML132W,-1,6.144641112046081,58,932,5564,29,0.8540179249582257,0.05858585858585859,0.6666666666666666,0.1434729064039409,0.8565270935960592
YBR183W,-1,6.141387109295307,58,933,5563,29,0.8538660185325839,0.05852674066599395,0.6666666666666666,0.1436268472906404,0.8563731527093597
YMR250W,-1,6.1271575597535755,58,934,5562,29,0.8537141121069421,0.05846774193548387,0.6666666666666666,0.1437807881773399,0.8562192118226601
YKL216W,-1,6.122467817619985,58,935,5561,29,0.8535622056813004,0.05840886203423968,0.6666666666666666,0.1439347290640394,0.8560652709359606
YKL040C,-1,6.113373368166217,58,936,5560,29,0.8534102992556585,0.05835010060362173,0.6666666666666666,0.1440886699507389,0.8559113300492611
YDR012W,-1,6.113026902636958,58,937,5559,29,0.8532583928300167,0.05829145728643216,0.6666666666666666,0.14424261083743842,0.8557573891625616
YDR531W,-1,6.112244822925956,58,938,5558,29,0.8531064864043749,0.05823293172690763,0.6666666666666666,0.14439655172413793,0.8556034482758621
YJL072C,-1,6.111266406564888,58,939,5557,29,0.8529545799787331,0.058174523570712136,0.6666666666666666,0.14455049261083744,0.8554495073891626
YOL149W,-1,6.110360285068253,58,940,5556,29,0.8528026735530913,0.05811623246492986,0.6666666666666666,0.14470443349753695,0.8552955665024631
YCL037C,-1,6.1041374110697335,58,941,5555,29,0.8526507671274495,0.05805805805805806,0.6666666666666666,0.14485837438423646,0.8551416256157636
YOL090W,-1,6.102360529847144,58,942,5554,29,0.8524988607018077,0.058,0.6666666666666666,0.14501231527093597,0.8549876847290641
YJR105W,-1,6.086042307474167,58,943,5553,29,0.8523469542761659,0.057942057942057944,0.6666666666666666,0.14516625615763548,0.8548337438423645
YOR386W,-1,6.0838408417690975,58,944,5552,29,0.852195047850524,0.05788423153692615,0.6666666666666666,0.14532019704433496,0.854679802955665
YAL030W,-1,6.076177496303239,58,945,5551,29,0.8520431414248822,0.05782652043868395,0.6666666666666666,0.14547413793103448,0.8545258620689655
YHR021C,-1,6.0695009908953255,58,946,5550,29,0.8518912349992405,0.05776892430278884,0.6666666666666666,0.14562807881773399,0.854371921182266
YDR171W,-1,6.002884329007499,58,947,5549,29,0.8517393285735987,0.05771144278606965,0.6666666666666666,0.1457820197044335,0.8542179802955665
YPL171C,-1,5.988483043484201,58,948,5548,29,0.8515874221479569,0.05765407554671968,0.6666666666666666,0.145935960591133,0.854064039408867
YDR516C,-1,5.974611908369107,58,949,5547,29,0.851435515722315,0.05759682224428997,0.6666666666666666,0.14608990147783252,0.8539100985221675
YMR081C,-1,5.9717267916328,58,950,5546,29,0.8512836092966732,0.057539682539682536,0.6666666666666666,0.14624384236453203,0.853756157635468
YCR094W,-1,5.96918956655131,58,951,5545,29,0.8511317028710315,0.057482656095143705,0.6666666666666666,0.14639778325123154,0.8536022167487685
YDL164C,-1,5.9676983575914795,58,952,5544,29,0.8509797964453897,0.05742574257425743,0.6666666666666666,0.14655172413793102,0.853448275862069
YJL080C,-1,5.967437357869529,58,953,5543,29,0.8508278900197478,0.057368941641938676,0.6666666666666666,0.14670566502463053,0.8532943349753694
YER168C,-1,5.961514695766116,58,954,5542,29,0.850675983594106,0.05731225296442688,0.6666666666666666,0.14685960591133004,0.8531403940886699
YOL082W,-1,5.960181017101973,58,955,5541,29,0.8505240771684642,0.05725567620927937,0.6666666666666666,0.14701354679802955,0.8529864532019704
YDR003W,-1,5.946301697954808,58,956,5540,29,0.8503721707428225,0.05719921104536489,0.6666666666666666,0.14716748768472906,0.8528325123152709
YJR130C,0,5.934135949678912,58,956,5540,29,0.8503721707428225,0.05719921104536489,0.6666666666666666,0.14716748768472906,0.8528325123152709
YML065W,-1,5.933891381324341,58,957,5539,29,0.8502202643171806,0.05714285714285714,0.6666666666666666,0.14732142857142858,0.8526785714285714
YJL115W,-1,5.912933403473731,58,958,5538,29,0.8500683578915388,0.05708661417322835,0.6666666666666666,0.14747536945812809,0.8525246305418719
YBR126C,-1,5.912839813833054,58,959,5537,29,0.849916451465897,0.05703048180924287,0.6666666666666666,0.1476293103448276,0.8523706896551724
YBR202W,-1,5.910258445051101,58,960,5536,29,0.8497645450402552,0.05697445972495088,0.6666666666666666,0.1477832512315271,0.8522167487684729
YMR234W,-1,5.892839778585357,58,961,5535,29,0.8496126386146134,0.05691854759568204,0.6666666666666666,0.1479371921182266,0.8520628078817734
YDR406W,-1,5.891857282304973,58,962,5534,29,0.8494607321889716,0.056862745098039215,0.6666666666666666,0.1480911330049261,0.8519088669950738
YLR344W,-1,5.889728003418206,58,963,5533,29,0.8493088257633298,0.05680705190989226,0.6666666666666666,0.1482450738916256,0.8517549261083743
YGR262C,-1,5.8735698560040355,58,964,5532,29,0.849156919337688,0.05675146771037182,0.6666666666666666,0.14839901477832512,0.8516009852216748
YOR144C,-1,5.8629229449155265,58,965,5531,29,0.8490050129120462,0.056695992179863146,0.6666666666666666,0.14855295566502463,0.8514470443349754
YER103W,-1,5.85987852778739,58,966,5530,29,0.8488531064864043,0.056640625,0.6666666666666666,0.14870689655172414,0.8512931034482759
YOL040C,-1,5.851229256658301,58,967,5529,29,0.8487012000607626,0.05658536585365854,0.6666666666666666,0.14886083743842365,0.8511391625615764
YDL189W,0,5.838694583784577,58,967,5529,29,0.8487012000607626,0.05658536585365854,0.6666666666666666,0.14886083743842365,0.8511391625615764
YGL014W,-1,5.810573580573845,58,968,5528,29,0.8485492936351208,0.056530214424951264,0.6666666666666666,0.14901477832512317,0.8509852216748769
YIL099W,-1,5.789694951766639,58,969,5527,29,0.848397387209479,0.05647517039922103,0.6666666666666666,0.14916871921182265,0.8508312807881774
YHR063C,-1,5.788395057008027,58,970,5526,29,0.8482454807838371,0.05642023346303502,0.6666666666666666,0.14932266009852216,0.8506773399014779
YML077W,-1,5.775054114872315,58,971,5525,29,0.8480935743581953,0.056365403304178816,0.6666666666666666,0.14947660098522167,0.8505233990147784
YPR034W,-1,5.774389376393199,58,972,5524,29,0.8479416679325535,0.05631067961165048,0.6666666666666666,0.14963054187192118,0.8503694581280788
YBR181C,-1,5.772786684761507,58,973,5523,29,0.8477897615069118,0.05625606207565471,0.6666666666666666,0.1497844827586207,0.8502155172413793
YER148W,-1,5.7719436400064605,58,974,5522,29,0.84763785508127,0.0562015503875969,0.6666666666666666,0.1499384236453202,0.8500615763546798
YPL196W,-1,5.766813143490978,58,975,5521,29,0.8474859486556281,0.05614714424007745,0.6666666666666666,0.1500923645320197,0.8499076354679803
YPR184W,-1,5.744916122700338,58,976,5520,29,0.8473340422299863,0.05609284332688588,0.6666666666666666,0.15024630541871922,0.8497536945812808
YCL035C,-1,5.744126687222827,58,977,5519,29,0.8471821358043445,0.05603864734299517,0.6666666666666666,0.1504002463054187,0.8495997536945813
YJL008C,-1,5.729166088251397,58,978,5518,29,0.8470302293787028,0.055984555984555984,0.6666666666666666,0.15055418719211822,0.8494458128078818
YPR043W,-1,5.7287362648624836,58,979,5517,29,0.8468783229530609,0.055930568948891035,0.6666666666666666,0.15070812807881773,0.8492918719211823
YDL061C,-1,5.719109753528484,58,980,5516,29,0.8467264165274191,0.055876685934489405,0.6666666666666666,0.15086206896551724,0.8491379310344828
YNL166C,-1,5.711317482915432,58,981,5515,29,0.8465745101017773,0.05582290664100096,0.6666666666666666,0.15101600985221675,0.8489839901477833
YOL123W,-1,5.693031182235494,58,982,5514,29,0.8464226036761355,0.05576923076923077,0.6666666666666666,0.15116995073891626,0.8488300492610837
YDR418W,-1,5.690190039065359,58,983,5513,29,0.8462706972504936,0.05571565802113353,0.6666666666666666,0.15132389162561577,0.8486761083743842
YMR270C,-1,5.676509817635058,58,984,5512,29,0.8461187908248519,0.05566218809980806,0.6666666666666666,0.15147783251231528,0.8485221674876847
YLR451W,-1,5.661837267717203,58,985,5511,29,0.8459668843992101,0.05560882070949185,0.6666666666666666,0.1516317733990148,0.8483682266009852
YGR030C,-1,5.648723442587804,58,986,5510,29,0.8458149779735683,0.05555555555555555,0.6666666666666666,0.15178571428571427,0.8482142857142857
YLL036C,-1,5.62664923894442,58,987,5509,29,0.8456630715479265,0.05550239234449761,0.6666666666666666,0.15193965517241378,0.8480603448275862
YLR277C,-1,5.620895312429057,58,988,5508,29,0.8455111651222846,0.055449330783938815,0.6666666666666666,0.1520935960591133,0.8479064039408867
YMR125W,-1,5.618181639157529,58,989,5507,29,0.8453592586966429,0.055396370582617004,0.6666666666666666,0.1522475369458128,0.8477524630541872
YIL150C,-1,5.611811920697793,58,990,5506,29,0.8452073522710011,0.05534351145038168,0.6666666666666666,0.15240147783251232,0.8475985221674877
YJR155W,-1,5.607749890490042,58,991,5505,29,0.8450554458453593,0.055290753098188754,0.6666666666666666,0.15255541871921183,0.8474445812807881
YGR019W,-1,5.581727174388835,58,992,5504,29,0.8449035394197174,0.05523809523809524,0.6666666666666666,0.15270935960591134,0.8472906403940886
YJR096W,-1,5.576971860988759,58,993,5503,29,0.8447516329940756,0.05518553758325404,0.6666666666666666,0.15286330049261085,0.8471366995073891
YML074C,-1,5.573998389263065,58,994,5502,29,0.8445997265684339,0.055133079847908745,0.6666666666666666,0.15301724137931033,0.8469827586206896
YDL082W,-1,5.557138390051862,58,995,5501,29,0.8444478201427921,0.055080721747388414,0.6666666666666666,0.15317118226600984,0.8468288177339901
YKL186C,-1,5.532520206476171,58,996,5500,29,0.8442959137171502,0.05502846299810247,0.6666666666666666,0.15332512315270935,0.8466748768472906
YCL034W,-1,5.5294630286501265,58,997,5499,29,0.8441440072915084,0.054976303317535544,0.6666666666666666,0.15347906403940886,0.8465209359605911
YER007C-A,-1,5.52349506926262,58,998,5498,29,0.8439921008658666,0.054924242424242424,0.6666666666666666,0.15363300492610837,0.8463669950738916
YGL156W,-1,5.521622953764941,58,999,5497,29,0.8438401944402248,0.05487228003784295,0.6666666666666666,0.15378694581280788,0.8462130541871922
YOR295W,-1,5.510112221967816,58,1000,5496,29,0.8436882880145831,0.054820415879017016,0.6666666666666666,0.1539408866995074,0.8460591133004927
YGL006W,-1,5.50430659733176,58,1001,5495,29,0.8435363815889412,0.05476864966949953,0.6666666666666666,0.1540948275862069,0.8459051724137931
YDR210C-C,-1,5.499994966691361,58,1002,5494,29,0.8433844751632994,0.05471698113207547,0.6666666666666666,0.15424876847290642,0.8457512315270936
YGR141W,-1,5.494099835927109,58,1003,5493,29,0.8432325687376576,0.05466540999057493,0.6666666666666666,0.1544027093596059,0.8455972906403941
YMR127C,-1,5.482661193346016,58,1004,5492,29,0.8430806623120158,0.054613935969868174,0.6666666666666666,0.1545566502463054,0.8454433497536946
YPL129W,-1,5.477720324331063,58,1005,5491,29,0.842928755886374,0.05456255879586077,0.6666666666666666,0.15471059113300492,0.8452894088669951
YLR084C,-1,5.4447664606827475,58,1006,5490,29,0.8427768494607322,0.05451127819548872,0.6666666666666666,0.15486453201970443,0.8451354679802956
YDL191W,-1,5.441910476632613,58,1007,5489,29,0.8426249430350904,0.054460093896713614,0.6666666666666666,0.15501847290640394,0.8449815270935961
YML115C,-1,5.429139194577342,58,1008,5488,29,0.8424730366094486,0.054409005628517824,0.6666666666666666,0.15517241379310345,0.8448275862068966
YMR105C,-1,5.4191877149751555,58,1009,5487,29,0.8423211301838067,0.05435801312089972,0.6666666666666666,0.15532635467980296,0.8446736453201971
YDL222C,-1,5.407484173403607,58,1010,5486,29,0.8421692237581649,0.054307116104868915,0.6666666666666666,0.15548029556650247,0.8445197044334976
YDR206W,-1,5.397116730818524,58,1011,5485,29,0.8420173173325232,0.05425631431244153,0.6666666666666666,0.15563423645320196,0.844365763546798
YJL177W,-1,5.385036952553296,58,1012,5484,29,0.8418654109068814,0.05420560747663551,0.6666666666666666,0.15578817733990147,0.8442118226600985
YDR228C,-1,5.367850748081854,58,1013,5483,29,0.8417135044812396,0.05415499533146592,0.6666666666666666,0.15594211822660098,0.844057881773399
YLR018C,-1,5.360117418015413,58,1014,5482,29,0.8415615980555977,0.054104477611940295,0.6666666666666666,0.1560960591133005,0.8439039408866995
YDR226W,-1,5.316535739050797,58,1015,5481,29,0.8414096916299559,0.05405405405405406,0.6666666666666666,0.15625,0.84375
tA(UGC)L,-1,5.312877654311125,58,1016,5480,29,0.8412577852043142,0.054003724394785846,0.6666666666666666,0.1564039408866995,0.8435960591133005
YKR103W,-1,5.311197991228462,58,1017,5479,29,0.8411058787786724,0.053953488372093024,0.6666666666666666,0.15655788177339902,0.843442118226601
YDR167W,-1,5.302470554667777,58,1018,5478,29,0.8409539723530305,0.05390334572490706,0.6666666666666666,0.15671182266009853,0.8432881773399015
YBL093C,-1,5.286674386827339,58,1019,5477,29,0.8408020659273887,0.05385329619312906,0.6666666666666666,0.15686576354679804,0.843134236453202
YOL129W,-1,5.284184034165725,58,1020,5476,29,0.8406501595017469,0.05380333951762523,0.6666666666666666,0.15701970443349753,0.8429802955665024
YLL021W,-1,5.27435218321376,58,1021,5475,29,0.8404982530761052,0.05375347544022243,0.6666666666666666,0.15717364532019704,0.8428263546798029
YGL105W,-1,5.241507935098401,58,1022,5474,29,0.8403463466504633,0.053703703703703705,0.6666666666666666,0.15732758620689655,0.8426724137931034
YDL084W,-1,5.2254336875532355,58,1023,5473,29,0.8401944402248215,0.05365402405180388,0.6666666666666666,0.15748152709359606,0.8425184729064039
YFL034C-A,-1,5.220181463142626,58,1024,5472,29,0.8400425337991797,0.053604436229205174,0.6666666666666666,0.15763546798029557,0.8423645320197044
YLR382C,-1,5.218619380737361,58,1025,5471,29,0.8398906273735379,0.05355493998153278,0.6666666666666666,0.15778940886699508,0.8422105911330049
YJL145W,-1,5.206828651911166,58,1026,5470,29,0.8397387209478961,0.05350553505535055,0.6666666666666666,0.1579433497536946,0.8420566502463054
YNR002C,-1,5.204382500658081,58,1027,5469,29,0.8395868145222543,0.053456221198156684,0.6666666666666666,0.1580972906403941,0.8419027093596059
YAL019W,-1,5.196868225504161,58,1028,5468,29,0.8394349080966125,0.053406998158379376,0.6666666666666666,0.15825123152709358,0.8417487684729064
YPL094C,-1,5.195613426243307,58,1029,5467,29,0.8392830016709707,0.05335786568537258,0.6666666666666666,0.1584051724137931,0.8415948275862069
YDR212W,-1,5.19298509712087,58,1030,5466,29,0.8391310952453289,0.05330882352941176,0.6666666666666666,0.1585591133004926,0.8414408866995073
YFR002W,-1,5.190902732034238,58,1031,5465,29,0.838979188819687,0.05325987144168962,0.6666666666666666,0.15871305418719212,0.8412869458128078
YDR447C,-1,5.188039180123683,58,1032,5464,29,0.8388272823940452,0.05321100917431193,0.6666666666666666,0.15886699507389163,0.8411330049261084
YHL038C,-1,5.185817859971706,58,1033,5463,29,0.8386753759684035,0.05316223648029331,0.6666666666666666,0.15902093596059114,0.8409790640394089
YBR149W,-1,5.183331425020534,58,1034,5462,29,0.8385234695427617,0.05311355311355311,0.6666666666666666,0.15917487684729065,0.8408251231527094
YLR192C,-1,5.182448274372645,58,1035,5461,29,0.8383715631171198,0.053064958828911254,0.6666666666666666,0.15932881773399016,0.8406711822660099
YHR107C,-1,5.17919986931487,58,1036,5460,29,0.838219656691478,0.05301645338208409,0.6666666666666666,0.15948275862068967,0.8405172413793104
YDR372C,-1,5.173142994192254,58,1037,5459,29,0.8380677502658362,0.052968036529680365,0.6666666666666666,0.15963669950738915,0.8403633004926109
YIR017C,-1,5.154163297113845,58,1038,5458,29,0.8379158438401945,0.05291970802919708,0.6666666666666666,0.15979064039408866,0.8402093596059114
YGR246C,-1,5.137711150674084,58,1039,5457,29,0.8377639374145527,0.0528714676390155,0.6666666666666666,0.15994458128078817,0.8400554187192119
YLR383W,-1,5.1374355774000255,58,1040,5456,29,0.8376120309889108,0.052823315118397086,0.6666666666666666,0.16009852216748768,0.8399014778325123
YLR195C,-1,5.135194326637146,58,1041,5455,29,0.837460124563269,0.052775250227479524,0.6666666666666666,0.1602524630541872,0.8397475369458128
YHL001W,-1,5.128920849349705,58,1042,5454,29,0.8373082181376272,0.05272727272727273,0.6666666666666666,0.1604064039408867,0.8395935960591133
YBL003C,-1,5.1259710331699155,58,1043,5453,29,0.8371563117119855,0.05267938237965486,0.6666666666666666,0.16056034482758622,0.8394396551724138
YMR251W,0,5.116112368427851,58,1043,5453,29,0.8371563117119855,0.05267938237965486,0.6666666666666666,0.16056034482758622,0.8394396551724138
YBR078W,-1,5.114633756753097,58,1044,5452,29,0.8370044052863436,0.05263157894736842,0.6666666666666666,0.16071428571428573,0.8392857142857143
YPR074C,0,5.1120314938087175,58,1044,5452,29,0.8370044052863436,0.05263157894736842,0.6666666666666666,0.16071428571428573,0.8392857142857143
YJL129C,-1,5.1081739248521005,58,1045,5451,29,0.8368524988607018,0.05258386219401632,0.6666666666666666,0.1608682266009852,0.8391317733990148
YMR271C,-1,5.106655705671829,58,1046,5450,29,0.83670059243506,0.05253623188405797,0.6666666666666666,0.16102216748768472,0.8389778325123153
YHR119W,1,5.105484782237349,59,1046,5450,28,0.8368524988607018,0.05339366515837104,0.6781609195402298,0.16102216748768472,0.8389778325123153
YIR038C,-1,5.10533663734565,59,1047,5449,28,0.83670059243506,0.05334538878842676,0.6781609195402298,0.16117610837438423,0.8388238916256158
YGL100W,-1,5.077951823080294,59,1048,5448,28,0.8365486860094182,0.053297199638663056,0.6781609195402298,0.16133004926108374,0.8386699507389163
YCR091W,-1,5.069532359068847,59,1049,5447,28,0.8363967795837763,0.05324909747292419,0.6781609195402298,0.16148399014778325,0.8385160098522167
YDR217C,-1,5.069277668199942,59,1050,5446,28,0.8362448731581346,0.05320108205590622,0.6781609195402298,0.16163793103448276,0.8383620689655172
YDR069C,-1,5.065373254330678,59,1051,5445,28,0.8360929667324928,0.05315315315315315,0.6781609195402298,0.16179187192118227,0.8382081280788177
YML063W,-1,5.055339976222271,59,1052,5444,28,0.835941060306851,0.05310531053105311,0.6781609195402298,0.16194581280788178,0.8380541871921182
YHR216W,-1,5.041766267081707,59,1053,5443,28,0.8357891538812092,0.053057553956834536,0.6781609195402298,0.1620997536945813,0.8379002463054187
YNR007C,-1,5.038773117076422,59,1054,5442,28,0.8356372474555673,0.053009883198562445,0.6781609195402298,0.16225369458128078,0.8377463054187192
YDR472W,-1,5.037563293831692,59,1055,5441,28,0.8354853410299256,0.05296229802513465,0.6781609195402298,0.1624076354679803,0.8375923645320197
YGL064C,-1,5.030304431794853,59,1056,5440,28,0.8353334346042838,0.05291479820627803,0.6781609195402298,0.1625615763546798,0.8374384236453202
YDL075W,-1,5.021925155156102,59,1057,5439,28,0.835181528178642,0.0528673835125448,0.6781609195402298,0.1627155172413793,0.8372844827586207
YLR274W,-1,5.014810288493849,59,1058,5438,28,0.8350296217530001,0.052820053715308866,0.6781609195402298,0.16286945812807882,0.8371305418719212
YOR323C,-1,5.008766707930273,59,1059,5437,28,0.8348777153273583,0.052772808586762074,0.6781609195402298,0.16302339901477833,0.8369766009852216
YLR056W,-1,5.004517607106732,59,1060,5436,28,0.8347258089017165,0.05272564789991063,0.6781609195402298,0.16317733990147784,0.8368226600985221
YNL223W,-1,4.999317588746682,59,1061,5435,28,0.8345739024760748,0.05267857142857143,0.6781609195402298,0.16333128078817735,0.8366687192118226
YKL054C,-1,4.993127385400495,59,1062,5434,28,0.8344219960504329,0.05263157894736842,0.6781609195402298,0.16348522167487683,0.8365147783251231
YIL009W,-1,4.9851027261264536,59,1063,5433,28,0.8342700896247911,0.05258467023172905,0.6781609195402298,0.16363916256157635,0.8363608374384236
YJR136C,-1,4.983794110617071,59,1064,5432,28,0.8341181831991493,0.05253784505788068,0.6781609195402298,0.16379310344827586,0.8362068965517241
YOL110W,-1,4.971392514440316,59,1065,5431,28,0.8339662767735075,0.05249110320284697,0.6781609195402298,0.16394704433497537,0.8360529556650246
YBR085W,-1,4.968559338279062,59,1066,5430,28,0.8338143703478658,0.052444444444444446,0.6781609195402298,0.16410098522167488,0.8358990147783252
YNR009W,-1,4.967995875525665,59,1067,5429,28,0.8336624639222239,0.052397868561278864,0.6781609195402298,0.1642549261083744,0.8357450738916257
YLR430W,-1,4.959726170380229,59,1068,5428,28,0.8335105574965821,0.05235137533274179,0.6781609195402298,0.1644088669950739,0.8355911330049262
YBR001C,-1,4.958679509400292,59,1069,5427,28,0.8333586510709403,0.05230496453900709,0.6781609195402298,0.1645628078817734,0.8354371921182266
YOR359W,-1,4.945798350740406,59,1070,5426,28,0.8332067446452985,0.05225863596102746,0.6781609195402298,0.1647167487684729,0.8352832512315271
YGL225W,-1,4.9402467801136485,59,1071,5425,28,0.8330548382196566,0.05221238938053097,0.6781609195402298,0.1648706896551724,0.8351293103448276
YGR277C,-1,4.9318737244112,59,1072,5424,28,0.8329029317940149,0.052166224580017684,0.6781609195402298,0.16502463054187191,0.8349753694581281
YPR111W,-1,4.917071613357041,59,1073,5423,28,0.8327510253683731,0.052120141342756186,0.6781609195402298,0.16517857142857142,0.8348214285714286
YER054C,-1,4.915156459624924,59,1074,5422,28,0.8325991189427313,0.05207413945278023,0.6781609195402298,0.16533251231527094,0.8346674876847291
YGL008C,-1,4.914925075162547,59,1075,5421,28,0.8324472125170894,0.05202821869488536,0.6781609195402298,0.16548645320197045,0.8345135467980296
YKR090W,-1,4.911726122563382,59,1076,5420,28,0.8322953060914476,0.051982378854625554,0.6781609195402298,0.16564039408866996,0.8343596059113301
YEL011W,-1,4.90557105002925,59,1077,5419,28,0.8321433996658059,0.05193661971830986,0.6781609195402298,0.16579433497536947,0.8342056650246306
YDR098C-A,-1,4.901842947583787,59,1078,5418,28,0.8319914932401641,0.051890941072999124,0.6781609195402298,0.16594827586206898,0.834051724137931
YER053C,-1,4.884874014988019,59,1079,5417,28,0.8318395868145223,0.05184534270650264,0.6781609195402298,0.16610221674876846,0.8338977832512315
YJL124C,-1,4.877324727557305,59,1080,5416,28,0.8316876803888804,0.05179982440737489,0.6781609195402298,0.16625615763546797,0.833743842364532
YGL018C,-1,4.856719630921157,59,1081,5415,28,0.8315357739632386,0.05175438596491228,0.6781609195402298,0.16641009852216748,0.8335899014778325
YDR287W,-1,4.853471726716643,59,1082,5414,28,0.8313838675375969,0.051709027169149865,0.6781609195402298,0.166564039408867,0.833435960591133
YPL029W,-1,4.845367632505339,59,1083,5413,28,0.8312319611119551,0.05166374781085814,0.6781609195402298,0.1667179802955665,0.8332820197044335
YHR189W,-1,4.8414504422900615,59,1084,5412,28,0.8310800546863132,0.051618547681539804,0.6781609195402298,0.16687192118226601,0.833128078817734
YBR249C,0,4.837389326675685,59,1084,5412,28,0.8310800546863132,0.051618547681539804,0.6781609195402298,0.16687192118226601,0.833128078817734
YIL125W,-1,4.835266602300029,59,1085,5411,28,0.8309281482606714,0.051573426573426576,0.6781609195402298,0.16702586206896552,0.8329741379310345
YIL113W,-1,4.830944885269985,59,1086,5410,28,0.8307762418350296,0.05152838427947598,0.6781609195402298,0.16717980295566504,0.832820197044335
YNR034W,-1,4.827504385856483,59,1087,5409,28,0.8306243354093878,0.05148342059336824,0.6781609195402298,0.16733374384236452,0.8326662561576355
YLR181C,-1,4.8269902018799655,59,1088,5408,28,0.830472428983746,0.05143853530950305,0.6781609195402298,0.16748768472906403,0.8325123152709359
YIL039W,-1,4.825826839420374,59,1089,5407,28,0.8303205225581042,0.05139372822299652,0.6781609195402298,0.16764162561576354,0.8323583743842364
YHR071W,-1,4.822790080314231,59,1090,5406,28,0.8301686161324624,0.05134899912967798,0.6781609195402298,0.16779556650246305,0.8322044334975369
YBR192W,-1,4.813920020807976,59,1091,5405,28,0.8300167097068206,0.051304347826086956,0.6781609195402298,0.16794950738916256,0.8320504926108374
YER142C,-1,4.801870563392684,59,1092,5404,28,0.8298648032811788,0.051259774109470024,0.6781609195402298,0.16810344827586207,0.8318965517241379
YDL092W,-1,4.791127745073309,59,1093,5403,28,0.829712896855537,0.051215277777777776,0.6781609195402298,0.16825738916256158,0.8317426108374384
YIL148W,-1,4.7884963597843075,59,1094,5402,28,0.8295609904298952,0.05117085862966175,0.6781609195402298,0.1684113300492611,0.8315886699507389
YCR065W,-1,4.7747763920430435,59,1095,5401,28,0.8294090840042534,0.0511265164644714,0.6781609195402298,0.1685652709359606,0.8314347290640394
YBR029C,-1,4.77256357070748,59,1096,5400,28,0.8292571775786116,0.05108225108225108,0.6781609195402298,0.1687192118226601,0.8312807881773399
YKL193C,-1,4.7671464586917525,59,1097,5399,28,0.8291052711529697,0.05103806228373702,0.6781609195402298,0.1688731527093596,0.8311268472906403
YGL210W,-1,4.7605518535918065,59,1098,5398,28,0.828953364727328,0.05099394987035436,0.6781609195402298,0.1690270935960591,0.8309729064039408
YEL060C,-1,4.759935050344217,59,1099,5397,28,0.8288014583016862,0.05094991364421416,0.6781609195402298,0.16918103448275862,0.8308189655172413
YLL001W,-1,4.752819599622766,59,1100,5396,28,0.8286495518760444,0.05090595340811044,0.6781609195402298,0.16933497536945813,0.8306650246305419
YNL221C,-1,4.742315175513413,59,1101,5395,28,0.8284976454504025,0.05086206896551724,0.6781609195402298,0.16948891625615764,0.8305110837438424
YDR407C,-1,4.740994925425654,59,1102,5394,28,0.8283457390247607,0.050818260120585705,0.6781609195402298,0.16964285714285715,0.8303571428571429
YMR116C,-1,4.724803878776029,59,1103,5393,28,0.8281938325991189,0.050774526678141134,0.6781609195402298,0.16979679802955666,0.8302032019704434
YBR263W,-1,4.7132358098077525,59,1104,5392,28,0.8280419261734772,0.05073086844368014,0.6781609195402298,0.16995073891625614,0.8300492610837439
YDL006W,-1,4.712260929051976,59,1105,5391,28,0.8278900197478354,0.0506872852233677,0.6781609195402298,0.17010467980295566,0.8298953201970444
YBR167C,-1,4.6923763349392935,59,1106,5390,28,0.8277381133221935,0.050643776824034335,0.6781609195402298,0.17025862068965517,0.8297413793103449
YDR143C,-1,4.69179464688887,59,1107,5389,28,0.8275862068965517,0.05060034305317324,0.6781609195402298,0.17041256157635468,0.8295874384236454
YGL222C,-1,4.69009030374076,59,1108,5388,28,0.8274343004709099,0.050556983718937444,0.6781609195402298,0.1705665024630542,0.8294334975369458
YJL190C,-1,4.687930512443108,59,1109,5387,28,0.8272823940452682,0.05051369863013699,0.6781609195402298,0.1707204433497537,0.8292795566502463
YDR189W,-1,4.681955021343831,59,1110,5386,28,0.8271304876196263,0.0504704875962361,0.6781609195402298,0.1708743842364532,0.8291256157635468
YOR167C,-1,4.680484620111835,59,1111,5385,28,0.8269785811939845,0.05042735042735043,0.6781609195402298,0.17102832512315272,0.8289716748768473
YDR297W,-1,4.679370466667775,59,1112,5384,28,0.8268266747683427,0.05038428693424424,0.6781609195402298,0.17118226600985223,0.8288177339901478
YBR253W,-1,4.669456574748535,59,1113,5383,28,0.8266747683427009,0.050341296928327645,0.6781609195402298,0.1713362068965517,0.8286637931034483
YDL236W,-1,4.660092007582208,59,1114,5382,28,0.826522861917059,0.05029838022165388,0.6781609195402298,0.17149014778325122,0.8285098522167488
YOR116C,-1,4.659671304694371,59,1115,5381,28,0.8263709554914173,0.05025553662691652,0.6781609195402298,0.17164408866995073,0.8283559113300493
YLR362W,-1,4.65310556656552,59,1116,5380,28,0.8262190490657755,0.05021276595744681,0.6781609195402298,0.17179802955665024,0.8282019704433498
YDL135C,-1,4.652805404433989,59,1117,5379,28,0.8260671426401337,0.050170068027210885,0.6781609195402298,0.17195197044334976,0.8280480295566502
YLR333C,-1,4.652732779260275,59,1118,5378,28,0.8259152362144919,0.05012744265080714,0.6781609195402298,0.17210591133004927,0.8278940886699507
YOR281C,-1,4.647863266804599,59,1119,5377,28,0.82576332978885,0.0500848896434635,0.6781609195402298,0.17225985221674878,0.8277401477832512
YLR058C,-1,4.5990618491788995,59,1120,5376,28,0.8256114233632083,0.05004240882103478,0.6781609195402298,0.1724137931034483,0.8275862068965517
YKL026C,-1,4.592376139635839,59,1121,5375,28,0.8254595169375665,0.05,0.6781609195402298,0.17256773399014777,0.8274322660098522
YJR076C,-1,4.591894056852057,59,1122,5374,28,0.8253076105119247,0.04995766299745978,0.6781609195402298,0.17272167487684728,0.8272783251231527
YGL002W,-1,4.58006459319359,59,1123,5373,28,0.8251557040862828,0.04991539763113367,0.6781609195402298,0.1728756157635468,0.8271243842364532
YLR096W,-1,4.5790979472991555,59,1124,5372,28,0.825003797660641,0.049873203719357564,0.6781609195402298,0.1730295566502463,0.8269704433497537
YDL003W,-1,4.578030170190388,59,1125,5371,28,0.8248518912349992,0.04983108108108108,0.6781609195402298,0.1731834975369458,0.8268165024630542
YPL145C,-1,4.574181821299683,59,1126,5370,28,0.8246999848093575,0.049789029535864976,0.6781609195402298,0.17333743842364532,0.8266625615763546
YNL199C,-1,4.566855245626563,59,1127,5369,28,0.8245480783837156,0.049747048903878585,0.6781609195402298,0.17349137931034483,0.8265086206896551
YJL061W,-1,4.554376219410628,59,1128,5368,28,0.8243961719580738,0.04970513900589722,0.6781609195402298,0.17364532019704434,0.8263546798029556
YPL188W,-1,4.5531093123958675,59,1129,5367,28,0.824244265532432,0.049663299663299666,0.6781609195402298,0.17379926108374386,0.8262007389162561
YBR006W,-1,4.552454555614229,59,1130,5366,28,0.8240923591067902,0.0496215306980656,0.6781609195402298,0.17395320197044334,0.8260467980295566
YDR104C,-1,4.5515878196933715,59,1131,5365,28,0.8239404526811485,0.04957983193277311,0.6781609195402298,0.17410714285714285,0.8258928571428571
YDR331W,-1,4.545796619421782,59,1132,5364,28,0.8237885462555066,0.04953820319059614,0.6781609195402298,0.17426108374384236,0.8257389162561576
YEL036C,-1,4.54175480967336,59,1133,5363,28,0.8236366398298648,0.04949664429530201,0.6781609195402298,0.17441502463054187,0.8255849753694581
YJR132W,-1,4.532880591423173,59,1134,5362,28,0.823484733404223,0.04945515507124895,0.6781609195402298,0.17456896551724138,0.8254310344827587
snR65,-1,4.529166533305669,59,1135,5361,28,0.8233328269785812,0.049413735343383586,0.6781609195402298,0.1747229064039409,0.8252770935960592
YHL003C,-1,4.522175305334284,59,1136,5360,28,0.8231809205529393,0.049372384937238493,0.6781609195402298,0.1748768472906404,0.8251231527093597
YDR330W,-1,4.519179292400597,59,1137,5359,28,0.8230290141272976,0.04933110367892977,0.6781609195402298,0.1750307881773399,0.8249692118226601
YOR265W,-1,4.518287434734953,59,1138,5358,28,0.8228771077016558,0.04928989139515455,0.6781609195402298,0.1751847290640394,0.8248152709359606
YAL003W,-1,4.5144308735720635,59,1139,5357,28,0.822725201276014,0.049248747913188645,0.6781609195402298,0.1753386699507389,0.8246613300492611
YLR319C,-1,4.506563645015825,59,1140,5356,28,0.8225732948503721,0.04920767306088407,0.6781609195402298,0.17549261083743842,0.8245073891625616
YMR223W,-1,4.499735225204779,59,1141,5355,28,0.8224213884247303,0.049166666666666664,0.6781609195402298,0.17564655172413793,0.8243534482758621
YBR072W,-1,4.498041952506202,59,1142,5354,28,0.8222694819990886,0.049125728559533725,0.6781609195402298,0.17580049261083744,0.8241995073891626
YDR354W,-1,4.476716235884354,59,1143,5353,28,0.8221175755734468,0.04908485856905158,0.6781609195402298,0.17595443349753695,0.8240455665024631
YPL209C,-1,4.475228036210435,59,1144,5352,28,0.821965669147805,0.049044056525353284,0.6781609195402298,0.17610837438423646,0.8238916256157636
YDL055C,-1,4.454745994057582,59,1145,5351,28,0.8218137627221631,0.049003322259136214,0.6781609195402298,0.17626231527093597,0.8237376847290641
YBL015W,-1,4.4516425508536495,59,1146,5350,28,0.8216618562965213,0.04896265560165975,0.6781609195402298,0.17641625615763548,0.8235837438423645
YDL225W,-1,4.448459965536381,59,1147,5349,28,0.8215099498708796,0.04892205638474295,0.6781609195402298,0.17657019704433496,0.823429802955665
YNR051C,-1,4.444384693085124,59,1148,5348,28,0.8213580434452378,0.04888152444076222,0.6781609195402298,0.17672413793103448,0.8232758620689655
YDR125C,-1,4.4421700875972485,59,1149,5347,28,0.8212061370195959,0.048841059602649006,0.6781609195402298,0.17687807881773399,0.823121921182266
YIL128W,-1,4.430045127355948,59,1150,5346,28,0.8210542305939541,0.04880066170388751,0.6781609195402298,0.1770320197044335,0.8229679802955665
YHL036W,-1,4.4291208779534115,59,1151,5345,28,0.8209023241683123,0.048760330578512395,0.6781609195402298,0.177185960591133,0.822814039408867
YBR153W,-1,4.425370766476957,59,1152,5344,28,0.8207504177426705,0.04872006606110652,0.6781609195402298,0.17733990147783252,0.8226600985221675
YGR134W,-1,4.4244667465695615,59,1153,5343,28,0.8205985113170287,0.04867986798679868,0.6781609195402298,0.17749384236453203,0.822506157635468
YNL331C,-1,4.407536282784313,59,1154,5342,28,0.8204466048913869,0.048639736191261336,0.6781609195402298,0.17764778325123154,0.8223522167487685
YMR108W,0,4.40301973214478,59,1154,5342,28,0.8204466048913869,0.048639736191261336,0.6781609195402298,0.17764778325123154,0.8223522167487685
YMR015C,-1,4.399649802288274,59,1155,5341,28,0.8202946984657451,0.048599670510708404,0.6781609195402298,0.17780172413793102,0.822198275862069
YDR400W,-1,4.390948031488357,59,1156,5340,28,0.8201427920401033,0.048559670781893,0.6781609195402298,0.17795566502463053,0.8220443349753694
YHR050W,-1,4.387343095596044,59,1157,5339,28,0.8199908856144615,0.04851973684210526,0.6781609195402298,0.17810960591133004,0.8218903940886699
YDL130W,-1,4.384570023027054,59,1158,5338,28,0.8198389791888196,0.04847986852917009,0.6781609195402298,0.17826354679802955,0.8217364532019704
YJR016C,-1,4.372205060666808,59,1159,5337,28,0.8196870727631779,0.048440065681444995,0.6781609195402298,0.17841748768472906,0.8215825123152709
YHR204W,-1,4.370737552584975,59,1160,5336,28,0.8195351663375361,0.04840032813781788,0.6781609195402298,0.17857142857142858,0.8214285714285714
YIL062C,-1,4.369988423421891,59,1161,5335,28,0.8193832599118943,0.04836065573770492,0.6781609195402298,0.17872536945812809,0.8212746305418719
YKL074C,-1,4.368984877214361,59,1162,5334,28,0.8192313534862524,0.04832104832104832,0.6781609195402298,0.1788793103448276,0.8211206896551724
YJL041W,-1,4.3652630471388125,59,1163,5333,28,0.8190794470606106,0.04828150572831424,0.6781609195402298,0.1790332512315271,0.8209667487684729
YGL020C,-1,4.358954015030894,59,1164,5332,28,0.8189275406349689,0.0482420278004906,0.6781609195402298,0.1791871921182266,0.8208128078817734
YLR109W,-1,4.348611190053253,59,1165,5331,28,0.8187756342093271,0.04820261437908497,0.6781609195402298,0.1793411330049261,0.8206588669950738
YIL044C,-1,4.339981235907371,59,1166,5330,28,0.8186237277836852,0.04816326530612245,0.6781609195402298,0.1794950738916256,0.8205049261083743
YAL007C,-1,4.336503064263808,59,1167,5329,28,0.8184718213580434,0.04812398042414356,0.6781609195402298,0.17964901477832512,0.8203509852216748
YDL064W,-1,4.33444075492123,59,1168,5328,28,0.8183199149324016,0.04808475957620212,0.6781609195402298,0.17980295566502463,0.8201970443349754
YML124C,-1,4.324383535929453,59,1169,5327,28,0.8181680085067599,0.04804560260586319,0.6781609195402298,0.17995689655172414,0.8200431034482759
YOR355W,-1,4.32199703512324,59,1170,5326,28,0.8180161020811181,0.04800650935720097,0.6781609195402298,0.18011083743842365,0.8198891625615764
YBL014C,-1,4.304853391049502,59,1171,5325,28,0.8178641956554762,0.04796747967479675,0.6781609195402298,0.18026477832512317,0.8197352216748769
YBL027W,-1,4.296541979763151,59,1172,5324,28,0.8177122892298344,0.0479285134037368,0.6781609195402298,0.18041871921182265,0.8195812807881774
Q0045,-1,4.290814171289184,59,1173,5323,28,0.8175603828041926,0.04788961038961039,0.6781609195402298,0.18057266009852216,0.8194273399014779
YPR072W,-1,4.288244205973974,59,1174,5322,28,0.8174084763785509,0.047850770478507706,0.6781609195402298,0.18072660098522167,0.8192733990147784
YHR201C,0,4.275101993591899,59,1174,5322,28,0.8174084763785509,0.047850770478507706,0.6781609195402298,0.18072660098522167,0.8192733990147784
YPL117C,-1,4.268464660615802,59,1175,5321,28,0.817256569952909,0.04781199351701783,0.6781609195402298,0.18088054187192118,0.8191194581280788
YIL040W,-1,4.267814192568459,59,1176,5320,28,0.8171046635272672,0.04777327935222672,0.6781609195402298,0.1810344827586207,0.8189655172413793
YLR380W,-1,4.257512021060948,59,1177,5319,28,0.8169527571016254,0.04773462783171521,0.6781609195402298,0.1811884236453202,0.8188115763546798
YMR208W,-1,4.250242402168293,59,1178,5318,28,0.8168008506759836,0.047696038803556995,0.6781609195402298,0.1813423645320197,0.8186576354679803
YLR088W,-1,4.249021340581876,59,1179,5317,28,0.8166489442503417,0.04765751211631664,0.6781609195402298,0.18149630541871922,0.8185036945812808
YGR248W,0,4.24847548053278,59,1179,5317,28,0.8166489442503417,0.04765751211631664,0.6781609195402298,0.18149630541871922,0.8185036945812808
YDL083C,-1,4.248400193503329,59,1180,5316,28,0.8164970378247,0.047619047619047616,0.6781609195402298,0.1816502463054187,0.8183497536945813
YBR102C,-1,4.244221678264164,59,1181,5315,28,0.8163451313990582,0.04758064516129032,0.6781609195402298,0.18180418719211822,0.8181958128078818
YCL024W,-1,4.2439218778534435,59,1182,5314,28,0.8161932249734164,0.04754230459307011,0.6781609195402298,0.18195812807881773,0.8180418719211823
YGL248W,-1,4.2351406516412196,59,1183,5313,28,0.8160413185477746,0.04750402576489533,0.6781609195402298,0.18211206896551724,0.8178879310344828
YMR142C,-1,4.2341207416130064,59,1184,5312,28,0.8158894121221327,0.04746580852775543,0.6781609195402298,0.18226600985221675,0.8177339901477833
YHL006C,-1,4.233850649042149,59,1185,5311,28,0.815737505696491,0.04742765273311897,0.6781609195402298,0.18241995073891626,0.8175800492610837
YDR451C,-1,4.231145214210918,59,1186,5310,28,0.8155855992708492,0.04738955823293173,0.6781609195402298,0.18257389162561577,0.8174261083743842
YJR065C,-1,4.227001762389743,59,1187,5309,28,0.8154336928452074,0.04735152487961477,0.6781609195402298,0.18272783251231528,0.8172721674876847
YGL245W,-1,4.221404734188943,59,1188,5308,28,0.8152817864195655,0.04731355252606255,0.6781609195402298,0.1828817733990148,0.8171182266009852
YBR023C,-1,4.22007494594463,59,1189,5307,28,0.8151298799939237,0.047275641025641024,0.6781609195402298,0.18303571428571427,0.8169642857142857
YDR162C,-1,4.218769721896925,59,1190,5306,28,0.8149779735682819,0.04723779023218575,0.6781609195402298,0.18318965517241378,0.8168103448275862
YHR074W,-1,4.21316893100057,59,1191,5305,28,0.8148260671426402,0.0472,0.6781609195402298,0.1833435960591133,0.8166564039408867
YLR355C,-1,4.201084280951607,59,1192,5304,28,0.8146741607169983,0.04716227018385292,0.6781609195402298,0.1834975369458128,0.8165024630541872
YMR194W,-1,4.196992705417999,59,1193,5303,28,0.8145222542913565,0.04712460063897764,0.6781609195402298,0.18365147783251232,0.8163485221674877
YJL192C,-1,4.181037031531947,59,1194,5302,28,0.8143703478657147,0.047086991221069435,0.6781609195402298,0.18380541871921183,0.8161945812807881
YLR214W,-1,4.171685996949959,59,1195,5301,28,0.8142184414400729,0.04704944178628389,0.6781609195402298,0.18395935960591134,0.8160406403940886
YLL026W,-1,4.169780807150042,59,1196,5300,28,0.8140665350144312,0.04701195219123506,0.6781609195402298,0.18411330049261085,0.8158866995073891
YML113W,-1,4.167446031445033,59,1197,5299,28,0.8139146285887893,0.046974522292993634,0.6781609195402298,0.18426724137931033,0.8157327586206896
YIL046W,-1,4.1647745495359505,59,1198,5298,28,0.8137627221631475,0.046937151949085126,0.6781609195402298,0.18442118226600984,0.8155788177339901
YPL131W,-1,4.160159106033555,59,1199,5297,28,0.8136108157375057,0.04689984101748808,0.6781609195402298,0.18457512315270935,0.8154248768472906
YJR158W,-1,4.156998535437327,59,1200,5296,28,0.8134589093118639,0.04686258935663225,0.6781609195402298,0.18472906403940886,0.8152709359605911
YMR065W,-1,4.1565621877050605,59,1201,5295,28,0.813307002886222,0.046825396825396826,0.6781609195402298,0.18488300492610837,0.8151169950738916
YDL238C,-1,4.1542234590840845,59,1202,5294,28,0.8131550964605803,0.046788263283108644,0.6781609195402298,0.18503694581280788,0.8149630541871922
YFR037C,-1,4.1472981806825855,59,1203,5293,28,0.8130031900349385,0.04675118858954041,0.6781609195402298,0.1851908866995074,0.8148091133004927
YOR003W,-1,4.141896944948556,59,1204,5292,28,0.8128512836092967,0.04671417260490895,0.6781609195402298,0.1853448275862069,0.8146551724137931
YLR345W,-1,4.136751625767607,59,1205,5291,28,0.8126993771836548,0.04667721518987342,0.6781609195402298,0.18549876847290642,0.8145012315270936
YLR028C,-1,4.134320369466962,59,1206,5290,28,0.812547470758013,0.0466403162055336,0.6781609195402298,0.1856527093596059,0.8143472906403941
YMR143W,-1,4.124905832416255,59,1207,5289,28,0.8123955643323713,0.04660347551342812,0.6781609195402298,0.1858066502463054,0.8141933497536946
YLR321C,-1,4.1238031463161775,59,1208,5288,28,0.8122436579067295,0.04656669297553275,0.6781609195402298,0.18596059113300492,0.8140394088669951
YPL152W,-1,4.11355176317585,59,1209,5287,28,0.8120917514810877,0.04652996845425868,0.6781609195402298,0.18611453201970443,0.8138854679802956
YJL176C,-1,4.097967314446588,59,1210,5286,28,0.8119398450554458,0.046493301812450746,0.6781609195402298,0.18626847290640394,0.8137315270935961
YNL218W,-1,4.095043994356773,59,1211,5285,28,0.811787938629804,0.046456692913385826,0.6781609195402298,0.18642241379310345,0.8135775862068966
YOR368W,-1,4.09489867114171,59,1212,5284,28,0.8116360322041622,0.046420141620771044,0.6781609195402298,0.18657635467980296,0.8134236453201971
YPL011C,-1,4.0878147844478745,59,1213,5283,28,0.8114841257785205,0.046383647798742135,0.6781609195402298,0.18673029556650247,0.8132697044334976
YGR118W,-1,4.082486441675061,59,1214,5282,28,0.8113322193528786,0.046347211311861744,0.6781609195402298,0.18688423645320196,0.813115763546798
YPL252C,-1,4.071948140821723,59,1215,5281,28,0.8111803129272368,0.04631083202511774,0.6781609195402298,0.18703817733990147,0.8129618226600985
YPL069C,-1,4.071534095918695,59,1216,5280,28,0.811028406501595,0.04627450980392157,0.6781609195402298,0.18719211822660098,0.812807881773399
YAL028W,-1,4.067702800068814,59,1217,5279,28,0.8108765000759532,0.04623824451410658,0.6781609195402298,0.1873460591133005,0.8126539408866995
tR(CCG)L,-1,4.064646406788949,59,1218,5278,28,0.8107245936503114,0.04620203602192639,0.6781609195402298,0.1875,0.8125
YBL055C,-1,4.06300762044746,59,1219,5277,28,0.8105726872246696,0.04616588419405321,0.6781609195402298,0.1876539408866995,0.8123460591133005
YBR191W,-1,4.0585926872009965,59,1220,5276,28,0.8104207807990278,0.046129788897576234,0.6781609195402298,0.18780788177339902,0.812192118226601
YLR205C,-1,4.049016135295454,59,1221,5275,28,0.810268874373386,0.04609375,0.6781609195402298,0.18796182266009853,0.8120381773399015
YFR047C,-1,4.048753997428388,59,1222,5274,28,0.8101169679477442,0.04605776736924278,0.6781609195402298,0.18811576354679804,0.811884236453202
YGL219C,-1,4.046756521289311,59,1223,5273,28,0.8099650615221023,0.046021840873634944,0.6781609195402298,0.18826970443349753,0.8117302955665024
YER149C,-1,4.041166196989356,59,1224,5272,28,0.8098131550964606,0.04598597038191738,0.6781609195402298,0.18842364532019704,0.8115763546798029
YPR057W,-1,4.022680367022995,59,1225,5271,28,0.8096612486708188,0.045950155763239874,0.6781609195402298,0.18857758620689655,0.8114224137931034
YPL154C,-1,4.013925043793197,59,1226,5270,28,0.809509342245177,0.045914396887159536,0.6781609195402298,0.18873152709359606,0.8112684729064039
YLR353W,-1,4.009316628933637,59,1227,5269,28,0.8093574358195351,0.045878693623639194,0.6781609195402298,0.18888546798029557,0.8111145320197044
YHR018C,-1,4.0092346642313546,59,1228,5268,28,0.8092055293938933,0.04584304584304584,0.6781609195402298,0.18903940886699508,0.8109605911330049
YLR363C,-1,4.005197148379244,59,1229,5267,28,0.8090536229682516,0.04580745341614907,0.6781609195402298,0.1891933497536946,0.8108066502463054
YLR126C,-1,3.9991073352515683,59,1230,5266,28,0.8089017165426098,0.045771916214119475,0.6781609195402298,0.1893472906403941,0.8106527093596059
YPL112C,-1,3.9975981331307797,59,1231,5265,28,0.8087498101169679,0.04573643410852713,0.6781609195402298,0.18950123152709358,0.8104987684729064
YOR073W,-1,3.9822400125991906,59,1232,5264,28,0.8085979036913261,0.045701006971340045,0.6781609195402298,0.1896551724137931,0.8103448275862069
YHR178W,-1,3.981573893938136,59,1233,5263,28,0.8084459972656843,0.0456656346749226,0.6781609195402298,0.1898091133004926,0.8101908866995073
YOR269W,-1,3.979504933050114,59,1234,5262,28,0.8082940908400426,0.04563031709203403,0.6781609195402298,0.18996305418719212,0.8100369458128078
YBR170C,-1,3.9791560176825183,59,1235,5261,28,0.8081421844144008,0.04559505409582689,0.6781609195402298,0.19011699507389163,0.8098830049261084
YDL052C,-1,3.976231169242675,59,1236,5260,28,0.8079902779887589,0.04555984555984556,0.6781609195402298,0.19027093596059114,0.8097290640394089
YOL139C,-1,3.9683544763597673,59,1237,5259,28,0.8078383715631171,0.04552469135802469,0.6781609195402298,0.19042487684729065,0.8095751231527094
YBR035C,-1,3.959051937912928,59,1238,5258,28,0.8076864651374753,0.04548959136468774,0.6781609195402298,0.19057881773399016,0.8094211822660099
YNL149C,-1,3.957108500455032,59,1239,5257,28,0.8075345587118335,0.045454545454545456,0.6781609195402298,0.19073275862068967,0.8092672413793104
YKL196C,-1,3.954799352132588,59,1240,5256,28,0.8073826522861917,0.04541955350269438,0.6781609195402298,0.19088669950738915,0.8091133004926109
YIL085C,-1,3.9438021057348878,59,1241,5255,28,0.8072307458605499,0.045384615384615384,0.6781609195402298,0.19104064039408866,0.8089593596059114
YDR122W,-1,3.9436662207444453,59,1242,5254,28,0.8070788394349081,0.045349730976172176,0.6781609195402298,0.19119458128078817,0.8088054187192119
YBR002C,-1,3.9339646717420895,59,1243,5253,28,0.8069269330092663,0.04531490015360983,0.6781609195402298,0.19134852216748768,0.8086514778325123
YHR025W,-1,3.927900603440208,59,1244,5252,28,0.8067750265836244,0.04528012279355334,0.6781609195402298,0.1915024630541872,0.8084975369458128
YKR084C,-1,3.9258480796916246,59,1245,5251,28,0.8066231201579827,0.04524539877300614,0.6781609195402298,0.1916564039408867,0.8083435960591133
YJL144W,-1,3.9236850492660027,59,1246,5250,28,0.8064712137323409,0.045210727969348656,0.6781609195402298,0.19181034482758622,0.8081896551724138
YDR316W-A,-1,3.9216983719013343,59,1247,5249,28,0.8063193073066991,0.0451761102603369,0.6781609195402298,0.19196428571428573,0.8080357142857143
YBR077C,-1,3.9143002284466832,59,1248,5248,28,0.8061674008810573,0.045141545524101,0.6781609195402298,0.1921182266009852,0.8078817733990148
YGR104C,-1,3.913821690513815,59,1249,5247,28,0.8060154944554154,0.04510703363914373,0.6781609195402298,0.19227216748768472,0.8077278325123153
YIL145C,-1,3.910673373255928,59,1250,5246,28,0.8058635880297736,0.04507257448433919,0.6781609195402298,0.19242610837438423,0.8075738916256158
YLR433C,-1,3.8948287529248646,59,1251,5245,28,0.8057116816041319,0.0450381679389313,0.6781609195402298,0.19258004926108374,0.8074199507389163
YEL034W,-1,3.8852683182730807,59,1252,5244,28,0.8055597751784901,0.04500381388253242,0.6781609195402298,0.19273399014778325,0.8072660098522167
YOR047C,-1,3.882882220183491,59,1253,5243,28,0.8054078687528482,0.04496951219512195,0.6781609195402298,0.19288793103448276,0.8071120689655172
YMR173W,-1,3.8794303190170787,59,1254,5242,28,0.8052559623272064,0.04493526275704494,0.6781609195402298,0.19304187192118227,0.8069581280788177
YGR216C,-1,3.867380715500648,59,1255,5241,28,0.8051040559015646,0.04490106544901065,0.6781609195402298,0.19319581280788178,0.8068041871921182
YDL226C,-1,3.865183475853247,59,1256,5240,28,0.8049521494759229,0.044866920152091254,0.6781609195402298,0.1933497536945813,0.8066502463054187
YDR188W,-1,3.8644089038649123,59,1257,5239,28,0.804800243050281,0.044832826747720364,0.6781609195402298,0.19350369458128078,0.8064963054187192
YJL012C,-1,3.863556028661079,59,1258,5238,28,0.8046483366246392,0.044798785117691725,0.6781609195402298,0.1936576354679803,0.8063423645320197
YJR057W,-1,3.859547327453023,59,1259,5237,28,0.8044964301989974,0.044764795144157814,0.6781609195402298,0.1938115763546798,0.8061884236453202
YJR040W,-1,3.8559649414643324,59,1260,5236,28,0.8043445237733556,0.04473085670962851,0.6781609195402298,0.1939655172413793,0.8060344827586207
YDR378C,-1,3.8499260526188506,59,1261,5235,28,0.8041926173477139,0.0446969696969697,0.6781609195402298,0.19411945812807882,0.8058805418719212
YLR133W,-1,3.849366038446786,59,1262,5234,28,0.804040710922072,0.04466313398940197,0.6781609195402298,0.19427339901477833,0.8057266009852216
YDR303C,-1,3.8491993091211163,59,1263,5233,28,0.8038888044964302,0.04462934947049924,0.6781609195402298,0.19442733990147784,0.8055726600985221
YLR299W,-1,3.8454075758059196,59,1264,5232,28,0.8037368980707884,0.044595616024187455,0.6781609195402298,0.19458128078817735,0.8054187192118226
YIL035C,-1,3.843899845771441,59,1265,5231,28,0.8035849916451466,0.0445619335347432,0.6781609195402298,0.19473522167487683,0.8052647783251231
YJL187C,-1,3.840605322384238,59,1266,5230,28,0.8034330852195047,0.04452830188679245,0.6781609195402298,0.19488916256157635,0.8051108374384236
YHR042W,-1,3.840348953229147,59,1267,5229,28,0.803281178793863,0.0444947209653092,0.6781609195402298,0.19504310344827586,0.8049568965517241
YBL061C,-1,3.838409431726378,59,1268,5228,28,0.8031292723682212,0.044461190655614165,0.6781609195402298,0.19519704433497537,0.8048029556650246
YKL213C,-1,3.8199492840228397,59,1269,5227,28,0.8029773659425794,0.04442771084337349,0.6781609195402298,0.19535098522167488,0.8046490147783252
YNL045W,-1,3.8158414772524787,59,1270,5226,28,0.8028254595169375,0.04439428141459744,0.6781609195402298,0.1955049261083744,0.8044950738916257
YNL154C,-1,3.8050511297956504,59,1271,5225,28,0.8026735530912957,0.0443609022556391,0.6781609195402298,0.1956588669950739,0.8043411330049262
YML069W,-1,3.8041716135329,59,1272,5224,28,0.802521646665654,0.04432757325319309,0.6781609195402298,0.1958128078817734,0.8041871921182266
YOR120W,-1,3.8041356281220273,59,1273,5223,28,0.8023697402400122,0.044294294294294295,0.6781609195402298,0.1959667487684729,0.8040332512315271
YPR119W,-1,3.799311678900946,59,1274,5222,28,0.8022178338143704,0.04426106526631658,0.6781609195402298,0.1961206896551724,0.8038793103448276
YJL191W,-1,3.786518294064375,59,1275,5221,28,0.8020659273887285,0.04422788605697151,0.6781609195402298,0.19627463054187191,0.8037253694581281
YML045W-A,-1,3.7861576102583774,59,1276,5220,28,0.8019140209630867,0.044194756554307116,0.6781609195402298,0.19642857142857142,0.8035714285714286
YJL184W,-1,3.784618914454927,59,1277,5219,28,0.801762114537445,0.04416167664670659,0.6781609195402298,0.19658251231527094,0.8034174876847291
YGR038C-A,-1,3.7825509088313107,59,1278,5218,28,0.8016102081118032,0.044128646222887064,0.6781609195402298,0.19673645320197045,0.8032635467980296
YDR074W,-1,3.7733826104348656,59,1279,5217,28,0.8014583016861613,0.044095665171898356,0.6781609195402298,0.19689039408866996,0.8031096059113301
YML071C,-1,3.768967451987579,59,1280,5216,28,0.8013063952605195,0.044062733383121735,0.6781609195402298,0.19704433497536947,0.8029556650246306
YLR153C,-1,3.7634435399536974,59,1281,5215,28,0.8011544888348777,0.04402985074626865,0.6781609195402298,0.19719827586206898,0.802801724137931
YLR029C,-1,3.7595844187318983,59,1282,5214,28,0.8010025824092359,0.04399701715137957,0.6781609195402298,0.19735221674876846,0.8026477832512315
YDL145C,-1,3.7557921472260802,59,1283,5213,28,0.800850675983594,0.043964232488822655,0.6781609195402298,0.19750615763546797,0.802493842364532
YNL102W,-1,3.754990765388758,59,1284,5212,28,0.8006987695579523,0.04393149664929263,0.6781609195402298,0.19766009852216748,0.8023399014778325
YBR048W,-1,3.7547611593533294,59,1285,5211,28,0.8005468631323105,0.04389880952380952,0.6781609195402298,0.197814039408867,0.802185960591133
YHR167W,-1,3.753042124618721,59,1286,5210,28,0.8003949567066687,0.04386617100371747,0.6781609195402298,0.1979679802955665,0.8020320197044335
YML019W,-1,3.745815785678472,59,1287,5209,28,0.8002430502810269,0.043833580980683504,0.6781609195402298,0.19812192118226601,0.801878078817734
YDR513W,-1,3.7428658634730088,59,1288,5208,28,0.800091143855385,0.04380103934669636,0.6781609195402298,0.19827586206896552,0.8017241379310345
YDR379W,-1,3.740272252912491,59,1289,5207,28,0.7999392374297433,0.04376854599406528,0.6781609195402298,0.19842980295566504,0.801570197044335
YNL309W,-1,3.7339605807582243,59,1290,5206,28,0.7997873310041015,0.04373610081541883,0.6781609195402298,0.19858374384236452,0.8014162561576355
YNL054W-A,-1,3.7181506073084707,59,1291,5205,28,0.7996354245784597,0.0437037037037037,0.6781609195402298,0.19873768472906403,0.8012623152709359
YKL045W,-1,3.716187468399676,59,1292,5204,28,0.7994835181528178,0.043671354552183565,0.6781609195402298,0.19889162561576354,0.8011083743842364
YBR164C,-1,3.713804977304032,59,1293,5203,28,0.799331611727176,0.04363905325443787,0.6781609195402298,0.19904556650246305,0.8009544334975369
YFR031C,-1,3.705165546062622,59,1294,5202,28,0.7991797053015343,0.04360679970436068,0.6781609195402298,0.19919950738916256,0.8008004926108374
YBR295W,-1,3.7025234148040806,59,1295,5201,28,0.7990277988758925,0.04357459379615953,0.6781609195402298,0.19935344827586207,0.8006465517241379
YDL219W,0,3.6997227400421693,59,1295,5201,28,0.7990277988758925,0.04357459379615953,0.6781609195402298,0.19935344827586207,0.8006465517241379
YPR026W,-1,3.6954383565480935,59,1296,5200,28,0.7988758924502506,0.043542435424354244,0.6781609195402298,0.19950738916256158,0.8004926108374384
YDL184C,-1,3.6873373174596487,59,1297,5199,28,0.7987239860246088,0.043510324483775814,0.6781609195402298,0.1996613300492611,0.8003386699507389
YHR106W,-1,3.682328367731524,59,1298,5198,28,0.798572079598967,0.043478260869565216,0.6781609195402298,0.1998152709359606,0.8001847290640394
YKL145W,-1,3.682283463765997,59,1299,5197,28,0.7984201731733253,0.04344624447717231,0.6781609195402298,0.1999692118226601,0.8000307881773399
YHR005C,-1,3.676237053772841,59,1300,5196,28,0.7982682667476835,0.04341427520235467,0.6781609195402298,0.2001231527093596,0.7998768472906403
YAL035W,-1,3.6680746546027994,59,1301,5195,28,0.7981163603220416,0.04338235294117647,0.6781609195402298,0.2002770935960591,0.7997229064039408
YOR204W,-1,3.6658427987355946,59,1302,5194,28,0.7979644538963998,0.04335047759000735,0.6781609195402298,0.20043103448275862,0.7995689655172413
YFR030W,-1,3.6616990320630745,59,1303,5193,28,0.797812547470758,0.04331864904552129,0.6781609195402298,0.20058497536945813,0.7994150246305419
YKR087C,-1,3.660447941731273,59,1304,5192,28,0.7976606410451162,0.043286867204695524,0.6781609195402298,0.20073891625615764,0.7992610837438424
YJL204C,-1,3.6599834541925134,59,1305,5191,28,0.7975087346194744,0.04325513196480939,0.6781609195402298,0.20089285714285715,0.7991071428571429
YOL039W,-1,3.6563947732718094,59,1306,5190,28,0.7973568281938326,0.04322344322344322,0.6781609195402298,0.20104679802955666,0.7989532019704434
YML100W,-1,3.6532369632757784,59,1307,5189,28,0.7972049217681908,0.04319180087847731,0.6781609195402298,0.20120073891625614,0.7987992610837439
YEL022W,-1,3.651398354805221,59,1308,5188,28,0.797053015342549,0.04316020482809071,0.6781609195402298,0.20135467980295566,0.7986453201970444
YBR276C,-1,3.6373779235465014,59,1309,5187,28,0.7969011089169071,0.04312865497076023,0.6781609195402298,0.20150862068965517,0.7984913793103449
snR42,-1,3.6371308167907146,59,1310,5186,28,0.7967492024912654,0.04309715120525932,0.6781609195402298,0.20166256157635468,0.7983374384236454
YGL201C,-1,3.628963647515795,59,1311,5185,28,0.7965972960656236,0.043065693430656936,0.6781609195402298,0.2018165024630542,0.7981834975369458
YLR045C,-1,3.6234742028743656,59,1312,5184,28,0.7964453896399818,0.043034281546316555,0.6781609195402298,0.2019704433497537,0.7980295566502463
YGL243W,-1,3.6223537109118875,59,1313,5183,28,0.79629348321434,0.043002915451895045,0.6781609195402298,0.2021243842364532,0.7978756157635468
YML073C,-1,3.6047396201829076,59,1314,5182,28,0.7961415767886981,0.04297159504734159,0.6781609195402298,0.20227832512315272,0.7977216748768473
YNL301C,-1,3.6036061629565648,59,1315,5181,28,0.7959896703630563,0.04294032023289665,0.6781609195402298,0.20243226600985223,0.7975677339901478
YIL138C,-1,3.6029401759118937,59,1316,5180,28,0.7958377639374146,0.04290909090909091,0.6781609195402298,0.2025862068965517,0.7974137931034483
YER099C,-1,3.6018413991247535,59,1317,5179,28,0.7956858575117728,0.042877906976744186,0.6781609195402298,0.20274014778325122,0.7972598522167488
YCL018W,-1,3.601206152365926,59,1318,5178,28,0.7955339510861309,0.042846768336964415,0.6781609195402298,0.20289408866995073,0.7971059113300493
YJL048C,-1,3.5988539219427493,59,1319,5177,28,0.7953820446604891,0.04281567489114659,0.6781609195402298,0.20304802955665024,0.7969519704433498
YBR229C,-1,3.5968912576671594,59,1320,5176,28,0.7952301382348473,0.04278462654097172,0.6781609195402298,0.20320197044334976,0.7967980295566502
YOR267C,-1,3.594405987004223,59,1321,5175,28,0.7950782318092056,0.042753623188405795,0.6781609195402298,0.20335591133004927,0.7966440886699507
YER009W,-1,3.5935509241602737,59,1322,5174,28,0.7949263253835637,0.042722664735698766,0.6781609195402298,0.20350985221674878,0.7964901477832512
YKL206C,0,3.591849309755083,59,1322,5174,28,0.7949263253835637,0.042722664735698766,0.6781609195402298,0.20350985221674878,0.7964901477832512
YCL030C,-1,3.5901108923429303,59,1323,5173,28,0.7947744189579219,0.0426917510853835,0.6781609195402298,0.2036637931034483,0.7963362068965517
YLR357W,-1,3.582871251582968,59,1324,5172,28,0.7946225125322801,0.04266088214027477,0.6781609195402298,0.20381773399014777,0.7961822660098522
YNL016W,-1,3.5826925579272793,59,1325,5171,28,0.7944706061066383,0.04263005780346821,0.6781609195402298,0.20397167487684728,0.7960283251231527
YNL090W,-1,3.578228827419464,59,1326,5170,28,0.7943186996809966,0.04259927797833935,0.6781609195402298,0.2041256157635468,0.7958743842364532
YJL006C,-1,3.575914536640209,59,1327,5169,28,0.7941667932553547,0.04256854256854257,0.6781609195402298,0.2042795566502463,0.7957204433497537
YMR288W,-1,3.5754063555878077,59,1328,5168,28,0.7940148868297129,0.04253785147801009,0.6781609195402298,0.2044334975369458,0.7955665024630542
YJL210W,-1,3.570533847624045,59,1329,5167,28,0.7938629804040711,0.04250720461095101,0.6781609195402298,0.20458743842364532,0.7954125615763546
YLR113W,-1,3.552208553699007,59,1330,5166,28,0.7937110739784293,0.042476601871850254,0.6781609195402298,0.20474137931034483,0.7952586206896551
YEL053C,-1,3.550747014090935,59,1331,5165,28,0.7935591675527874,0.04244604316546763,0.6781609195402298,0.20489532019704434,0.7951046798029556
YDR180W,-1,3.546083757626381,59,1332,5164,28,0.7934072611271457,0.04241552839683681,0.6781609195402298,0.20504926108374386,0.7949507389162561
YDL044C,-1,3.5378909489584176,59,1333,5163,28,0.7932553547015039,0.042385057471264365,0.6781609195402298,0.20520320197044334,0.7947967980295566
YMR199W,-1,3.5362048696997714,59,1334,5162,28,0.7931034482758621,0.04235463029432879,0.6781609195402298,0.20535714285714285,0.7946428571428571
YDL245C,-1,3.5352610678778844,59,1335,5161,28,0.7929515418502202,0.04232424677187949,0.6781609195402298,0.20551108374384236,0.7944889162561576
YJR103W,-1,3.5297930346986695,59,1336,5160,28,0.7927996354245784,0.04229390681003584,0.6781609195402298,0.20566502463054187,0.7943349753694581
YMR214W,-1,3.525578507745262,59,1337,5159,28,0.7926477289989367,0.042263610315186245,0.6781609195402298,0.20581896551724138,0.7941810344827587
YIL074C,-1,3.5231420498658492,59,1338,5158,28,0.7924958225732949,0.04223335719398712,0.6781609195402298,0.2059729064039409,0.7940270935960592
MAL23,-1,3.5198309618309924,59,1339,5157,28,0.7923439161476531,0.04220314735336195,0.6781609195402298,0.2061268472906404,0.7938731527093597
YPL163C,-1,3.506798346821333,59,1340,5156,28,0.7921920097220112,0.04217298070050036,0.6781609195402298,0.2062807881773399,0.7937192118226601
YFL037W,-1,3.491495852672321,59,1341,5155,28,0.7920401032963694,0.04214285714285714,0.6781609195402298,0.2064347290640394,0.7935652709359606
YBR162C,-1,3.4898994784876955,59,1342,5154,28,0.7918881968707276,0.042112776588151324,0.6781609195402298,0.2065886699507389,0.7934113300492611
YCL063W,-1,3.4887307913226477,59,1343,5153,28,0.7917362904450859,0.04208273894436519,0.6781609195402298,0.20674261083743842,0.7932573891625616
YBR021W,-1,3.48873014449354,59,1344,5152,28,0.791584384019444,0.042052744119743406,0.6781609195402298,0.20689655172413793,0.7931034482758621
YNL220W,-1,3.486838993003274,59,1345,5151,28,0.7914324775938022,0.04202279202279202,0.6781609195402298,0.20705049261083744,0.7929495073891626
YLR292C,-1,3.4811653019495696,59,1346,5150,28,0.7912805711681604,0.04199288256227758,0.6781609195402298,0.20720443349753695,0.7927955665024631
YLR114C,-1,3.477361540618035,59,1347,5149,28,0.7911286647425186,0.041963015647226175,0.6781609195402298,0.20735837438423646,0.7926416256157636
YLR144C,-1,3.475069440031279,59,1348,5148,28,0.7909767583168767,0.04193319118692253,0.6781609195402298,0.20751231527093597,0.7924876847290641
YGR142W,-1,3.4745058974917393,59,1349,5147,28,0.790824851891235,0.04190340909090909,0.6781609195402298,0.20766625615763548,0.7923337438423645
YLR251W,-1,3.468561009144086,59,1350,5146,28,0.7906729454655932,0.04187366926898509,0.6781609195402298,0.20782019704433496,0.792179802955665
YEL031W,-1,3.4628153141509914,59,1351,5145,28,0.7905210390399514,0.04184397163120567,0.6781609195402298,0.20797413793103448,0.7920258620689655
YBR031W,-1,3.4616823616879073,59,1352,5144,28,0.7903691326143096,0.041814316087880936,0.6781609195402298,0.20812807881773399,0.791871921182266
YMR268C,-1,3.4611345005004472,59,1353,5143,28,0.7902172261886677,0.04178470254957507,0.6781609195402298,0.2082820197044335,0.7917179802955665
YGL189C,-1,3.4606782537071714,59,1354,5142,28,0.790065319763026,0.04175513092710545,0.6781609195402298,0.208435960591133,0.791564039408867
YFL047W,-1,3.4600048324839072,59,1355,5141,28,0.7899134133373842,0.04172560113154172,0.6781609195402298,0.20858990147783252,0.7914100985221675
YGR255C,-1,3.4462882732192153,59,1356,5140,28,0.7897615069117424,0.04169611307420495,0.6781609195402298,0.20874384236453203,0.791256157635468
YOL120C,-1,3.4440683604109723,59,1357,5139,28,0.7896096004861005,0.041666666666666664,0.6781609195402298,0.20889778325123154,0.7911022167487685
YKR080W,-1,3.442301478774876,59,1358,5138,28,0.7894576940604587,0.04163726182074806,0.6781609195402298,0.20905172413793102,0.790948275862069
YOR343W-A,-1,3.433754570828596,59,1359,5137,28,0.789305787634817,0.04160789844851904,0.6781609195402298,0.20920566502463053,0.7907943349753694
YJL076W,-1,3.4332067860750293,59,1360,5136,28,0.7891538812091752,0.041578576462297394,0.6781609195402298,0.20935960591133004,0.7906403940886699
YDR410C,1,3.432502781998632,60,1360,5136,27,0.789305787634817,0.04225352112676056,0.6896551724137931,0.20935960591133004,0.7906403940886699
YGL043W,-1,3.4259033639306438,60,1361,5135,27,0.7891538812091752,0.0422237860661506,0.6896551724137931,0.20951354679802955,0.7904864532019704
YHR112C,-1,3.420036381266051,60,1362,5134,27,0.7890019747835333,0.04219409282700422,0.6896551724137931,0.20966748768472906,0.7903325123152709
YLR275W,-1,3.4183354449084518,60,1363,5133,27,0.7888500683578915,0.0421644413211525,0.6896551724137931,0.20982142857142858,0.7901785714285714
YLR210W,-1,3.4145526372342108,60,1364,5132,27,0.7886981619322497,0.042134831460674156,0.6896551724137931,0.20997536945812809,0.7900246305418719
YIL097W,-1,3.412936470389412,60,1365,5131,27,0.788546255506608,0.042105263157894736,0.6896551724137931,0.2101293103448276,0.7898706896551724
YLR078C,-1,3.4122969208950877,60,1366,5130,27,0.7883943490809662,0.04207573632538569,0.6896551724137931,0.2102832512315271,0.7897167487684729
YPL028W,-1,3.406656989536514,60,1367,5129,27,0.7882424426553243,0.04204625087596356,0.6896551724137931,0.2104371921182266,0.7895628078817734
YHR138C,-1,3.4048797062922764,60,1368,5128,27,0.7880905362296825,0.04201680672268908,0.6896551724137931,0.2105911330049261,0.7894088669950738
YEL016C,-1,3.404446326770431,60,1369,5127,27,0.7879386298040407,0.04198740377886634,0.6896551724137931,0.2107450738916256,0.7892549261083743
YIL077C,-1,3.4029411522177018,60,1370,5126,27,0.787786723378399,0.04195804195804196,0.6896551724137931,0.21089901477832512,0.7891009852216748
YGR091W,-1,3.4015562967691126,60,1371,5125,27,0.787634816952757,0.041928721174004195,0.6896551724137931,0.21105295566502463,0.7889470443349754
Q0070,-1,3.390278961258047,60,1372,5124,27,0.7874829105271153,0.04189944134078212,0.6896551724137931,0.21120689655172414,0.7887931034482759
YHR160C,-1,3.385423991322756,60,1373,5123,27,0.7873310041014735,0.0418702023726448,0.6896551724137931,0.21136083743842365,0.7886391625615764
YIL004C,-1,3.384498819900719,60,1374,5122,27,0.7871790976758317,0.04184100418410042,0.6896551724137931,0.21151477832512317,0.7884852216748769
YKR053C,-1,3.3834971167158887,60,1375,5121,27,0.7870271912501898,0.041811846689895474,0.6896551724137931,0.21166871921182265,0.7883312807881774
YOR341W,-1,3.38181135304339,60,1376,5120,27,0.786875284824548,0.04178272980501393,0.6896551724137931,0.21182266009852216,0.7881773399014779
YGR075C,-1,3.381390160275852,60,1377,5119,27,0.7867233783989063,0.04175365344467641,0.6896551724137931,0.21197660098522167,0.7880233990147784
YGR258C,-1,3.3785108786161797,60,1378,5118,27,0.7865714719732645,0.04172461752433936,0.6896551724137931,0.21213054187192118,0.7878694581280788
YOR182C,-1,3.375181607770164,60,1379,5117,27,0.7864195655476227,0.04169562195969423,0.6896551724137931,0.2122844827586207,0.7877155172413793
YDR099W,-1,3.374440620124415,60,1380,5116,27,0.7862676591219808,0.041666666666666664,0.6896551724137931,0.2124384236453202,0.7875615763546798
YNL326C,-1,3.372846718438961,60,1381,5115,27,0.786115752696339,0.041637751561415685,0.6896551724137931,0.2125923645320197,0.7874076354679803
YPL128C,-1,3.371928434391622,60,1382,5114,27,0.7859638462706973,0.04160887656033287,0.6896551724137931,0.21274630541871922,0.7872536945812808
YJR092W,-1,3.367796439274155,60,1383,5113,27,0.7858119398450555,0.04158004158004158,0.6896551724137931,0.2129002463054187,0.7870997536945813
YDR427W,-1,3.3654210109064597,60,1384,5112,27,0.7856600334194136,0.04155124653739612,0.6896551724137931,0.21305418719211822,0.7869458128078818
YDR473C,-1,3.364600134149232,60,1385,5111,27,0.7855081269937718,0.04152249134948097,0.6896551724137931,0.21320812807881773,0.7867918719211823
YML114C,-1,3.363991421429165,60,1386,5110,27,0.78535622056813,0.04149377593360996,0.6896551724137931,0.21336206896551724,0.7866379310344828
YLR229C,-1,3.3428030118258434,60,1387,5109,27,0.7852043141424883,0.0414651002073255,0.6896551724137931,0.21351600985221675,0.7864839901477833
YLR273C,-1,3.3413274822452963,60,1388,5108,27,0.7850524077168464,0.04143646408839779,0.6896551724137931,0.21366995073891626,0.7863300492610837
YJL138C,-1,3.335467813650534,60,1389,5107,27,0.7849005012912046,0.041407867494824016,0.6896551724137931,0.21382389162561577,0.7861761083743842
YGR155W,-1,3.3310245347786247,60,1390,5106,27,0.7847485948655628,0.041379310344827586,0.6896551724137931,0.21397783251231528,0.7860221674876847
YJL219W,-1,3.3274904525551725,60,1391,5105,27,0.784596688439921,0.04135079255685734,0.6896551724137931,0.2141317733990148,0.7858682266009852
YPL143W,-1,3.3197057166647403,60,1392,5104,27,0.7844447820142793,0.04132231404958678,0.6896551724137931,0.21428571428571427,0.7857142857142857
YMR242C,-1,3.317773423282668,60,1393,5103,27,0.7842928755886374,0.04129387474191328,0.6896551724137931,0.21443965517241378,0.7855603448275862
YBR017C,-1,3.3145912726430797,60,1394,5102,27,0.7841409691629956,0.04126547455295736,0.6896551724137931,0.2145935960591133,0.7854064039408867
YLR438W,0,3.3131935229712752,60,1394,5102,27,0.7841409691629956,0.04126547455295736,0.6896551724137931,0.2145935960591133,0.7854064039408867
YGL238W,-1,3.3131383443520894,60,1395,5101,27,0.7839890627373538,0.041237113402061855,0.6896551724137931,0.2147475369458128,0.7852524630541872
YEL003W,-1,3.3111637510334426,60,1396,5100,27,0.783837156311712,0.04120879120879121,0.6896551724137931,0.21490147783251232,0.7850985221674877
YMR169C,-1,3.307161173037002,60,1397,5099,27,0.7836852498860701,0.04118050789293068,0.6896551724137931,0.21505541871921183,0.7849445812807881
YPR062W,-1,3.3062157245555657,60,1398,5098,27,0.7835333434604284,0.0411522633744856,0.6896551724137931,0.21520935960591134,0.7847906403940886
YMR121C,-1,3.305663171450021,60,1399,5097,27,0.7833814370347866,0.0411240575736806,0.6896551724137931,0.21536330049261085,0.7846366995073891
YDR086C,-1,3.30495282073366,60,1400,5096,27,0.7832295306091448,0.0410958904109589,0.6896551724137931,0.21551724137931033,0.7844827586206896
YOR048C,-1,3.3035241412539995,60,1401,5095,27,0.7830776241835029,0.04106776180698152,0.6896551724137931,0.21567118226600984,0.7843288177339901
YDL194W,-1,3.2970491905584933,60,1402,5094,27,0.7829257177578611,0.04103967168262654,0.6896551724137931,0.21582512315270935,0.7841748768472906
YJR031C,-1,3.291844422008169,60,1403,5093,27,0.7827738113322193,0.04101161995898838,0.6896551724137931,0.21597906403940886,0.7840209359605911
YPL193W,-1,3.2898203094395826,60,1404,5092,27,0.7826219049065776,0.040983606557377046,0.6896551724137931,0.21613300492610837,0.7838669950738916
YPL223C,0,3.288557080004665,60,1404,5092,27,0.7826219049065776,0.040983606557377046,0.6896551724137931,0.21613300492610837,0.7838669950738916
YML121W,-1,3.2883792215984196,60,1405,5091,27,0.7824699984809358,0.040955631399317405,0.6896551724137931,0.21628694581280788,0.7837130541871922
YJL058C,-1,3.2868515380796044,60,1406,5090,27,0.7823180920552939,0.040927694406548434,0.6896551724137931,0.2164408866995074,0.7835591133004927
YCR021C,-1,3.2866256263647204,60,1407,5089,27,0.7821661856296521,0.0408997955010225,0.6896551724137931,0.2165948275862069,0.7834051724137931
YJL139C,-1,3.280954953515766,60,1408,5088,27,0.7820142792040103,0.04087193460490463,0.6896551724137931,0.21674876847290642,0.7832512315270936
YNL325C,-1,3.2796483414291417,60,1409,5087,27,0.7818623727783686,0.04084411164057182,0.6896551724137931,0.2169027093596059,0.7830972906403941
YOR100C,-1,3.2785660111489436,60,1410,5086,27,0.7817104663527267,0.04081632653061224,0.6896551724137931,0.2170566502463054,0.7829433497536946
YML026C,-1,3.2764462480003322,60,1411,5085,27,0.7815585599270849,0.04078857919782461,0.6896551724137931,0.21721059113300492,0.7827894088669951
YDR002W,-1,3.2752476456672603,60,1412,5084,27,0.7814066535014431,0.04076086956521739,0.6896551724137931,0.21736453201970443,0.7826354679802956
YML024W,-1,3.2575777837117976,60,1413,5083,27,0.7812547470758013,0.04073319755600815,0.6896551724137931,0.21751847290640394,0.7824815270935961
YIL049W,-1,3.2568573027369645,60,1414,5082,27,0.7811028406501594,0.0407055630936228,0.6896551724137931,0.21767241379310345,0.7823275862068966
YLR128W,-1,3.2451469843838656,60,1415,5081,27,0.7809509342245177,0.04067796610169491,0.6896551724137931,0.21782635467980296,0.7821736453201971
YGR181W,-1,3.2418032702129183,60,1416,5080,27,0.7807990277988759,0.04065040650406504,0.6896551724137931,0.21798029556650247,0.7820197044334976
YJR141W,-1,3.2400346066296466,60,1417,5079,27,0.7806471213732341,0.040622884224779957,0.6896551724137931,0.21813423645320196,0.781865763546798
YMR177W,-1,3.2385739713437,60,1418,5078,27,0.7804952149475923,0.04059539918809202,0.6896551724137931,0.21828817733990147,0.7817118226600985
YOR054C,-1,3.2385351243901397,60,1419,5077,27,0.7803433085219504,0.04056795131845842,0.6896551724137931,0.21844211822660098,0.781557881773399
YOL032W,-1,3.237279559045064,60,1420,5076,27,0.7801914020963087,0.04054054054054054,0.6896551724137931,0.2185960591133005,0.7814039408866995
YHR193C,-1,3.2356914431426382,60,1421,5075,27,0.7800394956706669,0.04051316677920324,0.6896551724137931,0.21875,0.78125
YNL107W,-1,3.234587185610833,60,1422,5074,27,0.7798875892450251,0.04048582995951417,0.6896551724137931,0.2189039408866995,0.7810960591133005
YDL095W,-1,3.234496665405081,60,1423,5073,27,0.7797356828193832,0.04045853000674309,0.6896551724137931,0.21905788177339902,0.780942118226601
YOR253W,-1,3.233586008886497,60,1424,5072,27,0.7795837763937414,0.04043126684636118,0.6896551724137931,0.21921182266009853,0.7807881773399015
YLR223C,-1,3.2324552736443826,60,1425,5071,27,0.7794318699680997,0.04040404040404041,0.6896551724137931,0.21936576354679804,0.780634236453202
YGR124W,-1,3.230784893973502,60,1426,5070,27,0.7792799635424579,0.040376850605652756,0.6896551724137931,0.21951970443349753,0.7804802955665024
YKR083C,-1,3.2282652744537894,60,1427,5069,27,0.779128057116816,0.04034969737726967,0.6896551724137931,0.21967364532019704,0.7803263546798029
YOR032C,-1,3.223535177240466,60,1428,5068,27,0.7789761506911742,0.04032258064516129,0.6896551724137931,0.21982758620689655,0.7801724137931034
YCR084C,-1,3.2222221025988813,60,1429,5067,27,0.7788242442655324,0.040295500335795834,0.6896551724137931,0.21998152709359606,0.7800184729064039
YDR195W,-1,3.2084271286479438,60,1430,5066,27,0.7786723378398906,0.040268456375838924,0.6896551724137931,0.22013546798029557,0.7798645320197044
YHL024W,-1,3.200519471450428,60,1431,5065,27,0.7785204314142489,0.04024144869215292,0.6896551724137931,0.22028940886699508,0.7797105911330049
YDR385W,-1,3.1972590767220277,60,1432,5064,27,0.778368524988607,0.040214477211796246,0.6896551724137931,0.2204433497536946,0.7795566502463054
YKL120W,-1,3.192241879886298,60,1433,5063,27,0.7782166185629652,0.04018754186202277,0.6896551724137931,0.2205972906403941,0.7794027093596059
YPR088C,-1,3.1775080098730206,60,1434,5062,27,0.7780647121373234,0.040160642570281124,0.6896551724137931,0.22075123152709358,0.7792487684729064
YKL101W,-1,3.174288636359358,60,1435,5061,27,0.7779128057116816,0.04013377926421405,0.6896551724137931,0.2209051724137931,0.7790948275862069
YNL327W,-1,3.1740139289709557,60,1436,5060,27,0.7777608992860398,0.040106951871657755,0.6896551724137931,0.2210591133004926,0.7789408866995073
YPR167C,-1,3.1719197285110483,60,1437,5059,27,0.777608992860398,0.04008016032064128,0.6896551724137931,0.22121305418719212,0.7787869458128078
YJL020C,-1,3.1710317930656844,60,1438,5058,27,0.7774570864347562,0.04005340453938585,0.6896551724137931,0.22136699507389163,0.7786330049261084
YDR227W,-1,3.1706181430637606,60,1439,5057,27,0.7773051800091144,0.0400266844563042,0.6896551724137931,0.22152093596059114,0.7784790640394089
YDR019C,-1,3.1697205600625735,60,1440,5056,27,0.7771532735834725,0.04,0.6896551724137931,0.22167487684729065,0.7783251231527094
YPL001W,-1,3.1691645343664834,60,1441,5055,27,0.7770013671578307,0.039973351099267154,0.6896551724137931,0.22182881773399016,0.7781711822660099
YDR084C,-1,3.1619473645001324,60,1442,5054,27,0.776849460732189,0.03994673768308921,0.6896551724137931,0.22198275862068967,0.7780172413793104
YGR267C,-1,3.1577986614028815,60,1443,5053,27,0.7766975543065472,0.03992015968063872,0.6896551724137931,0.22213669950738915,0.7778633004926109
YNL291C,-1,3.1555394306041453,60,1444,5052,27,0.7765456478809054,0.0398936170212766,0.6896551724137931,0.22229064039408866,0.7777093596059114
YHR077C,-1,3.154977838935482,60,1445,5051,27,0.7763937414552635,0.03986710963455149,0.6896551724137931,0.22244458128078817,0.7775554187192119
YMR039C,-1,3.151581175959578,60,1446,5050,27,0.7762418350296217,0.0398406374501992,0.6896551724137931,0.22259852216748768,0.7774014778325123
YJL189W,-1,3.150020031188026,60,1447,5049,27,0.77608992860398,0.039814200398142006,0.6896551724137931,0.2227524630541872,0.7772475369458128
YMR274C,-1,3.148513300077338,60,1448,5048,27,0.7759380221783382,0.03978779840848806,0.6896551724137931,0.2229064039408867,0.7770935960591133
YDR196C,-1,3.1474893595291262,60,1449,5047,27,0.7757861157526963,0.039761431411530816,0.6896551724137931,0.22306034482758622,0.7769396551724138
YOL103W,-1,3.146414399637218,60,1450,5046,27,0.7756342093270545,0.039735099337748346,0.6896551724137931,0.22321428571428573,0.7767857142857143
YGL208W,-1,3.144062052652716,60,1451,5045,27,0.7754823029014127,0.03970880211780278,0.6896551724137931,0.2233682266009852,0.7766317733990148
YNL261W,-1,3.1418480437662293,60,1452,5044,27,0.775330396475771,0.03968253968253968,0.6896551724137931,0.22352216748768472,0.7764778325123153
YHR075C,-1,3.1379223586596185,60,1453,5043,27,0.7751784900501291,0.03965631196298744,0.6896551724137931,0.22367610837438423,0.7763238916256158
YIL129C,-1,3.134739889062483,60,1454,5042,27,0.7750265836244873,0.03963011889035667,0.6896551724137931,0.22383004926108374,0.7761699507389163
YCR066W,-1,3.132219698066876,60,1455,5041,27,0.7748746771988455,0.039603960396039604,0.6896551724137931,0.22398399014778325,0.7760160098522167
YIL153W,-1,3.123399643925173,60,1456,5040,27,0.7747227707732037,0.0395778364116095,0.6896551724137931,0.22413793103448276,0.7758620689655172
YNL066W,-1,3.1191346493143266,60,1457,5039,27,0.774570864347562,0.03955174686882004,0.6896551724137931,0.22429187192118227,0.7757081280788177
YJR135C,-1,3.1157016962935926,60,1458,5038,27,0.7744189579219201,0.039525691699604744,0.6896551724137931,0.22444581280788178,0.7755541871921182
YKL104C,-1,3.1093920434881004,60,1459,5037,27,0.7742670514962783,0.03949967083607637,0.6896551724137931,0.2245997536945813,0.7754002463054187
YDR302W,-1,3.108383023842807,60,1460,5036,27,0.7741151450706365,0.039473684210526314,0.6896551724137931,0.22475369458128078,0.7752463054187192
YLR201C,-1,3.106975313963262,60,1461,5035,27,0.7739632386449947,0.03944773175542406,0.6896551724137931,0.2249076354679803,0.7750923645320197
YDL076C,-1,3.10599488928048,60,1462,5034,27,0.7738113322193528,0.03942181340341656,0.6896551724137931,0.2250615763546798,0.7749384236453202
YEL057C,0,3.104570979564935,60,1462,5034,27,0.7738113322193528,0.03942181340341656,0.6896551724137931,0.2250615763546798,0.7749384236453202
YLR342W,-1,3.1038935725241785,60,1463,5033,27,0.773659425793711,0.03939592908732764,0.6896551724137931,0.2252155172413793,0.7747844827586207
YBL103C,-1,3.0968867593497373,60,1464,5032,27,0.7735075193680693,0.03937007874015748,0.6896551724137931,0.22536945812807882,0.7746305418719212
YCR052W,-1,3.0913186373997994,60,1465,5031,27,0.7733556129424275,0.03934426229508197,0.6896551724137931,0.22552339901477833,0.7744766009852216
YBR228W,-1,3.0893110983542424,60,1466,5030,27,0.7732037065167856,0.039318479685452164,0.6896551724137931,0.22567733990147784,0.7743226600985221
YJL039C,-1,3.087080157555824,60,1467,5029,27,0.7730518000911438,0.03929273084479371,0.6896551724137931,0.22583128078817735,0.7741687192118226
YGR074W,-1,3.0854089249453165,60,1468,5028,27,0.772899893665502,0.03926701570680628,0.6896551724137931,0.22598522167487683,0.7740147783251231
YGL012W,-1,3.083363767333169,60,1469,5027,27,0.7727479872398603,0.03924133420536298,0.6896551724137931,0.22613916256157635,0.7738608374384236
YDR018C,-1,3.0766715084637815,60,1470,5026,27,0.7725960808142185,0.0392156862745098,0.6896551724137931,0.22629310344827586,0.7737068965517241
YOR306C,-1,3.0762731477966585,60,1471,5025,27,0.7724441743885766,0.039190071848465055,0.6896551724137931,0.22644704433497537,0.7735529556650246
YFR013W,-1,3.0742171290592837,60,1472,5024,27,0.7722922679629348,0.0391644908616188,0.6896551724137931,0.22660098522167488,0.7733990147783252
YOL127W,-1,3.071596164500219,60,1473,5023,27,0.772140361537293,0.03913894324853229,0.6896551724137931,0.2267549261083744,0.7732450738916257
YCR037C,-1,3.0677833284976157,60,1474,5022,27,0.7719884551116513,0.03911342894393742,0.6896551724137931,0.2269088669950739,0.7730911330049262
YGL030W,-1,3.0612172726613824,60,1475,5021,27,0.7718365486860094,0.03908794788273615,0.6896551724137931,0.2270628078817734,0.7729371921182266
YOR067C,-1,3.0610714617690467,60,1476,5020,27,0.7716846422603676,0.0390625,0.6896551724137931,0.2272167487684729,0.7727832512315271
YOR165W,-1,3.0592065630787983,60,1477,5019,27,0.7715327358347258,0.03903708523096942,0.6896551724137931,0.2273706896551724,0.7726293103448276
YPL051W,-1,3.058323676767058,60,1478,5018,27,0.771380829409084,0.03901170351105332,0.6896551724137931,0.22752463054187191,0.7724753694581281
YEL044W,-1,3.0542991018929615,60,1479,5017,27,0.7712289229834421,0.03898635477582846,0.6896551724137931,0.22767857142857142,0.7723214285714286
YDR511W,-1,3.053517773070548,60,1480,5016,27,0.7710770165578004,0.03896103896103896,0.6896551724137931,0.22783251231527094,0.7721674876847291
YNL209W,-1,3.0505979053080403,60,1481,5015,27,0.7709251101321586,0.03893575600259572,0.6896551724137931,0.22798645320197045,0.7720135467980296
YOR213C,-1,3.0489873244222805,60,1482,5014,27,0.7707732037065168,0.038910505836575876,0.6896551724137931,0.22814039408866996,0.7718596059113301
YGR256W,-1,3.035735954670059,60,1483,5013,27,0.770621297280875,0.03888528839922229,0.6896551724137931,0.22829433497536947,0.7717056650246306
YKR009C,-1,3.025624652074277,60,1484,5012,27,0.7704693908552331,0.038860103626943004,0.6896551724137931,0.22844827586206898,0.771551724137931
YGR140W,-1,3.024003329611626,60,1485,5011,27,0.7703174844295914,0.038834951456310676,0.6896551724137931,0.22860221674876846,0.7713977832512315
YLR100W,-1,3.0238248193177606,60,1486,5010,27,0.7701655780039496,0.03880983182406209,0.6896551724137931,0.22875615763546797,0.771243842364532
YBL069W,-1,3.0235822816043205,60,1487,5009,27,0.7700136715783078,0.03878474466709761,0.6896551724137931,0.22891009852216748,0.7710899014778325
YOR326W,-1,3.016899775383122,60,1488,5008,27,0.7698617651526659,0.03875968992248062,0.6896551724137931,0.229064039408867,0.770935960591133
YEL037C,-1,3.0149439206048405,60,1489,5007,27,0.7697098587270241,0.03873466752743705,0.6896551724137931,0.2292179802955665,0.7707820197044335
YMR156C,-1,3.014919019126682,60,1490,5006,27,0.7695579523013824,0.03870967741935484,0.6896551724137931,0.22937192118226601,0.770628078817734
YAL011W,-1,3.0107040091908868,60,1491,5005,27,0.7694060458757406,0.03868471953578337,0.6896551724137931,0.22952586206896552,0.7704741379310345
YDL235C,-1,3.007331844622795,60,1492,5004,27,0.7692541394500987,0.03865979381443299,0.6896551724137931,0.22967980295566504,0.770320197044335
YDR460W,-1,3.0060530238983896,60,1493,5003,27,0.7691022330244569,0.038634900193174504,0.6896551724137931,0.22983374384236452,0.7701662561576355
YOR080W,-1,3.0046743640677183,60,1494,5002,27,0.7689503265988151,0.03861003861003861,0.6896551724137931,0.22998768472906403,0.7700123152709359
YDR140W,1,3.003661678898218,61,1494,5002,26,0.7691022330244569,0.03922829581993569,0.7011494252873564,0.22998768472906403,0.7700123152709359
YHR129C,-1,3.0004781606406135,61,1495,5001,26,0.7689503265988151,0.03920308483290488,0.7011494252873564,0.23014162561576354,0.7698583743842364
YOL054W,-1,2.9991517619290904,61,1496,5000,26,0.7687984201731733,0.03917790622992935,0.7011494252873564,0.23029556650246305,0.7697044334975369
YER020W,-1,2.9991331861585477,61,1497,4999,26,0.7686465137475316,0.03915275994865212,0.7011494252873564,0.23044950738916256,0.7695504926108374
YOR094W,-1,2.99806892528864,61,1498,4998,26,0.7684946073218897,0.0391276459268762,0.7011494252873564,0.23060344827586207,0.7693965517241379
tE(UUC)K,-1,2.9947689485708073,61,1499,4997,26,0.7683427008962479,0.0391025641025641,0.7011494252873564,0.23075738916256158,0.7692426108374384
YGL139W,-1,2.9946736604061477,61,1500,4996,26,0.7681907944706061,0.039077514413837285,0.7011494252873564,0.2309113300492611,0.7690886699507389
YJR051W,-1,2.994023443402848,61,1501,4995,26,0.7680388880449643,0.03905249679897567,0.7011494252873564,0.2310652709359606,0.7689347290640394
YGL021W,-1,2.9925668785344532,61,1502,4994,26,0.7678869816193225,0.03902751119641715,0.7011494252873564,0.2312192118226601,0.7687807881773399
YDR272W,-1,2.9916692523582444,61,1503,4993,26,0.7677350751936807,0.03900255754475703,0.7011494252873564,0.2313731527093596,0.7686268472906403
YNL231C,-1,2.9915677490203105,61,1504,4992,26,0.7675831687680389,0.038977635782747606,0.7011494252873564,0.2315270935960591,0.7684729064039408
YDR315C,-1,2.9885275919936127,61,1505,4991,26,0.7674312623423971,0.038952745849297574,0.7011494252873564,0.23168103448275862,0.7683189655172413
YIL111W,-1,2.9876904336517573,61,1506,4990,26,0.7672793559167552,0.0389278876834716,0.7011494252873564,0.23183497536945813,0.7681650246305419
YDL013W,-1,2.9845086490525436,61,1507,4989,26,0.7671274494911134,0.0389030612244898,0.7011494252873564,0.23198891625615764,0.7680110837438424
YBL037W,-1,2.9805025232425693,61,1508,4988,26,0.7669755430654717,0.038878266411727216,0.7011494252873564,0.23214285714285715,0.7678571428571429
YGL045W,-1,2.9799222941821015,61,1509,4987,26,0.7668236366398299,0.038853503184713374,0.7011494252873564,0.23229679802955666,0.7677032019704434
YML023C,-1,2.968496157098828,61,1510,4986,26,0.7666717302141881,0.03882877148313176,0.7011494252873564,0.23245073891625614,0.7675492610837439
YBR256C,-1,2.9666293337223686,61,1511,4985,26,0.7665198237885462,0.03880407124681934,0.7011494252873564,0.23260467980295566,0.7673953201970444
YLL019C,-1,2.9650893200998243,61,1512,4984,26,0.7663679173629044,0.03877940241576605,0.7011494252873564,0.23275862068965517,0.7672413793103449
YGR044C,-1,2.964486445591729,61,1513,4983,26,0.7662160109372627,0.03875476493011436,0.7011494252873564,0.23291256157635468,0.7670874384236454
YMR119W,-1,2.964449332165732,61,1514,4982,26,0.7660641045116209,0.03873015873015873,0.7011494252873564,0.2330665024630542,0.7669334975369458
YHR008C,-1,2.959043547047127,61,1515,4981,26,0.765912198085979,0.038705583756345176,0.7011494252873564,0.2332204433497537,0.7667795566502463
YGR275W,-1,2.958486866865873,61,1516,4980,26,0.7657602916603372,0.03868103994927077,0.7011494252873564,0.2333743842364532,0.7666256157635468
YKL180W,-1,2.9584608042647575,61,1517,4979,26,0.7656083852346954,0.038656527249683145,0.7011494252873564,0.23352832512315272,0.7664716748768473
YDL192W,-1,2.956075556658602,61,1518,4978,26,0.7654564788090537,0.038632045598480054,0.7011494252873564,0.23368226600985223,0.7663177339901478
YLL056C,-1,2.9547804282876773,61,1519,4977,26,0.7653045723834118,0.03860759493670886,0.7011494252873564,0.2338362068965517,0.7661637931034483
YCR079W,-1,2.952941168741884,61,1520,4976,26,0.76515266595777,0.038583175205566096,0.7011494252873564,0.23399014778325122,0.7660098522167488
YHR194W,-1,2.9508424571835854,61,1521,4975,26,0.7650007595321282,0.038558786346396964,0.7011494252873564,0.23414408866995073,0.7658559113300493
YPL178W,-1,2.94987473533512,61,1522,4974,26,0.7648488531064864,0.03853442830069488,0.7011494252873564,0.23429802955665024,0.7657019704433498
YLR424W,-1,2.9424640277801477,61,1523,4973,26,0.7646969466808446,0.03851010101010101,0.7011494252873564,0.23445197044334976,0.7655480295566502
YLR393W,-1,2.9407030102301577,61,1524,4972,26,0.7645450402552028,0.038485804416403785,0.7011494252873564,0.23460591133004927,0.7653940886699507
YPR078C,0,2.9362252312368207,61,1524,4972,26,0.7645450402552028,0.038485804416403785,0.7011494252873564,0.23460591133004927,0.7653940886699507
YGL094C,-1,2.9355961769526924,61,1525,4971,26,0.764393133829561,0.038461538461538464,0.7011494252873564,0.23475985221674878,0.7652401477832512
YDR376W,-1,2.933106786346549,61,1526,4970,26,0.7642412274039192,0.03843730308758664,0.7011494252873564,0.2349137931034483,0.7650862068965517
YDR452W,-1,2.9320213681346736,61,1527,4969,26,0.7640893209782774,0.03841309823677582,0.7011494252873564,0.23506773399014777,0.7649322660098522
YBR070C,-1,2.9273291413168963,61,1528,4968,26,0.7639374145526355,0.03838892385147892,0.7011494252873564,0.23522167487684728,0.7647783251231527
YGL121C,-1,2.9272273602475356,61,1529,4967,26,0.7637855081269938,0.038364779874213835,0.7011494252873564,0.2353756157635468,0.7646243842364532
YOR176W,-1,2.927079323592055,61,1530,4966,26,0.763633601701352,0.03834066624764299,0.7011494252873564,0.2355295566502463,0.7644704433497537
tA(UGC)O,-1,2.919354545106879,61,1531,4965,26,0.7634816952757102,0.038316582914572864,0.7011494252873564,0.2356834975369458,0.7643165024630542
YGL203C,-1,2.917490909255628,61,1532,4964,26,0.7633297888500683,0.038292529817953544,0.7011494252873564,0.23583743842364532,0.7641625615763546
YOL068C,-1,2.915472930665408,61,1533,4963,26,0.7631778824244265,0.038268506900878296,0.7011494252873564,0.23599137931034483,0.7640086206896551
YKL049C,-1,2.9149363301882323,61,1534,4962,26,0.7630259759987847,0.03824451410658307,0.7011494252873564,0.23614532019704434,0.7638546798029556
YLR166C,-1,2.9113484403773318,61,1535,4961,26,0.762874069573143,0.03822055137844611,0.7011494252873564,0.23629926108374386,0.7637007389162561
YKL192C,-1,2.910004622935765,61,1536,4960,26,0.7627221631475012,0.038196618659987476,0.7011494252873564,0.23645320197044334,0.7635467980295566
YOL027C,-1,2.9045274246266093,61,1537,4959,26,0.7625702567218593,0.038172715894868585,0.7011494252873564,0.23660714285714285,0.7633928571428571
YGL184C,-1,2.900732835742688,61,1538,4958,26,0.7624183502962175,0.03814884302689181,0.7011494252873564,0.23676108374384236,0.7632389162561576
snR32,-1,2.8995607855226293,61,1539,4957,26,0.7622664438705757,0.038125,0.7011494252873564,0.23691502463054187,0.7630849753694581
YKL139W,-1,2.897428531292779,61,1540,4956,26,0.762114537444934,0.038101186758276076,0.7011494252873564,0.23706896551724138,0.7629310344827587
YFR044C,-1,2.8970669951048786,61,1541,4955,26,0.7619626310192921,0.038077403245942575,0.7011494252873564,0.2372229064039409,0.7627770935960592
YGR186W,-1,2.8963469754876776,61,1542,4954,26,0.7618107245936503,0.038053649407361195,0.7011494252873564,0.2373768472906404,0.7626231527093597
YHR154W,-1,2.8898649150737046,61,1543,4953,26,0.7616588181680085,0.038029925187032416,0.7011494252873564,0.2375307881773399,0.7624692118226601
YGL241W,-1,2.889451517717953,61,1544,4952,26,0.7615069117423667,0.038006230529595016,0.7011494252873564,0.2376847290640394,0.7623152709359606
YHR096C,-1,2.885565030828067,61,1545,4951,26,0.7613550053167248,0.03798256537982565,0.7011494252873564,0.2378386699507389,0.7621613300492611
YOL052C,-1,2.885026853988,61,1546,4950,26,0.7612030988910831,0.037958929682638455,0.7011494252873564,0.23799261083743842,0.7620073891625616
YGR239C,-1,2.879989957635171,61,1547,4949,26,0.7610511924654413,0.03793532338308458,0.7011494252873564,0.23814655172413793,0.7618534482758621
YGR111W,0,2.8788611955532586,61,1547,4949,26,0.7610511924654413,0.03793532338308458,0.7011494252873564,0.23814655172413793,0.7618534482758621
YLR034C,-1,2.8785646801129747,61,1548,4948,26,0.7608992860397995,0.03791174642635177,0.7011494252873564,0.23830049261083744,0.7616995073891626
YHL035C,-1,2.8753085704804353,61,1549,4947,26,0.7607473796141577,0.037888198757763975,0.7011494252873564,0.23845443349753695,0.7615455665024631
YBR115C,-1,2.8738085095924255,61,1550,4946,26,0.7605954731885158,0.03786468032278088,0.7011494252873564,0.23860837438423646,0.7613916256157636
YDL030W,-1,2.8695501677028683,61,1551,4945,26,0.7604435667628741,0.03784119106699752,0.7011494252873564,0.23876231527093597,0.7612376847290641
YPR009W,-1,2.868021946311757,61,1552,4944,26,0.7602916603372323,0.03781773093614383,0.7011494252873564,0.23891625615763548,0.7610837438423645
YLR092W,-1,2.8601412439067886,61,1553,4943,26,0.7601397539115905,0.037794299876084264,0.7011494252873564,0.23907019704433496,0.760929802955665
YGL013C,-1,2.858949694269017,61,1554,4942,26,0.7599878474859486,0.03777089783281734,0.7011494252873564,0.23922413793103448,0.7607758620689655
YML104C,-1,2.8559886515546067,61,1555,4941,26,0.7598359410603068,0.037747524752475246,0.7011494252873564,0.23937807881773399,0.760621921182266
YMR226C,-1,2.8536936724580717,61,1556,4940,26,0.759684034634665,0.03772418058132344,0.7011494252873564,0.2395320197044335,0.7604679802955665
YKL218C,-1,2.853341558573815,61,1557,4939,26,0.7595321282090233,0.0377008652657602,0.7011494252873564,0.239685960591133,0.760314039408867
YDR422C,-1,2.846825622257925,61,1558,4938,26,0.7593802217833814,0.03767757875231625,0.7011494252873564,0.23983990147783252,0.7601600985221675
YDR293C,-1,2.8467749592229206,61,1559,4937,26,0.7592283153577396,0.037654320987654324,0.7011494252873564,0.23999384236453203,0.760006157635468
YKL024C,-1,2.8457897584713248,61,1560,4936,26,0.7590764089320978,0.03763109191856878,0.7011494252873564,0.24014778325123154,0.7598522167487685
YFL028C,-1,2.842971536153927,61,1561,4935,26,0.758924502506456,0.0376078914919852,0.7011494252873564,0.24030172413793102,0.759698275862069
YLR010C,-1,2.8418030258359344,61,1562,4934,26,0.7587725960808143,0.03758471965495995,0.7011494252873564,0.24045566502463053,0.7595443349753694
YML004C,-1,2.8411706031540565,61,1563,4933,26,0.7586206896551724,0.037561576354679806,0.7011494252873564,0.24060960591133004,0.7593903940886699
YGR166W,-1,2.8410304130507096,61,1564,4932,26,0.7584687832295306,0.03753846153846154,0.7011494252873564,0.24076354679802955,0.7592364532019704
YJL002C,-1,2.838040781067877,61,1565,4931,26,0.7583168768038888,0.037515375153751536,0.7011494252873564,0.24091748768472906,0.7590825123152709
YLR459W,-1,2.8365072809256935,61,1566,4930,26,0.758164970378247,0.037492317148125384,0.7011494252873564,0.24107142857142858,0.7589285714285714
YOR305W,0,2.8360475976488346,61,1566,4930,26,0.758164970378247,0.037492317148125384,0.7011494252873564,0.24107142857142858,0.7589285714285714
YLR367W,-1,2.833348655761664,61,1567,4929,26,0.7580130639526051,0.03746928746928747,0.7011494252873564,0.24122536945812809,0.7587746305418719
YOR371C,-1,2.831842756101497,61,1568,4928,26,0.7578611575269634,0.0374462860650706,0.7011494252873564,0.2413793103448276,0.7586206896551724
YMR104C,-1,2.8266404013325146,61,1569,4927,26,0.7577092511013216,0.03742331288343558,0.7011494252873564,0.2415332512315271,0.7584667487684729
YMR006C,-1,2.825097400166005,61,1570,4926,26,0.7575573446756798,0.03740036787247088,0.7011494252873564,0.2416871921182266,0.7583128078817734
YLR170C,-1,2.821229096723504,61,1571,4925,26,0.7574054382500379,0.037377450980392156,0.7011494252873564,0.2418411330049261,0.7581588669950738
YLR316C,-1,2.8211177479239105,61,1572,4924,26,0.7572535318243961,0.03735456215554195,0.7011494252873564,0.2419950738916256,0.7580049261083743
YPR104C,-1,2.8197739393804366,61,1573,4923,26,0.7571016253987544,0.03733170134638923,0.7011494252873564,0.24214901477832512,0.7578509852216748
YNL262W,-1,2.8186350265618407,61,1574,4922,26,0.7569497189731126,0.03730886850152905,0.7011494252873564,0.24230295566502463,0.7576970443349754
YBR080C,-1,2.8133853895151777,61,1575,4921,26,0.7567978125474708,0.03728606356968215,0.7011494252873564,0.24245689655172414,0.7575431034482759
YLR086W,-1,2.8076520141364387,61,1576,4920,26,0.7566459061218289,0.03726328649969456,0.7011494252873564,0.24261083743842365,0.7573891625615764
YBL026W,-1,2.806572891913795,61,1577,4919,26,0.7564939996961871,0.03724053724053724,0.7011494252873564,0.24276477832512317,0.7572352216748769
YMR075W,-1,2.786569013037976,61,1578,4918,26,0.7563420932705454,0.03721781574130567,0.7011494252873564,0.24291871921182265,0.7570812807881774
YLR142W,-1,2.7804721376787165,61,1579,4917,26,0.7561901868449036,0.03719512195121951,0.7011494252873564,0.24307266009852216,0.7569273399014779
YER112W,-1,2.776418043384821,61,1580,4916,26,0.7560382804192617,0.03717245581962218,0.7011494252873564,0.24322660098522167,0.7567733990147784
YIL047C,-1,2.7751013281522185,61,1581,4915,26,0.7558863739936199,0.03714981729598051,0.7011494252873564,0.24338054187192118,0.7566194581280788
YOR343W-B,-1,2.77268688326164,61,1582,4914,26,0.7557344675679781,0.03712720632988436,0.7011494252873564,0.2435344827586207,0.7564655172413793
YLR130C,-1,2.7679647230058153,61,1583,4913,26,0.7555825611423364,0.03710462287104623,0.7011494252873564,0.2436884236453202,0.7563115763546798
YOR196C,-1,2.7656877681059266,61,1584,4912,26,0.7554306547166945,0.03708206686930091,0.7011494252873564,0.2438423645320197,0.7561576354679803
YGR276C,-1,2.763754602757045,61,1585,4911,26,0.7552787482910527,0.037059538274605106,0.7011494252873564,0.24399630541871922,0.7560036945812808
YDR235W,-1,2.761429070297535,61,1586,4910,26,0.7551268418654109,0.037037037037037035,0.7011494252873564,0.2441502463054187,0.7558497536945813
YOR155C,-1,2.757791593628171,61,1587,4909,26,0.7549749354397691,0.037014563106796114,0.7011494252873564,0.24430418719211822,0.7556958128078818
YDR382W,-1,2.7569292147406697,61,1588,4908,26,0.7548230290141273,0.03699211643420255,0.7011494252873564,0.24445812807881773,0.7555418719211823
YBL023C,-1,2.7525151167226714,61,1589,4907,26,0.7546711225884855,0.03696969696969697,0.7011494252873564,0.24461206896551724,0.7553879310344828
YGR161W-B,-1,2.742853173897763,61,1590,4906,26,0.7545192161628437,0.036947304663840094,0.7011494252873564,0.24476600985221675,0.7552339901477833
YLR191W,-1,2.7396956855036994,61,1591,4905,26,0.7543673097372019,0.036924939467312345,0.7011494252873564,0.24491995073891626,0.7550800492610837
YHR166C,-1,2.739567054342907,61,1592,4904,26,0.7542154033115601,0.03690260133091349,0.7011494252873564,0.24507389162561577,0.7549261083743842
YDR163W,-1,2.738330972350039,61,1593,4903,26,0.7540634968859182,0.03688029020556227,0.7011494252873564,0.24522783251231528,0.7547721674876847
YDR421W,-1,2.7382731717006283,61,1594,4902,26,0.7539115904602764,0.036858006042296075,0.7011494252873564,0.2453817733990148,0.7546182266009852
YDR295C,-1,2.737090539968908,61,1595,4901,26,0.7537596840346347,0.03683574879227053,0.7011494252873564,0.24553571428571427,0.7544642857142857
YPR030W,-1,2.7342751273013444,61,1596,4900,26,0.7536077776089929,0.036813518406759206,0.7011494252873564,0.24568965517241378,0.7543103448275862
YBR272C,-1,2.7342415363708947,61,1597,4899,26,0.753455871183351,0.0367913148371532,0.7011494252873564,0.2458435960591133,0.7541564039408867
YGR072W,-1,2.7312238872367325,61,1598,4898,26,0.7533039647577092,0.03676913803496082,0.7011494252873564,0.2459975369458128,0.7540024630541872
YOR040W,-1,2.7287884234132513,61,1599,4897,26,0.7531520583320674,0.03674698795180723,0.7011494252873564,0.24615147783251232,0.7538485221674877
YDL132W,-1,2.728606552813024,61,1600,4896,26,0.7530001519064257,0.03672486453943408,0.7011494252873564,0.24630541871921183,0.7536945812807881
YOR037W,-1,2.7274835001267856,61,1601,4895,26,0.7528482454807839,0.036702767749699154,0.7011494252873564,0.24645935960591134,0.7535406403940886
YER008C,-1,2.7266667083479703,61,1602,4894,26,0.752696339055142,0.03668069753457607,0.7011494252873564,0.24661330049261085,0.7533866995073891
YHR031C,-1,2.7261425174550062,61,1603,4893,26,0.7525444326295002,0.03665865384615385,0.7011494252873564,0.24676724137931033,0.7532327586206896
YGR238C,-1,2.7234635553466946,61,1604,4892,26,0.7523925262038584,0.03663663663663664,0.7011494252873564,0.24692118226600984,0.7530788177339901
YJL121C,-1,2.7098611020368564,61,1605,4891,26,0.7522406197782167,0.036614645858343335,0.7011494252873564,0.24707512315270935,0.7529248768472906
YPL149W,-1,2.7081175858836444,61,1606,4890,26,0.7520887133525748,0.03659268146370726,0.7011494252873564,0.24722906403940886,0.7527709359605911
YJR047C,-1,2.7076252475652387,61,1607,4889,26,0.751936806926933,0.03657074340527578,0.7011494252873564,0.24738300492610837,0.7526169950738916
YOR370C,-1,2.705977209728738,61,1608,4888,26,0.7517849005012912,0.03654883163571001,0.7011494252873564,0.24753694581280788,0.7524630541871922
YMR297W,-1,2.7049580981396577,61,1609,4887,26,0.7516329940756494,0.03652694610778443,0.7011494252873564,0.2476908866995074,0.7523091133004927
YBR274W,-1,2.6983855634677627,61,1610,4886,26,0.7514810876500075,0.036505086774386596,0.7011494252873564,0.2478448275862069,0.7521551724137931
YDR156W,-1,2.6930907748331774,61,1611,4885,26,0.7513291812243658,0.03648325358851675,0.7011494252873564,0.24799876847290642,0.7520012315270936
YGL051W,-1,2.692508965877436,61,1612,4884,26,0.751177274798724,0.03646144650328751,0.7011494252873564,0.2481527093596059,0.7518472906403941
YNL085W,-1,2.6919369266645976,61,1613,4883,26,0.7510253683730822,0.03643966547192354,0.7011494252873564,0.2483066502463054,0.7516933497536946
YJL137C,-1,2.6917703799353325,61,1614,4882,26,0.7508734619474404,0.036417910447761194,0.7011494252873564,0.24846059113300492,0.7515394088669951
YKR091W,-1,2.6881564412904266,61,1615,4881,26,0.7507215555217985,0.03639618138424821,0.7011494252873564,0.24861453201970443,0.7513854679802956
YJL203W,-1,2.6830563393700277,61,1616,4880,26,0.7505696490961568,0.03637447823494335,0.7011494252873564,0.24876847290640394,0.7512315270935961
YHR186C,-1,2.677324113661123,61,1617,4879,26,0.750417742670515,0.03635280095351609,0.7011494252873564,0.24892241379310345,0.7510775862068966
YLL017W,-1,2.669959610441683,61,1618,4878,26,0.7502658362448732,0.03633114949374628,0.7011494252873564,0.24907635467980296,0.7509236453201971
YHR185C,-1,2.6651011165432092,61,1619,4877,26,0.7501139298192313,0.03630952380952381,0.7011494252873564,0.24923029556650247,0.7507697044334976
YDL147W,-1,2.6637815933228506,61,1620,4876,26,0.7499620233935895,0.0362879238548483,0.7011494252873564,0.24938423645320196,0.750615763546798
YNL133C,-1,2.663080421568412,61,1621,4875,26,0.7498101169679477,0.03626634958382877,0.7011494252873564,0.24953817733990147,0.7504618226600985
YLR219W,-1,2.6620322249796446,61,1622,4874,26,0.749658210542306,0.036244800950683304,0.7011494252873564,0.24969211822660098,0.750307881773399
YOL062C,-1,2.661476985011977,61,1623,4873,26,0.7495063041166642,0.03622327790973872,0.7011494252873564,0.2498460591133005,0.7501539408866995
YOL049W,-1,2.6599935637815895,61,1624,4872,26,0.7493543976910223,0.03620178041543027,0.7011494252873564,0.25,0.75
YKL184W,-1,2.654759058522078,61,1625,4871,26,0.7492024912653805,0.036180308422301306,0.7011494252873564,0.2501539408866995,0.7498460591133005
YDR477W,-1,2.648707832956111,61,1626,4870,26,0.7490505848397387,0.03615886188500297,0.7011494252873564,0.250307881773399,0.749692118226601
YDR488C,-1,2.6486705722655994,61,1627,4869,26,0.748898678414097,0.03613744075829384,0.7011494252873564,0.25046182266009853,0.7495381773399015
YKR100C,-1,2.6470316818484227,61,1628,4868,26,0.7487467719884551,0.036116044997039666,0.7011494252873564,0.25061576354679804,0.749384236453202
YMR292W,-1,2.645367314719884,61,1629,4867,26,0.7485948655628133,0.03609467455621302,0.7011494252873564,0.25076970443349755,0.7492302955665024
YLR272C,-1,2.644100306777336,61,1630,4866,26,0.7484429591371715,0.036073329390892965,0.7011494252873564,0.25092364532019706,0.7490763546798029
YDL024C,-1,2.641143236029475,61,1631,4865,26,0.7482910527115297,0.03605200945626478,0.7011494252873564,0.2510775862068966,0.7489224137931034
YOL102C,-1,2.6378280398251976,61,1632,4864,26,0.7481391462858878,0.03603071470761961,0.7011494252873564,0.2512315270935961,0.7487684729064039
YDR264C,-1,2.636963373230559,61,1633,4863,26,0.7479872398602461,0.03600944510035419,0.7011494252873564,0.25138546798029554,0.7486145320197044
YFL014W,-1,2.6358033169796515,61,1634,4862,26,0.7478353334346043,0.0359882005899705,0.7011494252873564,0.25153940886699505,0.7484605911330049
YJL110C,-1,2.633881149499584,61,1635,4861,26,0.7476834270089625,0.03596698113207547,0.7011494252873564,0.25169334975369456,0.7483066502463054
YLR250W,-1,2.6336325054739804,61,1636,4860,26,0.7475315205833207,0.03594578668238067,0.7011494252873564,0.2518472906403941,0.7481527093596059
YLR194C,-1,2.6293070401257856,61,1637,4859,26,0.7473796141576788,0.035924617196702,0.7011494252873564,0.2520012315270936,0.7479987684729064
YPL180W,-1,2.622095369350211,61,1638,4858,26,0.7472277077320371,0.03590347263095939,0.7011494252873564,0.2521551724137931,0.7478448275862069
YDL240W,-1,2.620702591270924,61,1639,4857,26,0.7470758013063953,0.03588235294117647,0.7011494252873564,0.2523091133004926,0.7476908866995073
YKR093W,-1,2.618721742795216,61,1640,4856,26,0.7469238948807535,0.035861258083480306,0.7011494252873564,0.2524630541871921,0.7475369458128078
YPR125W,-1,2.6186232826681213,61,1641,4855,26,0.7467719884551116,0.035840188014101056,0.7011494252873564,0.2526169950738916,0.7473830049261084
YHR041C,-1,2.6165395978120563,61,1642,4854,26,0.7466200820294698,0.0358191426893717,0.7011494252873564,0.25277093596059114,0.7472290640394089
YKL166C,-1,2.616523112916851,61,1643,4853,26,0.746468175603828,0.0357981220657277,0.7011494252873564,0.25292487684729065,0.7470751231527094
YCR073C,-1,2.61473170435103,61,1644,4852,26,0.7463162691781863,0.03577712609970674,0.7011494252873564,0.25307881773399016,0.7469211822660099
YER046W,-1,2.6094432402666676,61,1645,4851,26,0.7461643627525444,0.03575615474794842,0.7011494252873564,0.25323275862068967,0.7467672413793104
YGR034W,-1,2.609072410778626,61,1646,4850,26,0.7460124563269026,0.035735207967193906,0.7011494252873564,0.2533866995073892,0.7466133004926109
YKL116C,-1,2.608802810248769,61,1647,4849,26,0.7458605499012608,0.03571428571428571,0.7011494252873564,0.2535406403940887,0.7464593596059114
YBR299W,-1,2.602702906161789,61,1648,4848,26,0.745708643475619,0.035693387946167346,0.7011494252873564,0.2536945812807882,0.7463054187192119
YCR105W,-1,2.602346825455921,61,1649,4847,26,0.7455567370499773,0.03567251461988304,0.7011494252873564,0.2538485221674877,0.7461514778325123
YNL283C,-1,2.5987613142891846,61,1650,4846,26,0.7454048306243354,0.03565166569257744,0.7011494252873564,0.25400246305418717,0.7459975369458128
YLR248W,-1,2.596662817816334,61,1651,4845,26,0.7452529241986936,0.035630841121495324,0.7011494252873564,0.2541564039408867,0.7458435960591133
YER003C,-1,2.5895698660902697,61,1652,4844,26,0.7451010177730518,0.03561004086398132,0.7011494252873564,0.2543103448275862,0.7456896551724138
YML075C,-1,2.588292549836258,61,1653,4843,26,0.74494911134741,0.03558926487747958,0.7011494252873564,0.2544642857142857,0.7455357142857143
YCL052C,-1,2.587910860754315,61,1654,4842,26,0.7447972049217682,0.035568513119533525,0.7011494252873564,0.2546182266009852,0.7453817733990148
YKR106W,-1,2.586037868098956,61,1655,4841,26,0.7446452984961264,0.035547785547785545,0.7011494252873564,0.2547721674876847,0.7452278325123153
YDR197W,-1,2.5822112759238838,61,1656,4840,26,0.7444933920704846,0.035527082119976704,0.7011494252873564,0.25492610837438423,0.7450738916256158
YOL140W,0,2.581893965416914,61,1656,4840,26,0.7444933920704846,0.035527082119976704,0.7011494252873564,0.25492610837438423,0.7450738916256158
YOL100W,-1,2.581610419431257,61,1657,4839,26,0.7443414856448428,0.03550640279394645,0.7011494252873564,0.25508004926108374,0.7449199507389163
YJR137C,-1,2.58145022048813,61,1658,4838,26,0.7441895792192009,0.035485747527632346,0.7011494252873564,0.25523399014778325,0.7447660098522167
YLR370C,-1,2.5780332470811285,61,1659,4837,26,0.7440376727935591,0.035465116279069765,0.7011494252873564,0.25538793103448276,0.7446120689655172
YLR388W,-1,2.577962135609496,61,1660,4836,26,0.7438857663679174,0.03544450900639163,0.7011494252873564,0.2555418719211823,0.7444581280788177
YNL238W,-1,2.5765180844609974,61,1661,4835,26,0.7437338599422756,0.03542392566782811,0.7011494252873564,0.2556958128078818,0.7443041871921182
YDR425W,-1,2.575319802817663,61,1662,4834,26,0.7435819535166338,0.035403366221706326,0.7011494252873564,0.2558497536945813,0.7441502463054187
YDL141W,-1,2.572952755369006,61,1663,4833,26,0.7434300470909919,0.03538283062645012,0.7011494252873564,0.2560036945812808,0.7439963054187192
YLR288C,-1,2.567339824231596,61,1664,4832,26,0.7432781406653501,0.03536231884057971,0.7011494252873564,0.2561576354679803,0.7438423645320197
YDR046C,-1,2.566759143502661,61,1665,4831,26,0.7431262342397084,0.03534183082271147,0.7011494252873564,0.2563115763546798,0.7436884236453202
YHR195W,0,2.5638531045277424,61,1665,4831,26,0.7431262342397084,0.03534183082271147,0.7011494252873564,0.2563115763546798,0.7436884236453202
YJR093C,-1,2.5594041165849535,61,1666,4830,26,0.7429743278140666,0.03532136653155762,0.7011494252873564,0.25646551724137934,0.7435344827586207
YMR183C,-1,2.5591828819723172,61,1667,4829,26,0.7428224213884247,0.03530092592592592,0.7011494252873564,0.2566194581280788,0.7433805418719212
YGL028C,-1,2.5551961499071005,61,1668,4828,26,0.7426705149627829,0.035280508964719494,0.7011494252873564,0.2567733990147783,0.7432266009852216
YLR313C,-1,2.5491348833558103,61,1669,4827,26,0.7425186085371411,0.03526011560693642,0.7011494252873564,0.2569273399014778,0.7430726600985221
YJR147W,-1,2.54862366722154,61,1670,4826,26,0.7423667021114994,0.035239745811669554,0.7011494252873564,0.2570812807881773,0.7429187192118226
YFR025C,-1,2.5469393710182113,61,1671,4825,26,0.7422147956858575,0.03521939953810624,0.7011494252873564,0.25723522167487683,0.7427647783251231
YER115C,-1,2.545569732594812,61,1672,4824,26,0.7420628892602157,0.03519907674552799,0.7011494252873564,0.25738916256157635,0.7426108374384236
YMR048W,-1,2.544254733246109,61,1673,4823,26,0.7419109828345739,0.03517877739331027,0.7011494252873564,0.25754310344827586,0.7424568965517241
YLL057C,-1,2.5431622880099987,61,1674,4822,26,0.7417590764089321,0.03515850144092219,0.7011494252873564,0.25769704433497537,0.7423029556650246
YJR019C,-1,2.5405005870161577,61,1675,4821,26,0.7416071699832903,0.03513824884792627,0.7011494252873564,0.2578509852216749,0.7421490147783252
YLR052W,-1,2.5401008233543467,61,1676,4820,26,0.7414552635576485,0.03511801957397812,0.7011494252873564,0.2580049261083744,0.7419950738916257
YIL107C,-1,2.538972061956739,61,1677,4819,26,0.7413033571320067,0.035097813578826235,0.7011494252873564,0.2581588669950739,0.7418411330049262
YPR145W,-1,2.537052212116949,61,1678,4818,26,0.7411514507063649,0.035077630822311676,0.7011494252873564,0.2583128078817734,0.7416871921182266
YGR198W,-1,2.537048148373748,61,1679,4817,26,0.7409995442807231,0.03505747126436782,0.7011494252873564,0.2584667487684729,0.7415332512315271
YGR020C,-1,2.537007552952383,61,1680,4816,26,0.7408476378550812,0.0350373348650201,0.7011494252873564,0.25862068965517243,0.7413793103448276
YMR152W,-1,2.536254328293847,61,1681,4815,26,0.7406957314294395,0.03501722158438576,0.7011494252873564,0.25877463054187194,0.7412253694581281
YGL154C,0,2.534631594657148,61,1681,4815,26,0.7406957314294395,0.03501722158438576,0.7011494252873564,0.25877463054187194,0.7412253694581281
tV(AAC)J,-1,2.5331645931975686,61,1682,4814,26,0.7405438250037977,0.03499713138267355,0.7011494252873564,0.25892857142857145,0.7410714285714286
YER120W,-1,2.5306692451477155,61,1683,4813,26,0.7403919185781559,0.034977064220183485,0.7011494252873564,0.25908251231527096,0.7409174876847291
YGL150C,-1,2.530435656425535,61,1684,4812,26,0.740240012152514,0.03495702005730659,0.7011494252873564,0.2592364532019704,0.7407635467980296
YER043C,-1,2.522159617873621,61,1685,4811,26,0.7400881057268722,0.03493699885452463,0.7011494252873564,0.25939039408866993,0.7406096059113301
YNL069C,-1,2.519454086579333,61,1686,4810,26,0.7399361993012304,0.034917000572409845,0.7011494252873564,0.25954433497536944,0.7404556650246306
YHR118C,-1,2.5167598128239628,61,1687,4809,26,0.7397842928755887,0.03489702517162471,0.7011494252873564,0.25969827586206895,0.740301724137931
YMR312W,-1,2.5141198068316304,61,1688,4808,26,0.7396323864499469,0.03487707261292167,0.7011494252873564,0.25985221674876846,0.7401477832512315
YHR058C,-1,2.512249505322369,61,1689,4807,26,0.739480480024305,0.03485714285714286,0.7011494252873564,0.26000615763546797,0.739993842364532
YER164W,-1,2.507831021485879,61,1690,4806,26,0.7393285735986632,0.034837235865219876,0.7011494252873564,0.2601600985221675,0.7398399014778325
YMR135C,-1,2.5073367367703527,61,1691,4805,26,0.7391766671730214,0.034817351598173514,0.7011494252873564,0.260314039408867,0.739685960591133
YIL003W,-1,2.506066745914205,61,1692,4804,26,0.7390247607473797,0.03479749001711352,0.7011494252873564,0.2604679802955665,0.7395320197044335
YMR051C,-1,2.505618879023906,61,1693,4803,26,0.7388728543217378,0.03477765108323831,0.7011494252873564,0.260621921182266,0.739378078817734
YIR018W,-1,2.5054993499982676,61,1694,4802,26,0.738720947896096,0.034757834757834755,0.7011494252873564,0.2607758620689655,0.7392241379310345
YJR042W,-1,2.504948522948177,61,1695,4801,26,0.7385690414704542,0.034738041002277904,0.7011494252873564,0.26092980295566504,0.739070197044335
YDR081C,-1,2.499454990668465,61,1696,4800,26,0.7384171350448124,0.03471826977803073,0.7011494252873564,0.26108374384236455,0.7389162561576355
YOL133W,-1,2.4989374934261828,61,1697,4799,26,0.7382652286191705,0.034698521046643914,0.7011494252873564,0.26123768472906406,0.7387623152709359
YAR015W,-1,2.496690824371758,61,1698,4798,26,0.7381133221935288,0.03467879476975554,0.7011494252873564,0.26139162561576357,0.7386083743842364
YLR340W,-1,2.477218257164897,61,1699,4797,26,0.737961415767887,0.03465909090909091,0.7011494252873564,0.2615455665024631,0.7384544334975369
YJL094C,-1,2.4747540359949536,61,1700,4796,26,0.7378095093422452,0.034639409426462237,0.7011494252873564,0.2616995073891626,0.7383004926108374
YEL063C,-1,2.474326405935716,61,1701,4795,26,0.7376576029166034,0.034619750283768444,0.7011494252873564,0.26185344827586204,0.7381465517241379
YBR095C,-1,2.4710896469596095,61,1702,4794,26,0.7375056964909615,0.03460011344299489,0.7011494252873564,0.26200738916256155,0.7379926108374384
YBL032W,-1,2.4686426255213845,61,1703,4793,26,0.7373537900653198,0.03458049886621315,0.7011494252873564,0.26216133004926107,0.7378386699507389
YER038C,-1,2.4646284478096443,61,1704,4792,26,0.737201883639678,0.03456090651558073,0.7011494252873564,0.2623152709359606,0.7376847290640394
YNR064C,0,2.461515590350531,61,1704,4792,26,0.737201883639678,0.03456090651558073,0.7011494252873564,0.2623152709359606,0.7376847290640394
YMR179W,-1,2.455935693911629,61,1705,4791,26,0.7370499772140362,0.03454133635334088,0.7011494252873564,0.2624692118226601,0.7375307881773399
YNL084C,-1,2.45384135142313,61,1706,4790,26,0.7368980707883943,0.0345217883418223,0.7011494252873564,0.2626231527093596,0.7373768472906403
YNL316C,-1,2.4527784739071388,61,1707,4789,26,0.7367461643627525,0.034502262443438916,0.7011494252873564,0.2627770935960591,0.7372229064039408
YPR192W,-1,2.448099080836748,61,1708,4788,26,0.7365942579371108,0.034482758620689655,0.7011494252873564,0.2629310344827586,0.7370689655172413
YOR303W,-1,2.4480578525465715,61,1709,4787,26,0.736442351511469,0.03446327683615819,0.7011494252873564,0.26308497536945813,0.7369150246305419
YPR002W,-1,2.448025335935706,61,1710,4786,26,0.7362904450858271,0.034443817052512704,0.7011494252873564,0.26323891625615764,0.7367610837438424
YLR070C,-1,2.4446084913424206,61,1711,4785,26,0.7361385386601853,0.034424379232505645,0.7011494252873564,0.26339285714285715,0.7366071428571429
YNL160W,-1,2.4445187795230554,61,1712,4784,26,0.7359866322345435,0.03440496333897349,0.7011494252873564,0.26354679802955666,0.7364532019704434
YDR265W,-1,2.4427810470106723,61,1713,4783,26,0.7358347258089017,0.034385569334836524,0.7011494252873564,0.26370073891625617,0.7362992610837439
YDR139C,-1,2.439953184389521,61,1714,4782,26,0.73568281938326,0.03436619718309859,0.7011494252873564,0.2638546798029557,0.7361453201970444
YGR154C,-1,2.436121274870275,61,1715,4781,26,0.7355309129576181,0.03434684684684685,0.7011494252873564,0.2640086206896552,0.7359913793103449
YBL101C,-1,2.435512050275882,61,1716,4780,26,0.7353790065319763,0.03432751828925155,0.7011494252873564,0.2641625615763547,0.7358374384236454
YMR133W,-1,2.4351494333894927,61,1717,4779,26,0.7352271001063345,0.0343082114735658,0.7011494252873564,0.2643165024630542,0.7356834975369458
YDR490C,-1,2.4274039993721437,61,1718,4778,26,0.7350751936806927,0.034288926363125354,0.7011494252873564,0.26447044334975367,0.7355295566502463
YLL048C,-1,2.4271355181157364,61,1719,4777,26,0.7349232872550508,0.034269662921348316,0.7011494252873564,0.2646243842364532,0.7353756157635468
YDR501W,-1,2.422252126774432,61,1720,4776,26,0.7347713808294091,0.03425042111173498,0.7011494252873564,0.2647783251231527,0.7352216748768473
YOR039W,-1,2.4170501997243172,61,1721,4775,26,0.7346194744037673,0.03423120089786756,0.7011494252873564,0.2649322660098522,0.7350677339901478
YMR055C,-1,2.412532784746814,61,1722,4774,26,0.7344675679781255,0.034212002243409985,0.7011494252873564,0.2650862068965517,0.7349137931034483
YDL149W,-1,2.411123650877275,61,1723,4773,26,0.7343156615524836,0.034192825112107625,0.7011494252873564,0.2652401477832512,0.7347598522167488
YBL097W,-1,2.409702528430741,61,1724,4772,26,0.7341637551268418,0.03417366946778711,0.7011494252873564,0.26539408866995073,0.7346059113300493
YOR244W,-1,2.4077288287162424,61,1725,4771,26,0.7340118487012001,0.0341545352743561,0.7011494252873564,0.26554802955665024,0.7344519704433498
YMR305C,-1,2.4044580020845387,61,1726,4770,26,0.7338599422755583,0.03413542249580302,0.7011494252873564,0.26570197044334976,0.7342980295566502
tE(CUC)D,-1,2.403900845785785,61,1727,4769,26,0.7337080358499165,0.03411633109619687,0.7011494252873564,0.26585591133004927,0.7341440886699507
YKR085C,-1,2.40126904652109,61,1728,4768,26,0.7335561294242746,0.03409726103968697,0.7011494252873564,0.2660098522167488,0.7339901477832512
YOL065C,-1,2.398316813731722,61,1729,4767,26,0.7334042229986328,0.03407821229050279,0.7011494252873564,0.2661637931034483,0.7338362068965517
YMR153W,-1,2.3952948116436747,61,1730,4766,26,0.7332523165729911,0.034059184812953655,0.7011494252873564,0.2663177339901478,0.7336822660098522
YIL050W,-1,2.3949837417060915,61,1731,4765,26,0.7331004101473493,0.03404017857142857,0.7011494252873564,0.2664716748768473,0.7335283251231527
YLR443W,-1,2.3930235263474247,61,1732,4764,26,0.7329485037217074,0.03402119353039598,0.7011494252873564,0.2666256157635468,0.7333743842364532
YDR335W,-1,2.392525308365785,61,1733,4763,26,0.7327965972960656,0.03400222965440357,0.7011494252873564,0.26677955665024633,0.7332204433497537
YCR044C,-1,2.389967490348832,61,1734,4762,26,0.7326446908704238,0.033983286908077996,0.7011494252873564,0.2669334975369458,0.7330665024630542
YDR368W,-1,2.381846612338236,61,1735,4761,26,0.732492784444782,0.03396436525612472,0.7011494252873564,0.2670874384236453,0.7329125615763546
YER180C,-1,2.3811418699512656,61,1736,4760,26,0.7323408780191402,0.03394546466332777,0.7011494252873564,0.2672413793103448,0.7327586206896551
YGR221C,-1,2.3791598007904686,61,1737,4759,26,0.7321889715934984,0.0339265850945495,0.7011494252873564,0.2673953201970443,0.7326046798029556
YLR305C,-1,2.3757145953690166,61,1738,4758,26,0.7320370651678566,0.0339077265147304,0.7011494252873564,0.26754926108374383,0.7324507389162561
YOL016C,-1,2.3751677274637677,61,1739,4757,26,0.7318851587422148,0.03388888888888889,0.7011494252873564,0.26770320197044334,0.7322967980295566
YJL155C,-1,2.3717806006636906,61,1740,4756,26,0.731733252316573,0.03387007218212104,0.7011494252873564,0.26785714285714285,0.7321428571428571
YKR058W,-1,2.3716084799234447,61,1741,4755,26,0.7315813458909312,0.033851276359600446,0.7011494252873564,0.26801108374384236,0.7319889162561576
YKR097W,-1,2.3622312956193023,61,1742,4754,26,0.7314294394652894,0.03383250138657792,0.7011494252873564,0.26816502463054187,0.7318349753694581
YGR055W,-1,2.36194502833757,61,1743,4753,26,0.7312775330396476,0.033813747228381374,0.7011494252873564,0.2683189655172414,0.7316810344827587
YPL200W,-1,2.3558825462585586,61,1744,4752,26,0.7311256266140058,0.033795013850415515,0.7011494252873564,0.2684729064039409,0.7315270935960592
YFR051C,-1,2.3555173972148937,61,1745,4751,26,0.7309737201883639,0.033776301218161685,0.7011494252873564,0.2686268472906404,0.7313731527093597
YJL068C,-1,2.3544797545170133,61,1746,4750,26,0.7308218137627222,0.033757609297177645,0.7011494252873564,0.2687807881773399,0.7312192118226601
YDR320C-A,-1,2.350860651727997,61,1747,4749,26,0.7306699073370804,0.03373893805309734,0.7011494252873564,0.2689347290640394,0.7310652709359606
YBR107C,-1,2.349079407974938,61,1748,4748,26,0.7305180009114386,0.033720287451630734,0.7011494252873564,0.26908866995073893,0.7309113300492611
YBR250W,-1,2.3484846133391173,61,1749,4747,26,0.7303660944857967,0.03370165745856354,0.7011494252873564,0.26924261083743845,0.7307573891625616
YNR013C,-1,2.3483854746981736,61,1750,4746,26,0.7302141880601549,0.03368304803975704,0.7011494252873564,0.26939655172413796,0.7306034482758621
YMR307W,-1,2.345460026978956,61,1751,4745,26,0.7300622816345131,0.0336644591611479,0.7011494252873564,0.2695504926108374,0.7304495073891626
YGL116W,-1,2.345174270883898,61,1752,4744,26,0.7299103752088714,0.03364589078874793,0.7011494252873564,0.2697044334975369,0.7302955665024631
YNL230C,-1,2.339406812370838,61,1753,4743,26,0.7297584687832296,0.03362734288864388,0.7011494252873564,0.26985837438423643,0.7301416256157636
YKL013C,-1,2.3252510119255696,61,1754,4742,26,0.7296065623575877,0.03360881542699724,0.7011494252873564,0.27001231527093594,0.7299876847290641
YDR164C,-1,2.3249982164475878,61,1755,4741,26,0.7294546559319459,0.03359030837004405,0.7011494252873564,0.27016625615763545,0.7298337438423645
YML062C,-1,2.3213115143252394,61,1756,4740,26,0.7293027495063041,0.033571821684094665,0.7011494252873564,0.27032019704433496,0.729679802955665
YJL035C,-1,2.321133118127761,61,1757,4739,26,0.7291508430806624,0.03355335533553355,0.7011494252873564,0.2704741379310345,0.7295258620689655
YGL151W,-1,2.31891408701803,61,1758,4738,26,0.7289989366550205,0.033534909290819134,0.7011494252873564,0.270628078817734,0.729371921182266
YDL175C,-1,2.3187680595638716,61,1759,4737,26,0.7288470302293787,0.033516483516483515,0.7011494252873564,0.2707820197044335,0.7292179802955665
YER005W,-1,2.31803713735402,61,1760,4736,26,0.7286951238037369,0.033498077979132346,0.7011494252873564,0.270935960591133,0.729064039408867
YIR021W,-1,2.3165036895029054,61,1761,4735,26,0.7285432173780951,0.033479692645444564,0.7011494252873564,0.2710899014778325,0.7289100985221675
YNL130C,-1,2.314926967447338,61,1762,4734,26,0.7283913109524532,0.033461327482172246,0.7011494252873564,0.27124384236453203,0.728756157635468
YKR046C,-1,2.3142685389978923,61,1763,4733,26,0.7282394045268115,0.03344298245614035,0.7011494252873564,0.27139778325123154,0.7286022167487685
YKR068C,-1,2.3041394158041384,61,1764,4732,26,0.7280874981011697,0.033424657534246574,0.7011494252873564,0.27155172413793105,0.728448275862069
YOR192C-A,-1,2.300200967021367,61,1765,4731,26,0.7279355916755279,0.033406352683461114,0.7011494252873564,0.27170566502463056,0.7282943349753694
YIL167W,-1,2.2977949179819226,61,1766,4730,26,0.7277836852498861,0.033388067870826495,0.7011494252873564,0.27185960591133007,0.7281403940886699
YBL008W,-1,2.2976303062485006,61,1767,4729,26,0.7276317788242442,0.03336980306345733,0.7011494252873564,0.2720135467980296,0.7279864532019704
YPR081C,-1,2.2970971232852624,61,1768,4728,26,0.7274798723986025,0.03335155822854018,0.7011494252873564,0.27216748768472904,0.7278325123152709
YGL096W,-1,2.296517084157932,61,1769,4727,26,0.7273279659729607,0.03333333333333333,0.7011494252873564,0.27232142857142855,0.7276785714285714
YKR020W,-1,2.2936166659125723,61,1770,4726,26,0.7271760595473189,0.033315128345166575,0.7011494252873564,0.27247536945812806,0.7275246305418719
YOR115C,-1,2.293512984868791,61,1771,4725,26,0.727024153121677,0.03329694323144105,0.7011494252873564,0.27262931034482757,0.7273706896551724
YMR092C,-1,2.2900646173235257,61,1772,4724,26,0.7268722466960352,0.033278777959629025,0.7011494252873564,0.2727832512315271,0.7272167487684729
YHR132C,-1,2.2851583999936653,61,1773,4723,26,0.7267203402703935,0.03326063249727372,0.7011494252873564,0.2729371921182266,0.7270628078817734
YBR159W,-1,2.282472007904235,61,1774,4722,26,0.7265684338447517,0.0332425068119891,0.7011494252873564,0.2730911330049261,0.7269088669950738
YDR510W,-1,2.2788176617352853,61,1775,4721,26,0.7264165274191098,0.0332244008714597,0.7011494252873564,0.2732450738916256,0.7267549261083743
YDR404C,-1,2.2765113749987638,61,1776,4720,26,0.726264620993468,0.03320631464344039,0.7011494252873564,0.2733990147783251,0.7266009852216748
YPR055W,-1,2.276312125404981,61,1777,4719,26,0.7261127145678262,0.033188248095756254,0.7011494252873564,0.27355295566502463,0.7264470443349754
YLR176C,-1,2.275877143714052,61,1778,4718,26,0.7259608081421844,0.03317020119630234,0.7011494252873564,0.27370689655172414,0.7262931034482759
YLR425W,-1,2.2749541112604175,61,1779,4717,26,0.7258089017165427,0.03315217391304348,0.7011494252873564,0.27386083743842365,0.7261391625615764
YML041C,-1,2.2713191168286126,61,1780,4716,26,0.7256569952909008,0.033134166214014125,0.7011494252873564,0.27401477832512317,0.7259852216748769
YBR058C,-1,2.2710848011622415,61,1781,4715,26,0.725505088865259,0.03311617806731813,0.7011494252873564,0.2741687192118227,0.7258312807881774
YDR022C,-1,2.268946275122391,61,1782,4714,26,0.7253531824396172,0.033098209441128595,0.7011494252873564,0.2743226600985222,0.7256773399014779
YLR085C,-1,2.267640067575205,61,1783,4713,26,0.7252012760139754,0.03308026030368764,0.7011494252873564,0.2744766009852217,0.7255233990147784
YDL243C,-1,2.2673540419193654,61,1784,4712,26,0.7250493695883335,0.033062330623306234,0.7011494252873564,0.2746305418719212,0.7253694581280788
YKL089W,-1,2.2653474250744696,61,1785,4711,26,0.7248974631626918,0.03304442036836403,0.7011494252873564,0.27478448275862066,0.7252155172413793
YJR094W-A,-1,2.2653026356183417,61,1786,4710,26,0.72474555673705,0.03302652950730915,0.7011494252873564,0.2749384236453202,0.7250615763546798
YMR313C,-1,2.2629723419797845,61,1787,4709,26,0.7245936503114082,0.03300865800865801,0.7011494252873564,0.2750923645320197,0.7249076354679803
YJR062C,0,2.262224056334294,61,1787,4709,26,0.7245936503114082,0.03300865800865801,0.7011494252873564,0.2750923645320197,0.7249076354679803
YBL025W,-1,2.261751981887755,61,1788,4708,26,0.7244417438857663,0.03299080584099513,0.7011494252873564,0.2752463054187192,0.7247536945812808
YGR179C,-1,2.261064282096148,61,1789,4707,26,0.7242898374601245,0.032972972972972976,0.7011494252873564,0.2754002463054187,0.7245997536945813
YGL224C,-1,2.255565654477927,61,1790,4706,26,0.7241379310344828,0.032955159373311727,0.7011494252873564,0.2755541871921182,0.7244458128078818
YBL079W,-1,2.25545305259127,61,1791,4705,26,0.723986024608841,0.032937365010799136,0.7011494252873564,0.2757081280788177,0.7242918719211823
YOR153W,-1,2.25172850883492,61,1792,4704,26,0.7238341181831992,0.03291958985429034,0.7011494252873564,0.27586206896551724,0.7241379310344828
YMR237W,-1,2.246398039894167,61,1793,4703,26,0.7236822117575573,0.03290183387270766,0.7011494252873564,0.27601600985221675,0.7239839901477833
YIR011C,-1,2.246133313611306,61,1794,4702,26,0.7235303053319155,0.03288409703504043,0.7011494252873564,0.27616995073891626,0.7238300492610837
YGL011C,-1,2.2458266488611907,61,1795,4701,26,0.7233783989062738,0.03286637931034483,0.7011494252873564,0.27632389162561577,0.7236761083743842
YFL025C,-1,2.2380272101214773,61,1796,4700,26,0.723226492480632,0.03284868066774367,0.7011494252873564,0.2764778325123153,0.7235221674876847
tQ(UUG)B,-1,2.238021503055912,61,1797,4699,26,0.7230745860549901,0.03283100107642627,0.7011494252873564,0.2766317733990148,0.7233682266009852
YBR127C,-1,2.2377648489862865,61,1798,4698,26,0.7229226796293483,0.0328133405056482,0.7011494252873564,0.2767857142857143,0.7232142857142857
YDL081C,-1,2.233650632862223,61,1799,4697,26,0.7227707732037065,0.032795698924731186,0.7011494252873564,0.2769396551724138,0.7230603448275862
YHR102W,-1,2.232069560114458,61,1800,4696,26,0.7226188667780648,0.03277807630306287,0.7011494252873564,0.2770935960591133,0.7229064039408867
YDL078C,-1,2.2320351054899312,61,1801,4695,26,0.7224669603524229,0.03276047261009667,0.7011494252873564,0.27724753694581283,0.7227524630541872
YBR059C,-1,2.2309010944801573,61,1802,4694,26,0.7223150539267811,0.03274288781535158,0.7011494252873564,0.2774014778325123,0.7225985221674877
YKR067W,-1,2.230109946517378,61,1803,4693,26,0.7221631475011393,0.03272532188841202,0.7011494252873564,0.2775554187192118,0.7224445812807881
YOR034C,-1,2.2293782316333095,61,1804,4692,26,0.7220112410754975,0.032707774798927614,0.7011494252873564,0.2777093596059113,0.7222906403940886
tV(CAC)D,-1,2.224500319200471,61,1805,4691,26,0.7218593346498557,0.03269024651661308,0.7011494252873564,0.2778633004926108,0.7221366995073891
YDR515W,-1,2.2204493025217498,61,1806,4690,26,0.7217074282242139,0.03267273701124799,0.7011494252873564,0.27801724137931033,0.7219827586206896
YDR308C,-1,2.2152673963715284,61,1807,4689,26,0.7215555217985721,0.032655246252676656,0.7011494252873564,0.27817118226600984,0.7218288177339901
YOR036W,-1,2.2152410365817863,61,1808,4688,26,0.7214036153729303,0.03263777421080792,0.7011494252873564,0.27832512315270935,0.7216748768472906
YOR358W,-1,2.2114661469818144,61,1809,4687,26,0.7212517089472885,0.032620320855614976,0.7011494252873564,0.27847906403940886,0.7215209359605911
YBR009C,-1,2.2079369930371993,61,1810,4686,26,0.7210998025216466,0.03260288615713522,0.7011494252873564,0.2786330049261084,0.7213669950738916
YBR011C,0,2.2065624480454176,61,1810,4686,26,0.7210998025216466,0.03260288615713522,0.7011494252873564,0.2786330049261084,0.7213669950738916
YMR139W,-1,2.206429411698757,61,1811,4685,26,0.7209478960960048,0.03258547008547009,0.7011494252873564,0.2787869458128079,0.7212130541871922
YBR165W,-1,2.2016528113094176,61,1812,4684,26,0.7207959896703631,0.032568072610784836,0.7011494252873564,0.2789408866995074,0.7210591133004927
YML049C,-1,2.2015230271201083,61,1813,4683,26,0.7206440832447213,0.03255069370330843,0.7011494252873564,0.2790948275862069,0.7209051724137931
YFL003C,-1,2.1998961941205946,61,1814,4682,26,0.7204921768190794,0.03253333333333333,0.7011494252873564,0.2792487684729064,0.7207512315270936
YOR038C,-1,2.1998302413362545,61,1815,4681,26,0.7203402703934376,0.03251599147121535,0.7011494252873564,0.2794027093596059,0.7205972906403941
YDR059C,-1,2.1983246962292284,61,1816,4680,26,0.7201883639677958,0.03249866808737347,0.7011494252873564,0.27955665024630544,0.7204433497536946
YBR244W,-1,2.1982247681821625,61,1817,4679,26,0.7200364575421541,0.03248136315228967,0.7011494252873564,0.27971059113300495,0.7202894088669951
YPL003W,-1,2.1976754010280697,61,1818,4678,26,0.7198845511165123,0.032464076636508785,0.7011494252873564,0.27986453201970446,0.7201354679802956
YPL203W,-1,2.191536808946086,61,1819,4677,26,0.7197326446908704,0.032446808510638296,0.7011494252873564,0.2800184729064039,0.7199815270935961
YOL136C,-1,2.191498746929225,61,1820,4676,26,0.7195807382652286,0.03242955874534822,0.7011494252873564,0.2801724137931034,0.7198275862068966
YNL129W,-1,2.189698638064798,61,1821,4675,26,0.7194288318395868,0.032412327311370885,0.7011494252873564,0.28032635467980294,0.7196736453201971
YMR218C,-1,2.1890311155202427,61,1822,4674,26,0.7192769254139451,0.0323951141795008,0.7011494252873564,0.28048029556650245,0.7195197044334976
YGR286C,-1,2.1865153785373863,61,1823,4673,26,0.7191250189883032,0.03237791932059448,0.7011494252873564,0.28063423645320196,0.719365763546798
YOL163W,-1,2.1862160298556326,61,1824,4672,26,0.7189731125626614,0.032360742705570295,0.7011494252873564,0.28078817733990147,0.7192118226600985
YDR524C,-1,2.1857153559619253,61,1825,4671,26,0.7188212061370196,0.03234358430540827,0.7011494252873564,0.280942118226601,0.719057881773399
YGL004C,-1,2.1857145820231425,61,1826,4670,26,0.7186692997113778,0.03232644409114997,0.7011494252873564,0.2810960591133005,0.7189039408866995
YBR129C,-1,2.1844698200288337,61,1827,4669,26,0.7185173932857359,0.0323093220338983,0.7011494252873564,0.28125,0.71875
YPR158C-D,-1,2.1832250996953753,61,1828,4668,26,0.7183654868600942,0.03229221810481736,0.7011494252873564,0.2814039408866995,0.7185960591133005
YLR005W,-1,2.1809965210446465,61,1829,4667,26,0.7182135804344524,0.032275132275132276,0.7011494252873564,0.281557881773399,0.718442118226601
YGL073W,-1,2.1785702208762694,61,1830,4666,26,0.7180616740088106,0.03225806451612903,0.7011494252873564,0.28171182266009853,0.7182881773399015
YBR296C,-1,2.175597526931598,61,1831,4665,26,0.7179097675831688,0.03224101479915433,0.7011494252873564,0.28186576354679804,0.718134236453202
YGR199W,-1,2.1730848790103146,61,1832,4664,26,0.7177578611575269,0.03222398309561542,0.7011494252873564,0.28201970443349755,0.7179802955665024
YHR094C,-1,2.170537320560052,61,1833,4663,26,0.7176059547318852,0.032206969376979935,0.7011494252873564,0.28217364532019706,0.7178263546798029
YBL001C,0,2.169435665258703,61,1833,4663,26,0.7176059547318852,0.032206969376979935,0.7011494252873564,0.28217364532019706,0.7178263546798029
YBL106C,-1,2.1693985640311095,61,1834,4662,26,0.7174540483062434,0.03218997361477573,0.7011494252873564,0.2823275862068966,0.7176724137931034
YJL095W,-1,2.1680144215519537,61,1835,4661,26,0.7173021418806016,0.03217299578059072,0.7011494252873564,0.2824815270935961,0.7175184729064039
YKL176C,-1,2.165351832822642,61,1836,4660,26,0.7171502354549597,0.032156035846072746,0.7011494252873564,0.28263546798029554,0.7173645320197044
YIL094C,-1,2.164014610563681,61,1837,4659,26,0.7169983290293179,0.0321390937829294,0.7011494252873564,0.28278940886699505,0.7172105911330049
YHR072W,-1,2.163257613583397,61,1838,4658,26,0.7168464226036761,0.032122169562927856,0.7011494252873564,0.28294334975369456,0.7170566502463054
YOR259C,-1,2.1589585101655,61,1839,4657,26,0.7166945161780344,0.032105263157894734,0.7011494252873564,0.2830972906403941,0.7169027093596059
YKR094C,-1,2.157588861387923,61,1840,4656,26,0.7165426097523925,0.03208837453971594,0.7011494252873564,0.2832512315270936,0.7167487684729064
YKR057W,-1,2.157169308853954,61,1841,4655,26,0.7163907033267507,0.03207150368033649,0.7011494252873564,0.2834051724137931,0.7165948275862069
YPR018W,-1,2.156783390063938,61,1842,4654,26,0.7162387969011089,0.03205465055176038,0.7011494252873564,0.2835591133004926,0.7164408866995073
YBR156C,-1,2.1560029542112837,61,1843,4653,26,0.7160868904754671,0.03203781512605042,0.7011494252873564,0.2837130541871921,0.7162869458128078
YJL178C,-1,2.1559860815939067,61,1844,4652,26,0.7159349840498254,0.032020997375328084,0.7011494252873564,0.2838669950738916,0.7161330049261084
YKR059W,-1,2.15416999205911,61,1845,4651,26,0.7157830776241835,0.032004197271773345,0.7011494252873564,0.28402093596059114,0.7159790640394089
YMR088C,-1,2.1524089264033672,61,1846,4650,26,0.7156311711985417,0.03198741478762454,0.7011494252873564,0.28417487684729065,0.7158251231527094
YMR227C,-1,2.152338423312798,61,1847,4649,26,0.7154792647728999,0.0319706498951782,0.7011494252873564,0.28432881773399016,0.7156711822660099
YIL166C,-1,2.1466486316573037,61,1848,4648,26,0.7153273583472581,0.03195390256678889,0.7011494252873564,0.28448275862068967,0.7155172413793104
YGR027W-A,-1,2.145993873727262,61,1849,4647,26,0.7151754519216162,0.03193717277486911,0.7011494252873564,0.2846366995073892,0.7153633004926109
YLR265C,-1,2.14479967108226,61,1850,4646,26,0.7150235454959745,0.03192046049188906,0.7011494252873564,0.2847906403940887,0.7152093596059114
YMR285C,-1,2.1446943307724324,61,1851,4645,26,0.7148716390703327,0.03190376569037657,0.7011494252873564,0.2849445812807882,0.7150554187192119
YER019C-A,-1,2.143927510255696,61,1852,4644,26,0.7147197326446909,0.03188708834291688,0.7011494252873564,0.2850985221674877,0.7149014778325123
YLL058W,0,2.143857333190804,61,1852,4644,26,0.7147197326446909,0.03188708834291688,0.7011494252873564,0.2850985221674877,0.7149014778325123
YGR032W,-1,2.138468920043712,61,1853,4643,26,0.714567826219049,0.03187042842215256,0.7011494252873564,0.28525246305418717,0.7147475369458128
YBR158W,-1,2.136448576487489,61,1854,4642,26,0.7144159197934072,0.03185378590078329,0.7011494252873564,0.2854064039408867,0.7145935960591133
YDR362C,-1,2.1341270106711137,61,1855,4641,26,0.7142640133677655,0.031837160751565764,0.7011494252873564,0.2855603448275862,0.7144396551724138
YDR251W,-1,2.133662678229548,61,1856,4640,26,0.7141121069421237,0.03182055294731351,0.7011494252873564,0.2857142857142857,0.7142857142857143
YJL214W,-1,2.1297806904888428,61,1857,4639,26,0.7139602005164819,0.03180396246089677,0.7011494252873564,0.2858682266009852,0.7141317733990148
YDR261C-C,-1,2.1276807601002465,61,1858,4638,26,0.71380829409084,0.03178738926524231,0.7011494252873564,0.2860221674876847,0.7139778325123153
YLR207W,-1,2.1254800578990403,61,1859,4637,26,0.7136563876651982,0.03177083333333333,0.7011494252873564,0.28617610837438423,0.7138238916256158
YDL049C,-1,2.125439374404117,61,1860,4636,26,0.7135044812395565,0.031754294638209266,0.7011494252873564,0.28633004926108374,0.7136699507389163
YGR178C,-1,2.12528010403986,61,1861,4635,26,0.7133525748139147,0.03173777315296566,0.7011494252873564,0.28648399014778325,0.7135160098522167
YOR320C,-1,2.122385909727623,61,1862,4634,26,0.7132006683882728,0.031721268850754034,0.7011494252873564,0.28663793103448276,0.7133620689655172
YER102W,-1,2.1218085205944637,61,1863,4633,26,0.713048761962631,0.03170478170478171,0.7011494252873564,0.2867918719211823,0.7132081280788177
YPL257W-A,-1,2.1204614592115076,61,1864,4632,26,0.7128968555369892,0.03168831168831169,0.7011494252873564,0.2869458128078818,0.7130541871921182
YMR224C,-1,2.1201623480702163,61,1865,4631,26,0.7127449491113474,0.03167185877466251,0.7011494252873564,0.2870997536945813,0.7129002463054187
YBL045C,-1,2.1198076400410533,61,1866,4630,26,0.7125930426857056,0.0316554229372081,0.7011494252873564,0.2872536945812808,0.7127463054187192
YMR159C,-1,2.119222319015863,61,1867,4629,26,0.7124411362600638,0.03163900414937759,0.7011494252873564,0.2874076354679803,0.7125923645320197
YML064C,-1,2.1152764695049986,61,1868,4628,26,0.712289229834422,0.03162260238465526,0.7011494252873564,0.2875615763546798,0.7124384236453202
YKL017C,-1,2.1137678513665543,61,1869,4627,26,0.7121373234087802,0.031606217616580314,0.7011494252873564,0.28771551724137934,0.7122844827586207
YDR131C,-1,2.1083632020920655,61,1870,4626,26,0.7119854169831384,0.03158984981874676,0.7011494252873564,0.2878694581280788,0.7121305418719212
YDR492W,-1,2.10544784066559,61,1871,4625,26,0.7118335105574966,0.03157349896480331,0.7011494252873564,0.2880233990147783,0.7119766009852216
YNL287W,-1,2.1028051771384453,61,1872,4624,26,0.7116816041318548,0.03155716502845318,0.7011494252873564,0.2881773399014778,0.7118226600985221
YDR389W,-1,2.1017571261127705,61,1873,4623,26,0.711529697706213,0.03154084798345398,0.7011494252873564,0.2883312807881773,0.7116687192118226
YJL102W,-1,2.101755807542892,61,1874,4622,26,0.7113777912805712,0.03152454780361757,0.7011494252873564,0.28848522167487683,0.7115147783251231
YDR225W,-1,2.0991233149029447,61,1875,4621,26,0.7112258848549293,0.031508264462809916,0.7011494252873564,0.28863916256157635,0.7113608374384236
YOR179C,-1,2.098156438511175,61,1876,4620,26,0.7110739784292875,0.03149199793495096,0.7011494252873564,0.28879310344827586,0.7112068965517241
YAL041W,-1,2.0980297122647515,61,1877,4619,26,0.7109220720036458,0.03147574819401445,0.7011494252873564,0.28894704433497537,0.7110529556650246
YOR061W,-1,2.096884440955305,61,1878,4618,26,0.710770165578004,0.03145951521402785,0.7011494252873564,0.2891009852216749,0.7108990147783252
YNL246W,-1,2.0951845536161864,61,1879,4617,26,0.7106182591523621,0.031443298969072164,0.7011494252873564,0.2892549261083744,0.7107450738916257
YKL211C,-1,2.0939696024355934,61,1880,4616,26,0.7104663527267203,0.03142709943328181,0.7011494252873564,0.2894088669950739,0.7105911330049262
YDR052C,-1,2.0935168909359536,61,1881,4615,26,0.7103144463010785,0.03141091658084449,0.7011494252873564,0.2895628078817734,0.7104371921182266
YGR038C-B,-1,2.093086858817446,61,1882,4614,26,0.7101625398754368,0.03139475038600103,0.7011494252873564,0.2897167487684729,0.7102832512315271
YNL191W,-1,2.092828054870883,61,1883,4613,26,0.710010633449795,0.03137860082304527,0.7011494252873564,0.28987068965517243,0.7101293103448276
YJL031C,-1,2.0915284481859975,61,1884,4612,26,0.7098587270241531,0.031362467866323906,0.7011494252873564,0.29002463054187194,0.7099753694581281
YLR398C,-1,2.0909115319028713,61,1885,4611,26,0.7097068205985113,0.03134635149023638,0.7011494252873564,0.29017857142857145,0.7098214285714286
YCR011C,-1,2.090277983763241,61,1886,4610,26,0.7095549141728695,0.03133025166923472,0.7011494252873564,0.29033251231527096,0.7096674876847291
YNL055C,-1,2.0868158302631654,61,1887,4609,26,0.7094030077472278,0.03131416837782341,0.7011494252873564,0.2904864532019704,0.7095135467980296
YDR096W,-1,2.0818761468608242,61,1888,4608,26,0.7092511013215859,0.03129810159055926,0.7011494252873564,0.29064039408866993,0.7093596059113301
YOR270C,-1,2.08126652631274,61,1889,4607,26,0.7090991948959441,0.03128205128205128,0.7011494252873564,0.29079433497536944,0.7092056650246306
YDR127W,-1,2.0809582444136554,61,1890,4606,26,0.7089472884703023,0.031266017426960536,0.7011494252873564,0.29094827586206895,0.709051724137931
YLR145W,-1,2.0794660855005835,61,1891,4605,26,0.7087953820446605,0.03125,0.7011494252873564,0.29110221674876846,0.7088977832512315
YKL173W,-1,2.0773712289990645,61,1892,4604,26,0.7086434756190186,0.03123399897593446,0.7011494252873564,0.29125615763546797,0.708743842364532
YBR098W,-1,2.0768006805524037,61,1893,4603,26,0.7084915691933769,0.031218014329580348,0.7011494252873564,0.2914100985221675,0.7085899014778325
YMR236W,-1,2.076604945896765,61,1894,4602,26,0.7083396627677351,0.031202046035805626,0.7011494252873564,0.291564039408867,0.708435960591133
YDR088C,-1,2.076356227786097,61,1895,4601,26,0.7081877563420933,0.031186094069529654,0.7011494252873564,0.2917179802955665,0.7082820197044335
YMR021C,-1,2.0738835663376403,61,1896,4600,26,0.7080358499164515,0.031170158405723045,0.7011494252873564,0.291871921182266,0.708128078817734
YPL235W,-1,2.073615646995317,61,1897,4599,26,0.7078839434908096,0.03115423901940756,0.7011494252873564,0.2920258620689655,0.7079741379310345
YIL061C,-1,2.0726380910797593,61,1898,4598,26,0.7077320370651679,0.031138335885655948,0.7011494252873564,0.29217980295566504,0.707820197044335
YPL007C,-1,2.0717523248230005,61,1899,4597,26,0.7075801306395261,0.031122448979591835,0.7011494252873564,0.29233374384236455,0.7076662561576355
YIL038C,-1,2.071233118895596,61,1900,4596,26,0.7074282242138843,0.031106578276389598,0.7011494252873564,0.29248768472906406,0.7075123152709359
YPR186C,-1,2.070755254182899,61,1901,4595,26,0.7072763177882424,0.03109072375127421,0.7011494252873564,0.29264162561576357,0.7073583743842364
YDR381W,-1,2.0653053075874643,61,1902,4594,26,0.7071244113626006,0.03107488537952114,0.7011494252873564,0.2927955665024631,0.7072044334975369
YNR050C,-1,2.0651323778653228,61,1903,4593,26,0.7069725049369588,0.031059063136456212,0.7011494252873564,0.2929495073891626,0.7070504926108374
YKL209C,-1,2.064829932346266,61,1904,4592,26,0.7068205985113171,0.03104325699745547,0.7011494252873564,0.29310344827586204,0.7068965517241379
YOR329C,-1,2.0642512029648707,61,1905,4591,26,0.7066686920856752,0.031027466937945065,0.7011494252873564,0.29325738916256155,0.7067426108374384
YMR180C,-1,2.062545828232864,61,1906,4590,26,0.7065167856600334,0.031011692933401117,0.7011494252873564,0.29341133004926107,0.7065886699507389
YOR070C,-1,2.0590178084419115,61,1907,4589,26,0.7063648792343916,0.030995934959349592,0.7011494252873564,0.2935652709359606,0.7064347290640394
YDR503C,-1,2.058220421478384,61,1908,4588,26,0.7062129728087498,0.030980192991366177,0.7011494252873564,0.2937192118226601,0.7062807881773399
YDR301W,-1,2.0577292727782273,61,1909,4587,26,0.7060610663831081,0.030964467005076143,0.7011494252873564,0.2938731527093596,0.7061268472906403
YLR027C,-1,2.0566435277438266,61,1910,4586,26,0.7059091599574662,0.030948756976154235,0.7011494252873564,0.2940270935960591,0.7059729064039408
YGL172W,-1,2.0563093565481405,61,1911,4585,26,0.7057572535318244,0.030933062880324543,0.7011494252873564,0.2941810344827586,0.7058189655172413
YJR102C,-1,2.056265110120035,61,1912,4584,26,0.7056053471061826,0.030917384693360365,0.7011494252873564,0.29433497536945813,0.7056650246305419
YBR188C,-1,2.0559425847866577,61,1913,4583,26,0.7054534406805408,0.03090172239108409,0.7011494252873564,0.29448891625615764,0.7055110837438424
YPL148C,-1,2.05545159204245,61,1914,4582,26,0.7053015342548989,0.030886075949367087,0.7011494252873564,0.29464285714285715,0.7053571428571429
YMR097C,-1,2.0512997380635345,61,1915,4581,26,0.7051496278292572,0.030870445344129555,0.7011494252873564,0.29479679802955666,0.7052032019704434
YDL217C,-1,2.0506345905169376,61,1916,4580,26,0.7049977214036154,0.030854830551340414,0.7011494252873564,0.29495073891625617,0.7050492610837439
YNL032W,-1,2.049014415249768,61,1917,4579,26,0.7048458149779736,0.03083923154701719,0.7011494252873564,0.2951046798029557,0.7048953201970444
YHR101C,-1,2.0460533351194394,61,1918,4578,26,0.7046939085523317,0.030823648307225872,0.7011494252873564,0.2952586206896552,0.7047413793103449
YHR176W,-1,2.0450100092339216,61,1919,4577,26,0.7045420021266899,0.03080808080808081,0.7011494252873564,0.2954125615763547,0.7045874384236454
YML076C,-1,2.040735178577059,61,1920,4576,26,0.7043900957010482,0.030792529025744572,0.7011494252873564,0.2955665024630542,0.7044334975369458
YOL020W,-1,2.040586689442351,61,1921,4575,26,0.7042381892754064,0.03077699293642785,0.7011494252873564,0.29572044334975367,0.7042795566502463
YBR055C,-1,2.039389976391378,61,1922,4574,26,0.7040862828497646,0.030761472516389308,0.7011494252873564,0.2958743842364532,0.7041256157635468
YPL037C,-1,2.039174928310619,61,1923,4573,26,0.7039343764241227,0.030745967741935484,0.7011494252873564,0.2960283251231527,0.7039716748768473
YOR273C,-1,2.0341997605151736,61,1924,4572,26,0.7037824699984809,0.030730478589420653,0.7011494252873564,0.2961822660098522,0.7038177339901478
YML029W,-1,2.0312486678117905,61,1925,4571,26,0.7036305635728392,0.030715005035246726,0.7011494252873564,0.2963362068965517,0.7036637931034483
YHR124W,-1,2.030956379739387,61,1926,4570,26,0.7034786571471974,0.03069954705586311,0.7011494252873564,0.2964901477832512,0.7035098522167488
YDR397C,-1,2.0305434362443586,61,1927,4569,26,0.7033267507215555,0.0306841046277666,0.7011494252873564,0.29664408866995073,0.7033559113300493
YPL267W,-1,2.0261833264888542,61,1928,4568,26,0.7031748442959137,0.030668677727501256,0.7011494252873564,0.29679802955665024,0.7032019704433498
YOR261C,-1,2.024034498640701,61,1929,4567,26,0.7030229378702719,0.030653266331658293,0.7011494252873564,0.29695197044334976,0.7030480295566502
YDR023W,-1,2.0234035156114394,61,1930,4566,26,0.7028710314446301,0.03063787041687594,0.7011494252873564,0.29710591133004927,0.7028940886699507
YER098W,-1,2.0227273574261093,61,1931,4565,26,0.7027191250189883,0.030622489959839357,0.7011494252873564,0.2972598522167488,0.7027401477832512
YDL223C,-1,2.021981959102392,61,1932,4564,26,0.7025672185933465,0.030607124937280482,0.7011494252873564,0.2974137931034483,0.7025862068965517
YER157W,-1,2.021639003624066,61,1933,4563,26,0.7024153121677047,0.030591775325977934,0.7011494252873564,0.2975677339901478,0.7024322660098522
YHR211W,-1,2.0190080862561866,61,1934,4562,26,0.7022634057420629,0.030576441102756893,0.7011494252873564,0.2977216748768473,0.7022783251231527
YDR507C,-1,2.017980474597352,61,1935,4561,26,0.7021114993164211,0.030561122244488977,0.7011494252873564,0.2978756157635468,0.7021243842364532
YBL072C,-1,2.0166382314472555,61,1936,4560,26,0.7019595928907792,0.030545818728092138,0.7011494252873564,0.29802955665024633,0.7019704433497537
YDR089W,-1,2.01634702945012,61,1937,4559,26,0.7018076864651375,0.03053053053053053,0.7011494252873564,0.2981834975369458,0.7018165024630542
YNL279W,-1,2.01507547671008,61,1938,4558,26,0.7016557800394957,0.030515257628814407,0.7011494252873564,0.2983374384236453,0.7016625615763546
YDL029W,-1,2.0148971469479737,61,1939,4557,26,0.7015038736138539,0.0305,0.7011494252873564,0.2984913793103448,0.7015086206896551
YCR019W,0,2.0136200786811576,61,1939,4557,26,0.7015038736138539,0.0305,0.7011494252873564,0.2984913793103448,0.7015086206896551
YMR205C,-1,2.013074571398357,61,1940,4556,26,0.701351967188212,0.030484757621189407,0.7011494252873564,0.2986453201970443,0.7013546798029556
YJL024C,-1,2.0073229921277176,61,1941,4555,26,0.7012000607625702,0.030469530469530468,0.7011494252873564,0.29879926108374383,0.7012007389162561
YJR078W,-1,2.006431112313635,61,1942,4554,26,0.7010481543369285,0.030454318522216674,0.7011494252873564,0.29895320197044334,0.7010467980295566
YDL136W,-1,2.005847729930817,61,1943,4553,26,0.7008962479112867,0.030439121756487025,0.7011494252873564,0.29910714285714285,0.7008928571428571
YDR013W,-1,2.005367386720694,61,1944,4552,26,0.7007443414856448,0.030423940149625937,0.7011494252873564,0.29926108374384236,0.7007389162561576
YEL015W,-1,2.004690490621883,61,1945,4551,26,0.700592435060003,0.03040877367896311,0.7011494252873564,0.29941502463054187,0.7005849753694581
YGL032C,-1,2.001431693451885,61,1946,4550,26,0.7004405286343612,0.030393622321873443,0.7011494252873564,0.2995689655172414,0.7004310344827587
YGL047W,-1,2.0005441325529403,61,1947,4549,26,0.7002886222087195,0.030378486055776893,0.7011494252873564,0.2997229064039409,0.7002770935960592
YLR314C,-1,1.9968179813945461,61,1948,4548,26,0.7001367157830777,0.030363364858138377,0.7011494252873564,0.2998768472906404,0.7001231527093597
YDR177W,-1,1.9950846034497538,61,1949,4547,26,0.6999848093574358,0.03034825870646766,0.7011494252873564,0.3000307881773399,0.6999692118226601
YPR083W,-1,1.994904227876419,61,1950,4546,26,0.699832902931794,0.030333167578319244,0.7011494252873564,0.3001847290640394,0.6998152709359606
YGR003W,-1,1.9930536999659685,61,1951,4545,26,0.6996809965061522,0.030318091451292245,0.7011494252873564,0.30033866995073893,0.6996613300492611
YPR073C,-1,1.9929140476054943,61,1952,4544,26,0.6995290900805105,0.030303030303030304,0.7011494252873564,0.30049261083743845,0.6995073891625616
YIL076W,-1,1.990642006864365,61,1953,4543,26,0.6993771836548686,0.03028798411122145,0.7011494252873564,0.30064655172413796,0.6993534482758621
YNL012W,-1,1.9902496030504633,61,1954,4542,26,0.6992252772292268,0.030272952853598014,0.7011494252873564,0.3008004926108374,0.6991995073891626
YOR381W,-1,1.9891492342853836,61,1955,4541,26,0.699073370803585,0.030257936507936508,0.7011494252873564,0.3009544334975369,0.6990455665024631
YDR216W,-1,1.9872260824623318,61,1956,4540,26,0.6989214643779432,0.03024293505205751,0.7011494252873564,0.30110837438423643,0.6988916256157636
YER024W,-1,1.9868054125145624,61,1957,4539,26,0.6987695579523013,0.03022794846382557,0.7011494252873564,0.30126231527093594,0.6987376847290641
YOR202W,-1,1.9853124384250338,61,1958,4538,26,0.6986176515266596,0.030212976721149084,0.7011494252873564,0.30141625615763545,0.6985837438423645
YOR096W,-1,1.9846676182464034,61,1959,4537,26,0.6984657451010178,0.030198019801980197,0.7011494252873564,0.30157019704433496,0.698429802955665
YHR214C-C,-1,1.9844771983580252,61,1960,4536,26,0.698313838675376,0.030183077684314694,0.7011494252873564,0.3017241379310345,0.6982758620689655
YHR043C,-1,1.9834438016317966,61,1961,4535,26,0.6981619322497342,0.03016815034619189,0.7011494252873564,0.301878078817734,0.698121921182266
YBR043C,-1,1.9820909579166597,61,1962,4534,26,0.6980100258240923,0.030153237765694514,0.7011494252873564,0.3020320197044335,0.6979679802955665
YGL167C,-1,1.9799010840311244,61,1963,4533,26,0.6978581193984505,0.030138339920948616,0.7011494252873564,0.302185960591133,0.697814039408867
YCL033C,-1,1.9792963050716899,61,1964,4532,26,0.6977062129728088,0.030123456790123456,0.7011494252873564,0.3023399014778325,0.6976600985221675
YBR265W,-1,1.9783091985262358,61,1965,4531,26,0.697554306547167,0.030108588351431393,0.7011494252873564,0.30249384236453203,0.697506157635468
YER064C,-1,1.9770942197118337,61,1966,4530,26,0.6974024001215251,0.030093734583127776,0.7011494252873564,0.30264778325123154,0.6973522167487685
YBL043W,-1,1.976517203248253,61,1967,4529,26,0.6972504936958833,0.03007889546351085,0.7011494252873564,0.30280172413793105,0.697198275862069
YCR024C,-1,1.9760850519249091,61,1968,4528,26,0.6970985872702415,0.030064070970921637,0.7011494252873564,0.30295566502463056,0.6970443349753694
YDL002C,-1,1.9728335533316648,61,1969,4527,26,0.6969466808445998,0.030049261083743842,0.7011494252873564,0.30310960591133007,0.6968903940886699
YIL159W,-1,1.9727868824651469,61,1970,4526,26,0.6967947744189579,0.03003446578040374,0.7011494252873564,0.3032635467980296,0.6967364532019704
YDR223W,-1,1.97248664987473,61,1971,4525,26,0.6966428679933161,0.030019685039370077,0.7011494252873564,0.30341748768472904,0.6965825123152709
YER001W,-1,1.9717387117832215,61,1972,4524,26,0.6964909615676743,0.03000491883915396,0.7011494252873564,0.30357142857142855,0.6964285714285714
YGL103W,-1,1.970565770478897,61,1973,4523,26,0.6963390551420325,0.02999016715830875,0.7011494252873564,0.30372536945812806,0.6962746305418719
YML027W,-1,1.9698511910957488,61,1974,4522,26,0.6961871487163908,0.029975429975429974,0.7011494252873564,0.30387931034482757,0.6961206896551724
YAL043C,-1,1.969638149236787,61,1975,4521,26,0.6960352422907489,0.029960707269155205,0.7011494252873564,0.3040332512315271,0.6959667487684729
YDL182W,-1,1.969567370896264,61,1976,4520,26,0.6958833358651071,0.029945999018163968,0.7011494252873564,0.3041871921182266,0.6958128078817734
YPL023C,-1,1.9677832677831333,61,1977,4519,26,0.6957314294394653,0.029931305201177625,0.7011494252873564,0.3043411330049261,0.6956588669950738
YLL016W,-1,1.967661575228574,61,1978,4518,26,0.6955795230138235,0.029916625796959292,0.7011494252873564,0.3044950738916256,0.6955049261083743
YNL051W,-1,1.9666864250478722,61,1979,4517,26,0.6954276165881816,0.029901960784313727,0.7011494252873564,0.3046490147783251,0.6953509852216748
YPR031W,-1,1.9642733588155308,61,1980,4516,26,0.6952757101625399,0.029887310142087214,0.7011494252873564,0.30480295566502463,0.6951970443349754
YGR086C,-1,1.963642931819623,61,1981,4515,26,0.6951238037368981,0.029872673849167482,0.7011494252873564,0.30495689655172414,0.6950431034482759
YOR049C,-1,1.9626443589314275,61,1982,4514,26,0.6949718973112563,0.0298580518844836,0.7011494252873564,0.30511083743842365,0.6948891625615764
YBR273C,-1,1.9625012013952339,61,1983,4513,26,0.6948199908856144,0.02984344422700587,0.7011494252873564,0.30526477832512317,0.6947352216748769
YHR139C,-1,1.961183455645188,61,1984,4512,26,0.6946680844599726,0.02982885085574572,0.7011494252873564,0.3054187192118227,0.6945812807881774
YKL135C,-1,1.9606822463793045,61,1985,4511,26,0.6945161780343309,0.029814271749755622,0.7011494252873564,0.3055726600985222,0.6944273399014779
YDL115C,0,1.9586760230903177,61,1985,4511,26,0.6945161780343309,0.029814271749755622,0.7011494252873564,0.3055726600985222,0.6944273399014779
YLR054C,-1,1.9582302653685528,61,1986,4510,26,0.6943642716086891,0.02979970688812897,0.7011494252873564,0.3057266009852217,0.6942733990147784
YER028C,-1,1.9574746531997267,61,1987,4509,26,0.6942123651830473,0.02978515625,0.7011494252873564,0.3058805418719212,0.6941194581280788
YGR213C,-1,1.957270732420023,61,1988,4508,26,0.6940604587574054,0.02977061981454368,0.7011494252873564,0.30603448275862066,0.6939655172413793
YGR240C,-1,1.954903661765524,61,1989,4507,26,0.6939085523317636,0.02975609756097561,0.7011494252873564,0.3061884236453202,0.6938115763546798
YLR238W,-1,1.9538599679711424,61,1990,4506,26,0.6937566459061218,0.029741589468551925,0.7011494252873564,0.3063423645320197,0.6936576354679803
YFR021W,-1,1.9534292988975257,61,1991,4505,26,0.6936047394804801,0.0297270955165692,0.7011494252873564,0.3064963054187192,0.6935036945812808
YJL174W,-1,1.9530641513932185,61,1992,4504,26,0.6934528330548382,0.029712615684364344,0.7011494252873564,0.3066502463054187,0.6933497536945813
YIL134W,-1,1.9511409002345586,61,1993,4503,26,0.6933009266291964,0.02969814995131451,0.7011494252873564,0.3068041871921182,0.6931958128078818
YKL073W,-1,1.9509722324801482,61,1994,4502,26,0.6931490202035546,0.029683698296836983,0.7011494252873564,0.3069581280788177,0.6930418719211823
YKL130C,-1,1.9489557992127422,61,1995,4501,26,0.6929971137779128,0.029669260700389104,0.7011494252873564,0.30711206896551724,0.6928879310344828
YOR367W,-1,1.9476781719643705,61,1996,4500,26,0.692845207352271,0.029654837141468156,0.7011494252873564,0.30726600985221675,0.6927339901477833
YIL036W,-1,1.9449782775020914,61,1997,4499,26,0.6926933009266292,0.029640427599611274,0.7011494252873564,0.30741995073891626,0.6925800492610837
YGR108W,-1,1.9444529970156896,61,1998,4498,26,0.6925413945009874,0.02962603205439534,0.7011494252873564,0.30757389162561577,0.6924261083743842
YEL041W,-1,1.9439026880800714,61,1999,4497,26,0.6923894880753456,0.029611650485436892,0.7011494252873564,0.3077278325123153,0.6922721674876847
YOR307C,-1,1.942984675893505,61,2000,4496,26,0.6922375816497038,0.029597282872392043,0.7011494252873564,0.3078817733990148,0.6921182266009852
YNR035C,-1,1.9395088435824421,61,2001,4495,26,0.692085675224062,0.029582929194956354,0.7011494252873564,0.3080357142857143,0.6919642857142857
YCL004W,-1,1.9346295207882946,61,2002,4494,26,0.6919337687984202,0.02956858943286476,0.7011494252873564,0.3081896551724138,0.6918103448275862
YHR060W,-1,1.9335217551488113,61,2003,4493,26,0.6917818623727784,0.029554263565891473,0.7011494252873564,0.3083435960591133,0.6916564039408867
YPL175W,-1,1.9319771017019103,61,2004,4492,26,0.6916299559471366,0.02953995157384988,0.7011494252873564,0.30849753694581283,0.6915024630541872
YJL054W,-1,1.9310938262368884,61,2005,4491,26,0.6914780495214947,0.02952565343659245,0.7011494252873564,0.3086514778325123,0.6913485221674877
YJR013W,-1,1.9304578459636772,61,2006,4490,26,0.6913261430958529,0.029511369134010642,0.7011494252873564,0.3088054187192118,0.6911945812807881
YDL045C,-1,1.9299589896253069,61,2007,4489,26,0.6911742366702112,0.029497098646034815,0.7011494252873564,0.3089593596059113,0.6910406403940886
YER042W,-1,1.9296321769300848,61,2008,4488,26,0.6910223302445694,0.029482841952634124,0.7011494252873564,0.3091133004926108,0.6908866995073891
YGR024C,-1,1.9285441311823002,61,2009,4487,26,0.6908704238189275,0.029468599033816423,0.7011494252873564,0.30926724137931033,0.6907327586206896
YHR051W,-1,1.9280822549499692,61,2010,4486,26,0.6907185173932857,0.0294543698696282,0.7011494252873564,0.30942118226600984,0.6905788177339901
YER111C,-1,1.9271896298468059,61,2011,4485,26,0.6905666109676439,0.02944015444015444,0.7011494252873564,0.30957512315270935,0.6904248768472906
YJR022W,-1,1.926353517776997,61,2012,4484,26,0.6904147045420022,0.02942595272551857,0.7011494252873564,0.30972906403940886,0.6902709359605911
YIR004W,-1,1.9260363095988289,61,2013,4483,26,0.6902627981163604,0.029411764705882353,0.7011494252873564,0.3098830049261084,0.6901169950738916
YDR057W,-1,1.9240291257728237,61,2014,4482,26,0.6901108916907185,0.029397590361445784,0.7011494252873564,0.3100369458128079,0.6899630541871922
YNL294C,-1,1.9207182664073248,61,2015,4481,26,0.6899589852650767,0.029383429672447014,0.7011494252873564,0.3101908866995074,0.6898091133004927
YOL122C,-1,1.9184757290414787,61,2016,4480,26,0.6898070788394349,0.029369282619162253,0.7011494252873564,0.3103448275862069,0.6896551724137931
YER176W,-1,1.9176891772123104,61,2017,4479,26,0.6896551724137931,0.02935514918190568,0.7011494252873564,0.3104987684729064,0.6895012315270936
YKL221W,-1,1.916642219157976,61,2018,4478,26,0.6895032659881513,0.02934102934102934,0.7011494252873564,0.3106527093596059,0.6893472906403941
YMR008C,-1,1.9163479723712722,61,2019,4477,26,0.6893513595625095,0.029326923076923077,0.7011494252873564,0.31080665024630544,0.6891933497536946
snR60,-1,1.9161644019028992,61,2020,4476,26,0.6891994531368677,0.029312830370014416,0.7011494252873564,0.31096059113300495,0.6890394088669951
YPR140W,-1,1.9161087019160106,61,2021,4475,26,0.6890475467112259,0.029298751200768493,0.7011494252873564,0.31111453201970446,0.6888854679802956
YNL070W,-1,1.9159461087569154,61,2022,4474,26,0.688895640285584,0.02928468554968795,0.7011494252873564,0.3112684729064039,0.6887315270935961
YPR151C,-1,1.9159052955078804,61,2023,4473,26,0.6887437338599423,0.02927063339731286,0.7011494252873564,0.3114224137931034,0.6885775862068966
YKL079W,-1,1.9157792457237168,61,2024,4472,26,0.6885918274343005,0.029256594724220625,0.7011494252873564,0.31157635467980294,0.6884236453201971
YBR231C,-1,1.9154725819579965,61,2025,4471,26,0.6884399210086587,0.029242569511025888,0.7011494252873564,0.31173029556650245,0.6882697044334976
YNR032W,-1,1.9150788450294187,61,2026,4470,26,0.6882880145830169,0.02922855773838045,0.7011494252873564,0.31188423645320196,0.688115763546798
YBL098W,-1,1.9125219446100277,61,2027,4469,26,0.688136108157375,0.02921455938697318,0.7011494252873564,0.31203817733990147,0.6879618226600985
YPL275W,-1,1.9102221632959744,61,2028,4468,26,0.6879842017317332,0.02920057443752992,0.7011494252873564,0.312192118226601,0.687807881773399
YBL034C,-1,1.9100068407294546,61,2029,4467,26,0.6878322953060915,0.029186602870813396,0.7011494252873564,0.3123460591133005,0.6876539408866995
YHR028C,-1,1.9093409159685135,61,2030,4466,26,0.6876803888804497,0.029172644667623145,0.7011494252873564,0.3125,0.6875
YER081W,-1,1.9090599527457202,61,2031,4465,26,0.6875284824548078,0.029158699808795412,0.7011494252873564,0.3126539408866995,0.6873460591133005
YGL067W,-1,1.908594426055865,61,2032,4464,26,0.687376576029166,0.029144768275203056,0.7011494252873564,0.312807881773399,0.687192118226601
YDL018C,-1,1.9076390840221193,61,2033,4463,26,0.6872246696035242,0.02913085004775549,0.7011494252873564,0.31296182266009853,0.6870381773399015
YGR070W,-1,1.907392823807289,61,2034,4462,26,0.6870727631778825,0.029116945107398567,0.7011494252873564,0.31311576354679804,0.686884236453202
YOL146W,-1,1.9071973359474519,61,2035,4461,26,0.6869208567522406,0.029103053435114504,0.7011494252873564,0.31326970443349755,0.6867302955665024
YJR099W,-1,1.9057858888001475,61,2036,4460,26,0.6867689503265988,0.029089175011921792,0.7011494252873564,0.31342364532019706,0.6865763546798029
YOR162C,-1,1.9055188579289986,61,2037,4459,26,0.686617043900957,0.029075309818875118,0.7011494252873564,0.3135775862068966,0.6864224137931034
YER072W,-1,1.904439167143088,61,2038,4458,26,0.6864651374753152,0.02906145783706527,0.7011494252873564,0.3137315270935961,0.6862684729064039
YOL121C,-1,1.9016686244812684,61,2039,4457,26,0.6863132310496735,0.029047619047619048,0.7011494252873564,0.31388546798029554,0.6861145320197044
YGR092W,-1,1.9013302294395877,61,2040,4456,26,0.6861613246240316,0.029033793431699192,0.7011494252873564,0.31403940886699505,0.6859605911330049
YGR289C,-1,1.8984960515435376,61,2041,4455,26,0.6860094181983898,0.029019980970504282,0.7011494252873564,0.31419334975369456,0.6858066502463054
YDR103W,-1,1.89683544653465,61,2042,4454,26,0.685857511772748,0.029006181645268664,0.7011494252873564,0.3143472906403941,0.6856527093596059
YNR041C,-1,1.8954277253993956,61,2043,4453,26,0.6857056053471062,0.02899239543726236,0.7011494252873564,0.3145012315270936,0.6854987684729064
YER154W,-1,1.8911400919986254,61,2044,4452,26,0.6855536989214643,0.028978622327790974,0.7011494252873564,0.3146551724137931,0.6853448275862069
YOL055C,-1,1.890554099543632,61,2045,4451,26,0.6854017924958226,0.028964862298195632,0.7011494252873564,0.3148091133004926,0.6851908866995073
YLR377C,-1,1.8903012255419234,61,2046,4450,26,0.6852498860701808,0.02895111532985287,0.7011494252873564,0.3149630541871921,0.6850369458128078
YAR033W,-1,1.8894716588744245,61,2047,4449,26,0.685097979644539,0.028937381404174574,0.7011494252873564,0.3151169950738916,0.6848830049261084
YGR105W,-1,1.8892204560815502,61,2048,4448,26,0.6849460732188971,0.028923660502607872,0.7011494252873564,0.31527093596059114,0.6847290640394089
YIL014W,-1,1.887961463273852,61,2049,4447,26,0.6847941667932553,0.02890995260663507,0.7011494252873564,0.31542487684729065,0.6845751231527094
YBL005W,-1,1.8866453995033547,61,2050,4446,26,0.6846422603676136,0.028896257697773566,0.7011494252873564,0.31557881773399016,0.6844211822660099
YMR096W,-1,1.8818666355838334,61,2051,4445,26,0.6844903539419718,0.028882575757575756,0.7011494252873564,0.31573275862068967,0.6842672413793104
YNL093W,-1,1.8815177878449594,61,2052,4444,26,0.68433844751633,0.028868906767628964,0.7011494252873564,0.3158866995073892,0.6841133004926109
YCL016C,-1,1.8799981600646636,61,2053,4443,26,0.6841865410906881,0.028855250709555344,0.7011494252873564,0.3160406403940887,0.6839593596059114
YBR123C,-1,1.879323760752119,61,2054,4442,26,0.6840346346650463,0.02884160756501182,0.7011494252873564,0.3161945812807882,0.6838054187192119
YNR010W,-1,1.8791242984510712,61,2055,4441,26,0.6838827282394045,0.028827977315689982,0.7011494252873564,0.3163485221674877,0.6836514778325123
YPL249C-A,-1,1.8788515670082724,61,2056,4440,26,0.6837308218137628,0.028814359943316013,0.7011494252873564,0.31650246305418717,0.6834975369458128
YER032W,-1,1.8779470573343542,61,2057,4439,26,0.6835789153881209,0.028800755429650614,0.7011494252873564,0.3166564039408867,0.6833435960591133
YBR196C,-1,1.877920277611597,61,2058,4438,26,0.6834270089624791,0.02878716375648891,0.7011494252873564,0.3168103448275862,0.6831896551724138
YOR005C,-1,1.8734265604649034,61,2059,4437,26,0.6832751025368373,0.028773584905660378,0.7011494252873564,0.3169642857142857,0.6830357142857143
YDR517W,-1,1.873254270383538,61,2060,4436,26,0.6831231961111955,0.02876001885902876,0.7011494252873564,0.3171182266009852,0.6828817733990148
YGR042W,-1,1.8731258886003086,61,2061,4435,26,0.6829712896855537,0.028746465598491987,0.7011494252873564,0.3172721674876847,0.6827278325123153
YJL083W,-1,1.8728997025363645,61,2062,4434,26,0.6828193832599119,0.0287329251059821,0.7011494252873564,0.31742610837438423,0.6825738916256158
YJL085W,-1,1.8718038791660774,61,2063,4433,26,0.6826674768342701,0.02871939736346516,0.7011494252873564,0.31758004926108374,0.6824199507389163
YOR142W-A,-1,1.8710119784521786,61,2064,4432,26,0.6825155704086283,0.028705882352941175,0.7011494252873564,0.31773399014778325,0.6822660098522167
YPR011C,-1,1.8705585718403697,61,2065,4431,26,0.6823636639829865,0.028692380056444027,0.7011494252873564,0.31788793103448276,0.6821120689655172
YNL240C,-1,1.8700573422006643,61,2066,4430,26,0.6822117575573446,0.028678890456041373,0.7011494252873564,0.3180418719211823,0.6819581280788177
YIR037W,-1,1.869775836788665,61,2067,4429,26,0.6820598511317029,0.028665413533834585,0.7011494252873564,0.3181958128078818,0.6818041871921182
YDL008W,-1,1.869458633201955,61,2068,4428,26,0.6819079447060611,0.028651949271958667,0.7011494252873564,0.3183497536945813,0.6816502463054187
YNL027W,-1,1.8692861639290734,61,2069,4427,26,0.6817560382804193,0.02863849765258216,0.7011494252873564,0.3185036945812808,0.6814963054187192
YMR238W,-1,1.868533025772731,61,2070,4426,26,0.6816041318547774,0.028625058657907085,0.7011494252873564,0.3186576354679803,0.6813423645320197
YOL018C,-1,1.8677742042731993,61,2071,4425,26,0.6814522254291356,0.028611632270168854,0.7011494252873564,0.3188115763546798,0.6811884236453202
YGL071W,-1,1.8659521859917774,61,2072,4424,26,0.6813003190034939,0.028598218471636194,0.7011494252873564,0.31896551724137934,0.6810344827586207
YDL142C,-1,1.865379518763349,61,2073,4423,26,0.6811484125778521,0.02858481724461106,0.7011494252873564,0.3191194581280788,0.6808805418719212
tE(UUC)M,-1,1.864495600851336,61,2074,4422,26,0.6809965061522102,0.02857142857142857,0.7011494252873564,0.3192733990147783,0.6807266009852216
YLR032W,-1,1.8641223182112416,61,2075,4421,26,0.6808445997265684,0.02855805243445693,0.7011494252873564,0.3194273399014778,0.6805726600985221
YHR153C,-1,1.8632380603344096,61,2076,4420,26,0.6806926933009266,0.028544688816097334,0.7011494252873564,0.3195812807881773,0.6804187192118226
YJR131W,-1,1.862006063271452,61,2077,4419,26,0.6805407868752849,0.02853133769878391,0.7011494252873564,0.31973522167487683,0.6802647783251231
YDL113C,-1,1.8619330925956923,61,2078,4418,26,0.6803888804496431,0.02851799906498364,0.7011494252873564,0.31988916256157635,0.6801108374384236
YKR037C,-1,1.8615385495497778,61,2079,4417,26,0.6802369740240012,0.02850467289719626,0.7011494252873564,0.32004310344827586,0.6799568965517241
YGL017W,-1,1.8605969908750208,61,2080,4416,26,0.6800850675983594,0.02849135917795423,0.7011494252873564,0.32019704433497537,0.6798029556650246
YLL063C,-1,1.8603841649713428,61,2081,4415,26,0.6799331611727176,0.028478057889822595,0.7011494252873564,0.3203509852216749,0.6796490147783252
YOR266W,-1,1.8598072316142824,61,2082,4414,26,0.6797812547470758,0.028464769015398975,0.7011494252873564,0.3205049261083744,0.6794950738916257
YDL020C,-1,1.8597003640800747,61,2083,4413,26,0.679629348321434,0.02845149253731343,0.7011494252873564,0.3206588669950739,0.6793411330049262
YKL080W,-1,1.8592983140535644,61,2084,4412,26,0.6794774418957922,0.02843822843822844,0.7011494252873564,0.3208128078817734,0.6791871921182266
YML001W,-1,1.8580482454237777,61,2085,4411,26,0.6793255354701504,0.02842497670083877,0.7011494252873564,0.3209667487684729,0.6790332512315271
YGR087C,-1,1.8557659906765327,61,2086,4410,26,0.6791736290445086,0.02841173730787145,0.7011494252873564,0.32112068965517243,0.6788793103448276
YGR161C-D,-1,1.8539515947851346,61,2087,4409,26,0.6790217226188667,0.028398510242085662,0.7011494252873564,0.32127463054187194,0.6787253694581281
YBR084C-A,-1,1.8537034851864704,61,2088,4408,26,0.678869816193225,0.028385295486272687,0.7011494252873564,0.32142857142857145,0.6785714285714286
YJL073W,-1,1.8490776645185667,61,2089,4407,26,0.6787179097675832,0.028372093023255815,0.7011494252873564,0.32158251231527096,0.6784174876847291
YPL095C,-1,1.8461743635095857,61,2090,4406,26,0.6785660033419414,0.028358902835890282,0.7011494252873564,0.3217364532019704,0.6782635467980296
YFR034C,-1,1.845448705644971,61,2091,4405,26,0.6784140969162996,0.028345724907063198,0.7011494252873564,0.32189039408866993,0.6781096059113301
YDR004W,-1,1.8444621093199387,61,2092,4404,26,0.6782621904906577,0.02833255921969345,0.7011494252873564,0.32204433497536944,0.6779556650246306
YJL166W,-1,1.842544305770533,61,2093,4403,26,0.678110284065016,0.028319405756731662,0.7011494252873564,0.32219827586206895,0.677801724137931
YFR004W,-1,1.8411508062375321,61,2094,4402,26,0.6779583776393742,0.028306264501160094,0.7011494252873564,0.32235221674876846,0.6776477832512315
YBR294W,-1,1.8401464356697772,61,2095,4401,26,0.6778064712137324,0.02829313543599258,0.7011494252873564,0.32250615763546797,0.677493842364532
YGR252W,-1,1.8398375910812483,61,2096,4400,26,0.6776545647880905,0.028280018544274456,0.7011494252873564,0.3226600985221675,0.6773399014778325
YER105C,-1,1.839735681253037,61,2097,4399,26,0.6775026583624487,0.028266913809082483,0.7011494252873564,0.322814039408867,0.677185960591133
YBR119W,-1,1.8366735589120453,61,2098,4398,26,0.6773507519368069,0.02825382121352478,0.7011494252873564,0.3229679802955665,0.6770320197044335
YDL165W,-1,1.836009943452611,61,2099,4397,26,0.6771988455111652,0.02824074074074074,0.7011494252873564,0.323121921182266,0.676878078817734
YDL160C,-1,1.8355243060495416,61,2100,4396,26,0.6770469390855233,0.02822767237390097,0.7011494252873564,0.3232758620689655,0.6767241379310345
YPR158W-B,-1,1.8332426568601297,61,2101,4395,26,0.6768950326598815,0.028214616096207217,0.7011494252873564,0.32342980295566504,0.676570197044335
YMR202W,-1,1.832723071987095,61,2102,4394,26,0.6767431262342397,0.02820157189089228,0.7011494252873564,0.32358374384236455,0.6764162561576355
YML042W,-1,1.8315127895585763,61,2103,4393,26,0.6765912198085979,0.028188539741219962,0.7011494252873564,0.32373768472906406,0.6762623152709359
YPL055C,-1,1.8308945841693305,61,2104,4392,26,0.6764393133829562,0.02817551963048499,0.7011494252873564,0.32389162561576357,0.6761083743842364
YMR078C,-1,1.8307032154486604,61,2105,4391,26,0.6762874069573143,0.02816251154201293,0.7011494252873564,0.3240455665024631,0.6759544334975369
YEL051W,-1,1.8298256239966784,61,2106,4390,26,0.6761355005316725,0.02814951545916013,0.7011494252873564,0.3241995073891626,0.6758004926108374
YOR304W,-1,1.8293174977541182,61,2107,4389,26,0.6759835941060307,0.028136531365313654,0.7011494252873564,0.32435344827586204,0.6756465517241379
YER095W,-1,1.8279181871270433,61,2108,4388,26,0.6758316876803889,0.028123559243891195,0.7011494252873564,0.32450738916256155,0.6754926108374384
YBR199W,-1,1.8256858722007225,61,2109,4387,26,0.675679781254747,0.028110599078341014,0.7011494252873564,0.32466133004926107,0.6753386699507389
YML131W,-1,1.8237736404788265,61,2110,4386,26,0.6755278748291053,0.02809765085214187,0.7011494252873564,0.3248152709359606,0.6751847290640394
YDL234C,-1,1.8237275463871843,61,2111,4385,26,0.6753759684034635,0.028084714548802948,0.7011494252873564,0.3249692118226601,0.6750307881773399
YJL065C,-1,1.8234172579898893,61,2112,4384,26,0.6752240619778217,0.02807179015186378,0.7011494252873564,0.3251231527093596,0.6748768472906403
YIL124W,-1,1.82317568551701,61,2113,4383,26,0.6750721555521798,0.028058877644894203,0.7011494252873564,0.3252770935960591,0.6747229064039408
YHR163W,0,1.8225666050116718,61,2113,4383,26,0.6750721555521798,0.028058877644894203,0.7011494252873564,0.3252770935960591,0.6747229064039408
YER122C,-1,1.8211205548382925,61,2114,4382,26,0.674920249126538,0.028045977011494253,0.7011494252873564,0.3254310344827586,0.6745689655172413
YFL011W,-1,1.8200939995689858,61,2115,4381,26,0.6747683427008963,0.02803308823529412,0.7011494252873564,0.32558497536945813,0.6744150246305419
YEL066W,-1,1.819746365090222,61,2116,4380,26,0.6746164362752545,0.028020211299954065,0.7011494252873564,0.32573891625615764,0.6742610837438424
YBR015C,-1,1.8193680977278546,61,2117,4379,26,0.6744645298496127,0.02800734618916437,0.7011494252873564,0.32589285714285715,0.6741071428571429
YMR037C,-1,1.8180189029313027,61,2118,4378,26,0.6743126234239708,0.02799449288664525,0.7011494252873564,0.32604679802955666,0.6739532019704434
YGL114W,-1,1.8148247350522568,61,2119,4377,26,0.674160716998329,0.02798165137614679,0.7011494252873564,0.32620073891625617,0.6737992610837439
YPR005C,-1,1.8132292917274895,61,2120,4376,26,0.6740088105726872,0.027968821641448878,0.7011494252873564,0.3263546798029557,0.6736453201970444
YPR193C,-1,1.812788333491441,61,2121,4375,26,0.6738569041470455,0.027956003666361137,0.7011494252873564,0.3265086206896552,0.6734913793103449
YDR062W,-1,1.8123953281605534,61,2122,4374,26,0.6737049977214036,0.027943197434722858,0.7011494252873564,0.3266625615763547,0.6733374384236454
YOR068C,-1,1.8110718832548947,61,2123,4373,26,0.6735530912957618,0.027930402930402932,0.7011494252873564,0.3268165024630542,0.6731834975369458
YIR030C,-1,1.8100639562799758,61,2124,4372,26,0.67340118487012,0.027917620137299773,0.7011494252873564,0.32697044334975367,0.6730295566502463
YLR182W,-1,1.8084333079732435,61,2125,4371,26,0.6732492784444782,0.027904849039341262,0.7011494252873564,0.3271243842364532,0.6728756157635468
YLL006W,-1,1.8059744719291724,61,2126,4370,26,0.6730973720188363,0.027892089620484683,0.7011494252873564,0.3272783251231527,0.6727216748768473
YOR132W,-1,1.805215802376358,61,2127,4369,26,0.6729454655931946,0.027879341864716637,0.7011494252873564,0.3274322660098522,0.6725677339901478
YDL247W,-1,1.8049950619317554,61,2128,4368,26,0.6727935591675528,0.027866605756052994,0.7011494252873564,0.3275862068965517,0.6724137931034483
YGL187C,-1,1.804539379832863,61,2129,4367,26,0.672641652741911,0.027853881278538814,0.7011494252873564,0.3277401477832512,0.6722598522167488
YLR359W,-1,1.8030516546331297,61,2130,4366,26,0.6724897463162692,0.02784116841624829,0.7011494252873564,0.32789408866995073,0.6721059113300493
YJL081C,-1,1.8022212394465007,61,2131,4365,26,0.6723378398906273,0.027828467153284672,0.7011494252873564,0.32804802955665024,0.6719519704433498
YLR090W,-1,1.801188797561543,61,2132,4364,26,0.6721859334649856,0.02781577747378021,0.7011494252873564,0.32820197044334976,0.6717980295566502
YJR089W,-1,1.7961645101776103,61,2133,4363,26,0.6720340270393438,0.02780309936189608,0.7011494252873564,0.32835591133004927,0.6716440886699507
YGR144W,-1,1.7958567790489153,61,2134,4362,26,0.671882120613702,0.027790432801822324,0.7011494252873564,0.3285098522167488,0.6714901477832512
tS(AGA)B,-1,1.7954495825946148,61,2135,4361,26,0.6717302141880601,0.027777777777777776,0.7011494252873564,0.3286637931034483,0.6713362068965517
YER083C,-1,1.7953372827223673,61,2136,4360,26,0.6715783077624183,0.027765134274010013,0.7011494252873564,0.3288177339901478,0.6711822660098522
YER074W-A,-1,1.7948587861839207,61,2137,4359,26,0.6714264013367766,0.027752502274795268,0.7011494252873564,0.3289716748768473,0.6710283251231527
YJL209W,-1,1.7937460870178898,61,2138,4358,26,0.6712744949111348,0.02773988176443838,0.7011494252873564,0.3291256157635468,0.6708743842364532
Q0120,-1,1.7929749803169253,61,2139,4357,26,0.6711225884854929,0.02772727272727273,0.7011494252873564,0.32927955665024633,0.6707204433497537
YGL232W,-1,1.7919186601388715,61,2140,4356,26,0.6709706820598511,0.027714675147660156,0.7011494252873564,0.3294334975369458,0.6705665024630542
YBR045C,-1,1.7901310716402397,61,2141,4355,26,0.6708187756342093,0.027702089009990917,0.7011494252873564,0.3295874384236453,0.6704125615763546
YLR102C,-1,1.7881299330232485,61,2142,4354,26,0.6706668692085676,0.027689514298683614,0.7011494252873564,0.3297413793103448,0.6702586206896551
YGR194C,-1,1.7855931074301397,61,2143,4353,26,0.6705149627829258,0.027676950998185117,0.7011494252873564,0.3298953201970443,0.6701046798029556
YLR016C,-1,1.7847478362713354,61,2144,4352,26,0.6703630563572839,0.027664399092970523,0.7011494252873564,0.33004926108374383,0.6699507389162561
YER117W,-1,1.7840983981772052,61,2145,4351,26,0.6702111499316421,0.027651858567543066,0.7011494252873564,0.33020320197044334,0.6697967980295566
YKL140W,-1,1.7838573241900724,61,2146,4350,26,0.6700592435060003,0.027639329406434075,0.7011494252873564,0.33035714285714285,0.6696428571428571
YMR087W,-1,1.78309118651611,61,2147,4349,26,0.6699073370803585,0.0276268115942029,0.7011494252873564,0.33051108374384236,0.6694889162561576
YNL068C,-1,1.7827159699812538,61,2148,4348,26,0.6697554306547167,0.02761430511543685,0.7011494252873564,0.33066502463054187,0.6693349753694581
YML092C,-1,1.7819718228913763,61,2149,4347,26,0.6696035242290749,0.02760180995475113,0.7011494252873564,0.3308189655172414,0.6691810344827587
YHL031C,-1,1.7812006679187842,61,2150,4346,26,0.6694516178034331,0.027589326096788783,0.7011494252873564,0.3309729064039409,0.6690270935960592
YKL146W,-1,1.7806042276481666,61,2151,4345,26,0.6692997113777913,0.027576853526220614,0.7011494252873564,0.3311268472906404,0.6688731527093597
YLR039C,-1,1.7805597007610783,61,2152,4344,26,0.6691478049521494,0.027564392227745142,0.7011494252873564,0.3312807881773399,0.6687192118226601
YFR015C,-1,1.7803113506533816,61,2153,4343,26,0.6689958985265076,0.027551942186088526,0.7011494252873564,0.3314347290640394,0.6685652709359606
YNR048W,-1,1.7792424690672561,61,2154,4342,26,0.6688439921008659,0.027539503386004513,0.7011494252873564,0.33158866995073893,0.6684113300492611
YIR029W,-1,1.7779132444842596,61,2155,4341,26,0.6686920856752241,0.027527075812274367,0.7011494252873564,0.33174261083743845,0.6682573891625616
YDR350C,-1,1.7775095478560876,61,2156,4340,26,0.6685401792495823,0.02751465944970681,0.7011494252873564,0.33189655172413796,0.6681034482758621
YDL019C,-1,1.7759726265253195,61,2157,4339,26,0.6683882728239404,0.02750225428313796,0.7011494252873564,0.3320504926108374,0.6679495073891626
tG(CCC)O,-1,1.7758960884406298,61,2158,4338,26,0.6682363663982986,0.027489860297431275,0.7011494252873564,0.3322044334975369,0.6677955665024631
YPL002C,-1,1.7739479833823564,61,2159,4337,26,0.6680844599726569,0.027477477477477478,0.7011494252873564,0.33235837438423643,0.6676416256157636
YMR047C,-1,1.7739074491215059,61,2160,4336,26,0.6679325535470151,0.027465105808194508,0.7011494252873564,0.33251231527093594,0.6674876847290641
YPL046C,-1,1.7707870583747667,61,2161,4335,26,0.6677806471213732,0.027452745274527453,0.7011494252873564,0.33266625615763545,0.6673337438423645
YKR066C,-1,1.7671574330191557,61,2162,4334,26,0.6676287406957314,0.027440395861448492,0.7011494252873564,0.33282019704433496,0.667179802955665
YGL087C,-1,1.7658930237545511,61,2163,4333,26,0.6674768342700896,0.027428057553956834,0.7011494252873564,0.3329741379310345,0.6670258620689655
YOR023C,-1,1.7638457572419792,61,2164,4332,26,0.6673249278444479,0.027415730337078652,0.7011494252873564,0.333128078817734,0.666871921182266
YPR086W,-1,1.7631737496979887,61,2165,4331,26,0.667173021418806,0.027403414195867025,0.7011494252873564,0.3332820197044335,0.6667179802955665
YLR047C,-1,1.7624725197896207,61,2166,4330,26,0.6670211149931642,0.027391109115401886,0.7011494252873564,0.333435960591133,0.666564039408867
tK(CUU)J,-1,1.7624069855275,61,2167,4329,26,0.6668692085675224,0.027378815080789945,0.7011494252873564,0.3335899014778325,0.6664100985221675
YMR303C,-1,1.7622628124681277,61,2168,4328,26,0.6667173021418806,0.02736653207716465,0.7011494252873564,0.33374384236453203,0.666256157635468
YKR008W,-1,1.758686128075786,61,2169,4327,26,0.6665653957162389,0.027354260089686097,0.7011494252873564,0.33389778325123154,0.6661022167487685
YDR342C,-1,1.7538772795815558,61,2170,4326,26,0.666413489290597,0.02734199910354101,0.7011494252873564,0.33405172413793105,0.665948275862069
YIL002C,-1,1.7458990825899725,61,2171,4325,26,0.6662615828649552,0.027329749103942653,0.7011494252873564,0.33420566502463056,0.6657943349753694
YNL094W,-1,1.7438227481286668,61,2172,4324,26,0.6661096764393134,0.027317510076130765,0.7011494252873564,0.33435960591133007,0.6656403940886699
YBR041W,-1,1.7436800195269733,61,2173,4323,26,0.6659577700136716,0.02730528200537153,0.7011494252873564,0.3345135467980296,0.6654864532019704
YGR261C,-1,1.7426511786401655,61,2174,4322,26,0.6658058635880297,0.027293064876957495,0.7011494252873564,0.33466748768472904,0.6653325123152709
YLR300W,-1,1.742364331614226,61,2175,4321,26,0.665653957162388,0.02728085867620751,0.7011494252873564,0.33482142857142855,0.6651785714285714
YHR121W,0,1.7411848157233283,61,2175,4321,26,0.665653957162388,0.02728085867620751,0.7011494252873564,0.33482142857142855,0.6651785714285714
tS(UGA)E,-1,1.7411802352266923,61,2176,4320,26,0.6655020507367462,0.027268663388466695,0.7011494252873564,0.33497536945812806,0.6650246305418719
YKR101W,-1,1.7403894695211717,61,2177,4319,26,0.6653501443111044,0.027256478999106343,0.7011494252873564,0.33512931034482757,0.6648706896551724
YFR045W,-1,1.7398792428797152,61,2178,4318,26,0.6651982378854625,0.027244305493523895,0.7011494252873564,0.3352832512315271,0.6647167487684729
YHR150W,-1,1.738680926434574,61,2179,4317,26,0.6650463314598207,0.027232142857142858,0.7011494252873564,0.3354371921182266,0.6645628078817734
YCL061C,-1,1.7380419221493915,61,2180,4316,26,0.664894425034179,0.027219991075412762,0.7011494252873564,0.3355911330049261,0.6644088669950738
YIL045W,-1,1.7378326867722649,61,2181,4315,26,0.6647425186085372,0.027207850133809098,0.7011494252873564,0.3357450738916256,0.6642549261083743
YBR208C,-1,1.7376863531214937,61,2182,4314,26,0.6645906121828954,0.02719572001783326,0.7011494252873564,0.3358990147783251,0.6641009852216748
YGL216W,-1,1.735324189173142,61,2183,4313,26,0.6644387057572535,0.027183600713012478,0.7011494252873564,0.33605295566502463,0.6639470443349754
YFL048C,-1,1.7334816196337213,61,2184,4312,26,0.6642867993316117,0.027171492204899776,0.7011494252873564,0.33620689655172414,0.6637931034482759
YNL329C,-1,1.7332575873689255,61,2185,4311,26,0.6641348929059699,0.02715939447907391,0.7011494252873564,0.33636083743842365,0.6636391625615764
YOR249C,-1,1.731782536374066,61,2186,4310,26,0.6639829864803282,0.027147307521139297,0.7011494252873564,0.33651477832512317,0.6634852216748769
YNL088W,-1,1.7308812355269698,61,2187,4309,26,0.6638310800546863,0.027135231316725978,0.7011494252873564,0.3366687192118227,0.6633312807881774
YMR060C,-1,1.7295560976554953,61,2188,4308,26,0.6636791736290445,0.02712316585148955,0.7011494252873564,0.3368226600985222,0.6631773399014779
YDR289C,-1,1.7294190662498041,61,2189,4307,26,0.6635272672034027,0.02711111111111111,0.7011494252873564,0.3369766009852217,0.6630233990147784
YNL213C,-1,1.7284732400925387,61,2190,4306,26,0.6633753607777609,0.027099067081297203,0.7011494252873564,0.3371305418719212,0.6628694581280788
YER093C,-1,1.728019693353104,61,2191,4305,26,0.663223454352119,0.02708703374777975,0.7011494252873564,0.33728448275862066,0.6627155172413793
YHL029C,0,1.7261213902813513,61,2191,4305,26,0.663223454352119,0.02708703374777975,0.7011494252873564,0.33728448275862066,0.6627155172413793
YNL009W,-1,1.7247689446075354,61,2192,4304,26,0.6630715479264773,0.027075011096316024,0.7011494252873564,0.3374384236453202,0.6625615763546798
YFL029C,-1,1.7245424307387702,61,2193,4303,26,0.6629196415008355,0.027062999112688554,0.7011494252873564,0.3375923645320197,0.6624076354679803
YPR080W,-1,1.7232175745820977,61,2194,4302,26,0.6627677350751937,0.0270509977827051,0.7011494252873564,0.3377463054187192,0.6622536945812808
YHL012W,-1,1.722677500748574,61,2195,4301,26,0.6626158286495519,0.027039007092198582,0.7011494252873564,0.3379002463054187,0.6620997536945813
YNL008C,-1,1.7226074246612753,61,2196,4300,26,0.66246392222391,0.02702702702702703,0.7011494252873564,0.3380541871921182,0.6619458128078818
YGL227W,-1,1.721492636559964,61,2197,4299,26,0.6623120157982683,0.027015057573073518,0.7011494252873564,0.3382081280788177,0.6617918719211823
YOR347C,-1,1.7210335608896457,61,2198,4298,26,0.6621601093726265,0.027003098716246128,0.7011494252873564,0.33836206896551724,0.6616379310344828
YHR123W,-1,1.716441427275067,61,2199,4297,26,0.6620082029469847,0.026991150442477876,0.7011494252873564,0.33851600985221675,0.6614839901477833
YEL002C,-1,1.7153217476900922,61,2200,4296,26,0.6618562965213428,0.02697921273772667,0.7011494252873564,0.33866995073891626,0.6613300492610837
YFL021W,-1,1.7135906594407508,61,2201,4295,26,0.661704390095701,0.026967285587975242,0.7011494252873564,0.33882389162561577,0.6611761083743842
YOR075W,-1,1.7129803974351603,61,2202,4294,26,0.6615524836700593,0.02695536897923111,0.7011494252873564,0.3389778325123153,0.6610221674876847
YNL049C,-1,1.7123661355481306,61,2203,4293,26,0.6614005772444175,0.026943462897526502,0.7011494252873564,0.3391317733990148,0.6608682266009852
YOR194C,-1,1.7121773437169134,61,2204,4292,26,0.6612486708187756,0.026931567328918323,0.7011494252873564,0.3392857142857143,0.6607142857142857
YDL239C,-1,1.710945509110779,61,2205,4291,26,0.6610967643931338,0.026919682259488084,0.7011494252873564,0.3394396551724138,0.6605603448275862
YGR048W,-1,1.7108402443394346,61,2206,4290,26,0.660944857967492,0.02690780767534186,0.7011494252873564,0.3395935960591133,0.6604064039408867
YDR311W,-1,1.7106609372942343,61,2207,4289,26,0.6607929515418502,0.026895943562610228,0.7011494252873564,0.33974753694581283,0.6602524630541872
YDR320C,-1,1.7100224388480696,61,2208,4288,26,0.6606410451162085,0.026884089907448214,0.7011494252873564,0.3399014778325123,0.6600985221674877
YBR223C,-1,1.7069603513861837,61,2209,4287,26,0.6604891386905666,0.026872246696035242,0.7011494252873564,0.3400554187192118,0.6599445812807881
YNL169C,-1,1.7058220114705824,61,2210,4286,26,0.6603372322649248,0.02686041391457508,0.7011494252873564,0.3402093596059113,0.6597906403940886
YDR261W-B,-1,1.6991832590397886,61,2211,4285,26,0.660185325839283,0.026848591549295774,0.7011494252873564,0.3403633004926108,0.6596366995073891
tP(AGG)N,-1,1.6968369106428969,61,2212,4284,26,0.6600334194136412,0.026836779586449627,0.7011494252873564,0.34051724137931033,0.6594827586206896
YMR063W,-1,1.6947083591244982,61,2213,4283,26,0.6598815129879994,0.026824978012313105,0.7011494252873564,0.34067118226600984,0.6593288177339901
YBR293W,-1,1.6944194292241745,61,2214,4282,26,0.6597296065623576,0.026813186813186812,0.7011494252873564,0.34082512315270935,0.6591748768472906
YMR287C,-1,1.6927505842336028,61,2215,4281,26,0.6595777001367158,0.02680140597539543,0.7011494252873564,0.34097906403940886,0.6590209359605911
YLR119W,-1,1.692675266902862,61,2216,4280,26,0.659425793711074,0.02678963548528766,0.7011494252873564,0.3411330049261084,0.6588669950738916
YOL038W,-1,1.6923046021468884,61,2217,4279,26,0.6592738872854321,0.026777875329236173,0.7011494252873564,0.3412869458128079,0.6587130541871922
YOL088C,-1,1.6916880740470885,61,2218,4278,26,0.6591219808597903,0.02676612549363756,0.7011494252873564,0.3414408866995074,0.6585591133004927
YKL188C,-1,1.6884201580510072,61,2219,4277,26,0.6589700744341486,0.02675438596491228,0.7011494252873564,0.3415948275862069,0.6584051724137931
YOR181W,-1,1.6878809116284144,61,2220,4276,26,0.6588181680085068,0.026742656729504603,0.7011494252873564,0.3417487684729064,0.6582512315270936
YPL065W,-1,1.6836030104512498,61,2221,4275,26,0.658666261582865,0.02673093777388256,0.7011494252873564,0.3419027093596059,0.6580972906403941
YOR357C,-1,1.6797388329339764,61,2222,4274,26,0.6585143551572231,0.026719229084537888,0.7011494252873564,0.34205665024630544,0.6579433497536946
YOL116W,-1,1.6796356331597118,61,2223,4273,26,0.6583624487315813,0.026707530647985988,0.7011494252873564,0.34221059113300495,0.6577894088669951
YER170W,-1,1.6774190569171175,61,2224,4272,26,0.6582105423059396,0.026695842450765863,0.7011494252873564,0.34236453201970446,0.6576354679802956
YDR173C,-1,1.6765541429975785,61,2225,4271,26,0.6580586358802978,0.02668416447944007,0.7011494252873564,0.3425184729064039,0.6574815270935961
YGR041W,-1,1.6763294295328717,61,2226,4270,26,0.6579067294546559,0.026672496720594664,0.7011494252873564,0.3426724137931034,0.6573275862068966
YOL043C,-1,1.6758290429458846,61,2227,4269,26,0.6577548230290141,0.02666083916083916,0.7011494252873564,0.34282635467980294,0.6571736453201971
YBR278W,-1,1.6739771478279823,61,2228,4268,26,0.6576029166033723,0.026649191786806466,0.7011494252873564,0.34298029556650245,0.6570197044334976
YHR109W,1,1.6722020637021768,62,2228,4268,25,0.6577548230290141,0.027074235807860263,0.7126436781609196,0.34298029556650245,0.6570197044334976
YLR431C,-1,1.6721615811712454,62,2229,4267,25,0.6576029166033723,0.027062418158009603,0.7126436781609196,0.34313423645320196,0.656865763546798
YKL022C,-1,1.6715933848964128,62,2230,4266,25,0.6574510101777306,0.027050610820244327,0.7126436781609196,0.34328817733990147,0.6567118226600985
YBR215W,-1,1.6699549776756188,62,2231,4265,25,0.6572991037520887,0.02703881378107283,0.7126436781609196,0.343442118226601,0.656557881773399
YNL099C,-1,1.6699194291848976,62,2232,4264,25,0.6571471973264469,0.02702702702702703,0.7126436781609196,0.3435960591133005,0.6564039408866995
YDR512C,-1,1.6698865350259904,62,2233,4263,25,0.6569952909008051,0.02701525054466231,0.7126436781609196,0.34375,0.65625
YKL034W,-1,1.6619169512383154,62,2234,4262,25,0.6568433844751633,0.02700348432055749,0.7126436781609196,0.3439039408866995,0.6560960591133005
YGR244C,-1,1.6602607820006852,62,2235,4261,25,0.6566914780495215,0.026991728341314757,0.7126436781609196,0.344057881773399,0.655942118226601
YGL255W,-1,1.6598627231929861,62,2236,4260,25,0.6565395716238797,0.026979982593559618,0.7126436781609196,0.34421182266009853,0.6557881773399015
YNL121C,-1,1.6589808054915978,62,2237,4259,25,0.6563876651982379,0.026968247063940843,0.7126436781609196,0.34436576354679804,0.655634236453202
YDL103C,-1,1.6584434186740986,62,2238,4258,25,0.6562357587725961,0.026956521739130435,0.7126436781609196,0.34451970443349755,0.6554802955665024
YDR453C,-1,1.6566974324359107,62,2239,4257,25,0.6560838523469543,0.026944806605823556,0.7126436781609196,0.34467364532019706,0.6553263546798029
YDR145W,-1,1.6558207995612364,62,2240,4256,25,0.6559319459213124,0.02693310165073849,0.7126436781609196,0.3448275862068966,0.6551724137931034
YDR082W,-1,1.6527340345831647,62,2241,4255,25,0.6557800394956707,0.026921406860616587,0.7126436781609196,0.3449815270935961,0.6550184729064039
YKL141W,-1,1.6514040143226676,62,2242,4254,25,0.6556281330700289,0.026909722222222224,0.7126436781609196,0.34513546798029554,0.6548645320197044
YCR082W,-1,1.648800849722166,62,2243,4253,25,0.6554762266443871,0.026898047722342732,0.7126436781609196,0.34528940886699505,0.6547105911330049
YGL092W,-1,1.6479184235107198,62,2244,4252,25,0.6553243202187452,0.026886383347788378,0.7126436781609196,0.34544334975369456,0.6545566502463054
YBR109C,-1,1.6475517902946673,62,2245,4251,25,0.6551724137931034,0.026874729085392284,0.7126436781609196,0.3455972906403941,0.6544027093596059
YGR010W,-1,1.6474358142985093,62,2246,4250,25,0.6550205073674616,0.026863084922010397,0.7126436781609196,0.3457512315270936,0.6542487684729064
YGL244W,-1,1.646455361147015,62,2247,4249,25,0.6548686009418199,0.026851450844521438,0.7126436781609196,0.3459051724137931,0.6540948275862069
YGL091C,-1,1.6456907727460277,62,2248,4248,25,0.6547166945161781,0.02683982683982684,0.7126436781609196,0.3460591133004926,0.6539408866995073
YPL221W,-1,1.6441912752169787,62,2249,4247,25,0.6545647880905362,0.026828212894850715,0.7126436781609196,0.3462130541871921,0.6537869458128078
YHR134W,-1,1.6415274955153552,62,2250,4246,25,0.6544128816648944,0.026816608996539794,0.7126436781609196,0.3463669950738916,0.6536330049261084
YDL105W,-1,1.6402450434833613,62,2251,4245,25,0.6542609752392526,0.02680501513186338,0.7126436781609196,0.34652093596059114,0.6534790640394089
YKL028W,-1,1.6401572418251542,62,2252,4244,25,0.6541090688136109,0.02679343128781331,0.7126436781609196,0.34667487684729065,0.6533251231527094
YCR014C,-1,1.639345782408776,62,2253,4243,25,0.653957162387969,0.02678185745140389,0.7126436781609196,0.34682881773399016,0.6531711822660099
YPR137C-A,-1,1.6383483893346218,62,2254,4242,25,0.6538052559623272,0.02677029360967185,0.7126436781609196,0.34698275862068967,0.6530172413793104
YFR014C,-1,1.636141882549825,62,2255,4241,25,0.6536533495366854,0.026758739749676307,0.7126436781609196,0.3471366995073892,0.6528633004926109
YPL047W,-1,1.6331029666402166,62,2256,4240,25,0.6535014431110436,0.026747195858498704,0.7126436781609196,0.3472906403940887,0.6527093596059114
YGL063W,-1,1.6309950860115328,62,2257,4239,25,0.6533495366854017,0.026735661923242778,0.7126436781609196,0.3474445812807882,0.6525554187192119
YDR281C,-1,1.6304627563267793,62,2258,4238,25,0.65319763025976,0.026724137931034484,0.7126436781609196,0.3475985221674877,0.6524014778325123
YJL088W,0,1.6276581167892075,62,2258,4238,25,0.65319763025976,0.026724137931034484,0.7126436781609196,0.3475985221674877,0.6524014778325123
YDR489W,-1,1.627634293058927,62,2259,4237,25,0.6530457238341182,0.026712623869021974,0.7126436781609196,0.34775246305418717,0.6522475369458128
YNL284C-B,-1,1.6269842055990358,62,2260,4236,25,0.6528938174084764,0.026701119724375538,0.7126436781609196,0.3479064039408867,0.6520935960591133
YGR088W,-1,1.626160472563348,62,2261,4235,25,0.6527419109828346,0.02668962548428756,0.7126436781609196,0.3480603448275862,0.6519396551724138
YGR268C,0,1.624914891482923,62,2261,4235,25,0.6527419109828346,0.02668962548428756,0.7126436781609196,0.3480603448275862,0.6519396551724138
YBL021C,-1,1.6247744247474547,62,2262,4234,25,0.6525900045571927,0.02667814113597246,0.7126436781609196,0.3482142857142857,0.6517857142857143
YBR092C,-1,1.6237711400554502,62,2263,4233,25,0.652438098131551,0.02666666666666667,0.7126436781609196,0.3483682266009852,0.6516317733990148
YBR016W,-1,1.6237492296837448,62,2264,4232,25,0.6522861917059092,0.026655202063628546,0.7126436781609196,0.3485221674876847,0.6514778325123153
YGR040W,-1,1.6233303863884525,62,2265,4231,25,0.6521342852802674,0.026643747314138374,0.7126436781609196,0.34867610837438423,0.6513238916256158
YGR161C-C,-1,1.6224566189104814,62,2266,4230,25,0.6519823788546255,0.02663230240549828,0.7126436781609196,0.34883004926108374,0.6511699507389163
YCL027W,-1,1.6223792523379148,62,2267,4229,25,0.6518304724289837,0.026620867325032202,0.7126436781609196,0.34898399014778325,0.6510160098522167
YGL062W,-1,1.6207911752694746,62,2268,4228,25,0.651678566003342,0.026609442060085836,0.7126436781609196,0.34913793103448276,0.6508620689655172
YGL135W,-1,1.6183920631229396,62,2269,4227,25,0.6515266595777002,0.026598026598026597,0.7126436781609196,0.3492918719211823,0.6507081280788177
YHR111W,-1,1.6170668915239739,62,2270,4226,25,0.6513747531520583,0.026586620926243566,0.7126436781609196,0.3494458128078818,0.6505541871921182
YOR107W,-1,1.6132992766691363,62,2271,4225,25,0.6512228467264165,0.02657522503214745,0.7126436781609196,0.3495997536945813,0.6504002463054187
YLR256W-A,-1,1.6129025879840067,62,2272,4224,25,0.6510709403007747,0.026563838903170524,0.7126436781609196,0.3497536945812808,0.6502463054187192
YOR209C,-1,1.6128724746183771,62,2273,4223,25,0.650919033875133,0.026552462526766595,0.7126436781609196,0.3499076354679803,0.6500923645320197
YLL005C,-1,1.6099063435439873,62,2274,4222,25,0.6507671274494912,0.026541095890410957,0.7126436781609196,0.3500615763546798,0.6499384236453202
YGR241C,-1,1.6065697361090878,62,2275,4221,25,0.6506152210238493,0.026529738981600343,0.7126436781609196,0.35021551724137934,0.6497844827586207
YKL070W,0,1.6054102960922256,62,2275,4221,25,0.6506152210238493,0.026529738981600343,0.7126436781609196,0.35021551724137934,0.6497844827586207
YJL201W,-1,1.6041313686036607,62,2276,4220,25,0.6504633145982075,0.026518391787852865,0.7126436781609196,0.3503694581280788,0.6496305418719212
YNL222W,-1,1.6031505655637002,62,2277,4219,25,0.6503114081725657,0.026507054296707994,0.7126436781609196,0.3505233990147783,0.6494766009852216
YGL191W,-1,1.6030437572753928,62,2278,4218,25,0.6501595017469239,0.026495726495726495,0.7126436781609196,0.3506773399014778,0.6493226600985221
YBL041W,-1,1.6011599028203007,62,2279,4217,25,0.650007595321282,0.02648440837249039,0.7126436781609196,0.3508312807881773,0.6491687192118226
YKL007W,-1,1.6000202206795628,62,2280,4216,25,0.6498556888956403,0.026473099914602904,0.7126436781609196,0.35098522167487683,0.6490147783251231
YIL013C,-1,1.5981740348202362,62,2281,4215,25,0.6497037824699985,0.026461801109688432,0.7126436781609196,0.35113916256157635,0.6488608374384236
YOL025W,-1,1.5980897616256007,62,2282,4214,25,0.6495518760443567,0.026450511945392493,0.7126436781609196,0.35129310344827586,0.6487068965517241
YOR346W,-1,1.5977973171813895,62,2283,4213,25,0.6493999696187148,0.026439232409381664,0.7126436781609196,0.35144704433497537,0.6485529556650246
YLR389C,-1,1.5977895136957514,62,2284,4212,25,0.649248063193073,0.026427962489343565,0.7126436781609196,0.3516009852216749,0.6483990147783252
YBR145W,-1,1.591076575280501,62,2285,4211,25,0.6490961567674313,0.026416702172986792,0.7126436781609196,0.3517549261083744,0.6482450738916257
YJL005W,-1,1.5910283658151634,62,2286,4210,25,0.6489442503417895,0.026405451448040886,0.7126436781609196,0.3519088669950739,0.6480911330049262
YER090W,-1,1.5894205407828172,62,2287,4209,25,0.6487923439161477,0.02639421030225628,0.7126436781609196,0.3520628078817734,0.6479371921182266
YEL056W,-1,1.587452797445451,62,2288,4208,25,0.6486404374905058,0.026382978723404255,0.7126436781609196,0.3522167487684729,0.6477832512315271
YHR004C,-1,1.5863338488635763,62,2289,4207,25,0.648488531064864,0.026371756699276903,0.7126436781609196,0.35237068965517243,0.6476293103448276
YNL147W,-1,1.5854957189932168,62,2290,4206,25,0.6483366246392223,0.026360544217687076,0.7126436781609196,0.35252463054187194,0.6474753694581281
YGL123W,-1,1.584779914119415,62,2291,4205,25,0.6481847182135805,0.02634934126646834,0.7126436781609196,0.35267857142857145,0.6473214285714286
snR35,-1,1.5836863856700703,62,2292,4204,25,0.6480328117879386,0.026338147833474938,0.7126436781609196,0.35283251231527096,0.6471674876847291
YBR057C,-1,1.5830538844405522,62,2293,4203,25,0.6478809053622968,0.026326963906581742,0.7126436781609196,0.3529864532019704,0.6470135467980296
YML091C,-1,1.5769114239877247,62,2294,4202,25,0.647728998936655,0.02631578947368421,0.7126436781609196,0.35314039408866993,0.6468596059113301
YJL186W,-1,1.5768136050671124,62,2295,4201,25,0.6475770925110133,0.026304624522698345,0.7126436781609196,0.35329433497536944,0.6467056650246306
YPL234C,-1,1.576698379291172,62,2296,4200,25,0.6474251860853714,0.026293469041560644,0.7126436781609196,0.35344827586206895,0.646551724137931
YFR031C-A,-1,1.5743899970247521,62,2297,4199,25,0.6472732796597296,0.02628232301822806,0.7126436781609196,0.35360221674876846,0.6463977832512315
YPL204W,-1,1.573634885058264,62,2298,4198,25,0.6471213732340878,0.026271186440677965,0.7126436781609196,0.35375615763546797,0.646243842364532
YHR115C,-1,1.5734741782605186,62,2299,4197,25,0.646969466808446,0.02626005929690809,0.7126436781609196,0.3539100985221675,0.6460899014778325
YHR158C,-1,1.5719769959166263,62,2300,4196,25,0.6468175603828042,0.026248941574936496,0.7126436781609196,0.354064039408867,0.645935960591133
YOR319W,-1,1.571755809389183,62,2301,4195,25,0.6466656539571624,0.026237833262801522,0.7126436781609196,0.3542179802955665,0.6457820197044335
YER014C-A,-1,1.571474510424428,62,2302,4194,25,0.6465137475315206,0.02622673434856176,0.7126436781609196,0.354371921182266,0.645628078817734
YBR195C,-1,1.570324782749893,62,2303,4193,25,0.6463618411058788,0.026215644820295984,0.7126436781609196,0.3545258620689655,0.6454741379310345
YDL154W,-1,1.5695846626861478,62,2304,4192,25,0.646209934680237,0.026204564666103127,0.7126436781609196,0.35467980295566504,0.645320197044335
YHR046C,-1,1.566263303723376,62,2305,4191,25,0.6460580282545951,0.02619349387410224,0.7126436781609196,0.35483374384236455,0.6451662561576355
YGL185C,-1,1.5652777039278727,62,2306,4190,25,0.6459061218289534,0.026182432432432432,0.7126436781609196,0.35498768472906406,0.6450123152709359
YER151C,-1,1.5650620935658377,62,2307,4189,25,0.6457542154033116,0.026171380329252848,0.7126436781609196,0.35514162561576357,0.6448583743842364
YER007W,-1,1.5638255310709406,62,2308,4188,25,0.6456023089776698,0.026160337552742614,0.7126436781609196,0.3552955665024631,0.6447044334975369
YKL210W,-1,1.5620547325837535,62,2309,4187,25,0.6454504025520279,0.026149304091100802,0.7126436781609196,0.3554495073891626,0.6445504926108374
YJL136C,-1,1.5608506332619025,62,2310,4186,25,0.6452984961263861,0.026138279932546374,0.7126436781609196,0.35560344827586204,0.6443965517241379
YHR206W,-1,1.560342692852437,62,2311,4185,25,0.6451465897007443,0.026127265065318164,0.7126436781609196,0.35575738916256155,0.6442426108374384
YBR279W,-1,1.5580067045358617,62,2312,4184,25,0.6449946832751026,0.02611625947767481,0.7126436781609196,0.35591133004926107,0.6440886699507389
YPL224C,-1,1.5545907472732516,62,2313,4183,25,0.6448427768494608,0.026105263157894736,0.7126436781609196,0.3560652709359606,0.6439347290640394
YDR313C,-1,1.5540136022332744,62,2314,4182,25,0.6446908704238189,0.026094276094276093,0.7126436781609196,0.3562192118226601,0.6437807881773399
YNL204C,-1,1.5537929303603937,62,2315,4181,25,0.6445389639981771,0.026083298275136727,0.7126436781609196,0.3563731527093596,0.6436268472906403
snR19,-1,1.5531762410985177,62,2316,4180,25,0.6443870575725353,0.02607232968881413,0.7126436781609196,0.3565270935960591,0.6434729064039408
YOL045W,-1,1.551391050973092,62,2317,4179,25,0.6442351511468936,0.026061370323665407,0.7126436781609196,0.3566810344827586,0.6433189655172413
Q0115,-1,1.549997870872204,62,2318,4178,25,0.6440832447212517,0.026050420168067228,0.7126436781609196,0.35683497536945813,0.6431650246305419
YPL135W,-1,1.549956361015744,62,2319,4177,25,0.6439313382956099,0.026039479210415793,0.7126436781609196,0.35698891625615764,0.6430110837438424
YNR057C,-1,1.5468501179336465,62,2320,4176,25,0.6437794318699681,0.026028547439126783,0.7126436781609196,0.35714285714285715,0.6428571428571429
YGL098W,-1,1.5466634572214033,62,2321,4175,25,0.6436275254443263,0.026017624842635333,0.7126436781609196,0.35729679802955666,0.6427032019704434
YOR017W,-1,1.545078697775595,62,2322,4174,25,0.6434756190186844,0.026006711409395974,0.7126436781609196,0.35745073891625617,0.6425492610837439
YIL144W,-1,1.54416029300272,62,2323,4173,25,0.6433237125930427,0.0259958071278826,0.7126436781609196,0.3576046798029557,0.6423953201970444
YPL189W,-1,1.5430125418083824,62,2324,4172,25,0.6431718061674009,0.025984911986588432,0.7126436781609196,0.3577586206896552,0.6422413793103449
YMR318C,-1,1.5428361327527176,62,2325,4171,25,0.6430198997417591,0.025974025974025976,0.7126436781609196,0.3579125615763547,0.6420874384236454
MEL1,-1,1.5404091788039818,62,2326,4170,25,0.6428679933161173,0.025963149078726967,0.7126436781609196,0.3580665024630542,0.6419334975369458
YDL205C,-1,1.5386364331132396,62,2327,4169,25,0.6427160868904754,0.02595228128924236,0.7126436781609196,0.35822044334975367,0.6417795566502463
YJL172W,-1,1.5380381198616677,62,2328,4168,25,0.6425641804648337,0.02594142259414226,0.7126436781609196,0.3583743842364532,0.6416256157635468
YML102W,-1,1.534574430574299,62,2329,4167,25,0.6424122740391919,0.025930572982015895,0.7126436781609196,0.3585283251231527,0.6414716748768473
YLR234W,-1,1.5312791097395035,62,2330,4166,25,0.6422603676135501,0.025919732441471572,0.7126436781609196,0.3586822660098522,0.6413177339901478
YLL003W,-1,1.5276718698189706,62,2331,4165,25,0.6421084611879082,0.025908900961136648,0.7126436781609196,0.3588362068965517,0.6411637931034483
YOR026W,-1,1.526211060709077,62,2332,4164,25,0.6419565547622664,0.025898078529657476,0.7126436781609196,0.3589901477832512,0.6410098522167488
YOL006C,-1,1.526008281513553,62,2333,4163,25,0.6418046483366247,0.025887265135699375,0.7126436781609196,0.35914408866995073,0.6408559113300493
YGL183C,-1,1.5247182404599386,62,2334,4162,25,0.6416527419109829,0.02587646076794658,0.7126436781609196,0.35929802955665024,0.6407019704433498
YDL134C,-1,1.5229912200878106,62,2335,4161,25,0.641500835485341,0.025865665415102213,0.7126436781609196,0.35945197044334976,0.6405480295566502
YDR446W,-1,1.5223391172143261,62,2336,4160,25,0.6413489290596992,0.02585487906588824,0.7126436781609196,0.35960591133004927,0.6403940886699507
YPL121C,-1,1.5191486878122116,62,2337,4159,25,0.6411970226340574,0.025844101709045435,0.7126436781609196,0.3597598522167488,0.6402401477832512
YLR410W,-1,1.5187152856426236,62,2338,4158,25,0.6410451162084156,0.025833333333333333,0.7126436781609196,0.3599137931034483,0.6400862068965517
YNR030W,-1,1.5178269906508264,62,2339,4157,25,0.6408932097827739,0.025822573927530196,0.7126436781609196,0.3600677339901478,0.6399322660098522
YMR013C,-1,1.5177044139003977,62,2340,4156,25,0.640741303357132,0.025811823480432972,0.7126436781609196,0.3602216748768473,0.6397783251231527
YJR118C,-1,1.5171256068214323,62,2341,4155,25,0.6405893969314902,0.025801081980857263,0.7126436781609196,0.3603756157635468,0.6396243842364532
YBL050W,-1,1.514454297794914,62,2342,4154,25,0.6404374905058484,0.025790349417637273,0.7126436781609196,0.36052955665024633,0.6394704433497537
YDR419W,-1,1.5137765885017158,62,2343,4153,25,0.6402855840802066,0.02577962577962578,0.7126436781609196,0.3606834975369458,0.6393165024630542
YNR020C,-1,1.5126657186431396,62,2344,4152,25,0.6401336776545647,0.025768911055694097,0.7126436781609196,0.3608374384236453,0.6391625615763546
YPR094W,-1,1.5103322814745028,62,2345,4151,25,0.639981771228923,0.02575820523473203,0.7126436781609196,0.3609913793103448,0.6390086206896551
YNR008W,-1,1.5101615469763736,62,2346,4150,25,0.6398298648032812,0.02574750830564784,0.7126436781609196,0.3611453201970443,0.6388546798029556
YMR026C,-1,1.5094783191558974,62,2347,4149,25,0.6396779583776394,0.025736820257368204,0.7126436781609196,0.36129926108374383,0.6387007389162561
YGL254W,-1,1.5093688434898092,62,2348,4148,25,0.6395260519519975,0.025726141078838173,0.7126436781609196,0.36145320197044334,0.6385467980295566
YKL042W,-1,1.507193454538413,62,2349,4147,25,0.6393741455263557,0.025715470759021152,0.7126436781609196,0.36160714285714285,0.6383928571428571
YNR052C,-1,1.5056867491990233,62,2350,4146,25,0.639222239100714,0.02570480928689884,0.7126436781609196,0.36176108374384236,0.6382389162561576
YBL105C,-1,1.5054962906569327,62,2351,4145,25,0.6390703326750722,0.0256941566514712,0.7126436781609196,0.36191502463054187,0.6380849753694581
YPR108W,-1,1.5034966537146186,62,2352,4144,25,0.6389184262494304,0.02568351284175642,0.7126436781609196,0.3620689655172414,0.6379310344827587
YMR025W,-1,1.5029984917732073,62,2353,4143,25,0.6387665198237885,0.02567287784679089,0.7126436781609196,0.3622229064039409,0.6377770935960592
YDR160W,-1,1.5017385536290064,62,2354,4142,25,0.6386146133981467,0.02566225165562914,0.7126436781609196,0.3623768472906404,0.6376231527093597
YOR256C,-1,1.5004246206898197,62,2355,4141,25,0.638462706972505,0.025651634257343816,0.7126436781609196,0.3625307881773399,0.6374692118226601
YIL173W,-1,1.5001695601555516,62,2356,4140,25,0.6383108005468632,0.02564102564102564,0.7126436781609196,0.3626847290640394,0.6373152709359606
YOR229W,-1,1.4976101263157775,62,2357,4139,25,0.6381588941212213,0.025630425795783382,0.7126436781609196,0.36283866995073893,0.6371613300492611
YIL072W,-1,1.4969450276129774,62,2358,4138,25,0.6380069876955795,0.0256198347107438,0.7126436781609196,0.36299261083743845,0.6370073891625616
YGL066W,-1,1.4965632996047165,62,2359,4137,25,0.6378550812699377,0.02560925237505163,0.7126436781609196,0.36314655172413796,0.6368534482758621
YIL088C,-1,1.4939758723005676,62,2360,4136,25,0.637703174844296,0.02559867877786953,0.7126436781609196,0.3633004926108374,0.6366995073891626
YPR093C,-1,1.4932974278686646,62,2361,4135,25,0.6375512684186541,0.025588113908378042,0.7126436781609196,0.3634544334975369,0.6365455665024631
YJL099W,-1,1.4931077141056974,62,2362,4134,25,0.6373993619930123,0.02557755775577558,0.7126436781609196,0.36360837438423643,0.6363916256157636
YOL119C,-1,1.4930815697580564,62,2363,4133,25,0.6372474555673705,0.02556701030927835,0.7126436781609196,0.36376231527093594,0.6362376847290641
YKL002W,-1,1.491315385412766,62,2364,4132,25,0.6370955491417287,0.025556471558120363,0.7126436781609196,0.36391625615763545,0.6360837438423645
YDR326C,-1,1.4881969616378952,62,2365,4131,25,0.6369436427160869,0.02554594149155336,0.7126436781609196,0.36407019704433496,0.635929802955665
tE(UUC)L,-1,1.4867271927357086,62,2366,4130,25,0.636791736290445,0.025535420098846788,0.7126436781609196,0.3642241379310345,0.6357758620689655
YPR162C,-1,1.4847958533061163,62,2367,4129,25,0.6366398298648033,0.025524907369287773,0.7126436781609196,0.364378078817734,0.635621921182266
YOR247W,-1,1.4840247275926006,62,2368,4128,25,0.6364879234391615,0.02551440329218107,0.7126436781609196,0.3645320197044335,0.6354679802955665
YHR191C,-1,1.4826016821341765,62,2369,4127,25,0.6363360170135197,0.025503907856849032,0.7126436781609196,0.364685960591133,0.635314039408867
YKL171W,-1,1.4825571093382386,62,2370,4126,25,0.6361841105878778,0.02549342105263158,0.7126436781609196,0.3648399014778325,0.6351600985221675
YML099C,-1,1.4813774985063928,62,2371,4125,25,0.636032204162236,0.02548294286888615,0.7126436781609196,0.36499384236453203,0.635006157635468
YJR083C,0,1.4804706751682901,62,2371,4125,25,0.636032204162236,0.02548294286888615,0.7126436781609196,0.36499384236453203,0.635006157635468
YNL127W,-1,1.4790630971507122,62,2372,4124,25,0.6358802977365943,0.025472473294987676,0.7126436781609196,0.36514778325123154,0.6348522167487685
YPR139C,-1,1.4780247843745138,62,2373,4123,25,0.6357283913109525,0.02546201232032854,0.7126436781609196,0.36530172413793105,0.634698275862069
tE(UUC)P,-1,1.4774646162090526,62,2374,4122,25,0.6355764848853106,0.025451559934318555,0.7126436781609196,0.36545566502463056,0.6345443349753694
tM(CAU)J3,-1,1.4760683380921327,62,2375,4121,25,0.6354245784596688,0.0254411161263849,0.7126436781609196,0.36560960591133007,0.6343903940886699
YOR344C,-1,1.4746275420791979,62,2376,4120,25,0.635272672034027,0.02543068088597211,0.7126436781609196,0.3657635467980296,0.6342364532019704
YPR158W-A,-1,1.4723381836650555,62,2377,4119,25,0.6351207656083853,0.025420254202542025,0.7126436781609196,0.36591748768472904,0.6340825123152709
YBR044C,-1,1.4708414257626308,62,2378,4118,25,0.6349688591827435,0.02540983606557377,0.7126436781609196,0.36607142857142855,0.6339285714285714
YCR106W,-1,1.4685570835402282,62,2379,4117,25,0.6348169527571016,0.025399426464563703,0.7126436781609196,0.36622536945812806,0.6337746305418719
YDR254W,-1,1.4683657186075219,62,2380,4116,25,0.6346650463314598,0.025389025389025387,0.7126436781609196,0.36637931034482757,0.6336206896551724
YDL102W,-1,1.4668281106649688,62,2381,4115,25,0.634513139905818,0.025378632828489563,0.7126436781609196,0.3665332512315271,0.6334667487684729
YIL010W,-1,1.4667852957832546,62,2382,4114,25,0.6343612334801763,0.02536824877250409,0.7126436781609196,0.3666871921182266,0.6333128078817734
snR17a,-1,1.4637205437079555,62,2383,4113,25,0.6342093270545344,0.025357873210633947,0.7126436781609196,0.3668411330049261,0.6331588669950738
YDL127W,-1,1.4632712045098395,62,2384,4112,25,0.6340574206288926,0.025347506132461162,0.7126436781609196,0.3669950738916256,0.6330049261083743
YNL298W,-1,1.4616119371244702,62,2385,4111,25,0.6339055142032508,0.025337147527584796,0.7126436781609196,0.3671490147783251,0.6328509852216748
YOR336W,-1,1.4561189132722128,62,2386,4110,25,0.633753607777609,0.025326797385620915,0.7126436781609196,0.36730295566502463,0.6326970443349754
YMR028W,-1,1.4531124414644223,62,2387,4109,25,0.6336017013519671,0.02531645569620253,0.7126436781609196,0.36745689655172414,0.6325431034482759
YLR154C,-1,1.4521999445244962,62,2388,4108,25,0.6334497949263254,0.025306122448979593,0.7126436781609196,0.36761083743842365,0.6323891625615764
YOR388C,-1,1.451983803655104,62,2389,4107,25,0.6332978885006836,0.02529579763361893,0.7126436781609196,0.36776477832512317,0.6322352216748769
YJL156C,-1,1.451752739052503,62,2390,4106,25,0.6331459820750418,0.02528548123980424,0.7126436781609196,0.3679187192118227,0.6320812807881774
YML058W-A,-1,1.4511711813608625,62,2391,4105,25,0.6329940756494,0.025275173257236036,0.7126436781609196,0.3680726600985222,0.6319273399014779
YBL092W,-1,1.4498904945015485,62,2392,4104,25,0.6328421692237581,0.02526487367563162,0.7126436781609196,0.3682266009852217,0.6317733990147784
YOR374W,-1,1.4484778603056438,62,2393,4103,25,0.6326902627981164,0.02525458248472505,0.7126436781609196,0.3683805418719212,0.6316194581280788
YDR479C,-1,1.4483700450499681,62,2394,4102,25,0.6325383563724746,0.025244299674267102,0.7126436781609196,0.36853448275862066,0.6314655172413793
YLR410W-A,-1,1.447608384964798,62,2395,4101,25,0.6323864499468328,0.025234025234025233,0.7126436781609196,0.3686884236453202,0.6313115763546798
YOL132W,-1,1.4473501745441513,62,2396,4100,25,0.6322345435211909,0.025223759153783564,0.7126436781609196,0.3688423645320197,0.6311576354679803
YLR174W,-1,1.4448071511357663,62,2397,4099,25,0.6320826370955491,0.025213501423342822,0.7126436781609196,0.3689963054187192,0.6310036945812808
YOL003C,-1,1.4446314175647117,62,2398,4098,25,0.6319307306699073,0.025203252032520326,0.7126436781609196,0.3691502463054187,0.6308497536945813
YGR188C,-1,1.4431236488246022,62,2399,4097,25,0.6317788242442656,0.02519301097114994,0.7126436781609196,0.3693041871921182,0.6306958128078818
YBL075C,-1,1.4421398933005667,62,2400,4096,25,0.6316269178186237,0.025182778229082048,0.7126436781609196,0.3694581280788177,0.6305418719211823
YGR096W,-1,1.4414843427581525,62,2401,4095,25,0.6314750113929819,0.025172553796183515,0.7126436781609196,0.36961206896551724,0.6303879310344828
YER114C,-1,1.4410756749116431,62,2402,4094,25,0.6313231049673401,0.025162337662337664,0.7126436781609196,0.36976600985221675,0.6302339901477833
YDR065W,-1,1.4347936112038098,62,2403,4093,25,0.6311711985416983,0.02515212981744422,0.7126436781609196,0.36991995073891626,0.6300800492610837
YER096W,-1,1.4347470268440867,62,2404,4092,25,0.6310192921160566,0.025141930251419302,0.7126436781609196,0.37007389162561577,0.6299261083743842
YCR042C,-1,1.434105006105876,62,2405,4091,25,0.6308673856904147,0.02513173895419538,0.7126436781609196,0.3702278325123153,0.6297721674876847
YLL061W,-1,1.4321678069095451,62,2406,4090,25,0.6307154792647729,0.025121555915721232,0.7126436781609196,0.3703817733990148,0.6296182266009852
YDR058C,-1,1.4319075266976429,62,2407,4089,25,0.6305635728391311,0.025111381125961927,0.7126436781609196,0.3705357142857143,0.6294642857142857
tG(UCC)O,-1,1.4299485847864324,62,2408,4088,25,0.6304116664134893,0.025101214574898785,0.7126436781609196,0.3706896551724138,0.6293103448275862
YLR026C,-1,1.4291289943814036,62,2409,4087,25,0.6302597599878474,0.02509105625252934,0.7126436781609196,0.3708435960591133,0.6291564039408867
YDL005C,-1,1.4260437744466017,62,2410,4086,25,0.6301078535622057,0.025080906148867314,0.7126436781609196,0.37099753694581283,0.6290024630541872
YBL033C,-1,1.4240656623316448,62,2411,4085,25,0.6299559471365639,0.02507076425394258,0.7126436781609196,0.3711514778325123,0.6288485221674877
YGR049W,-1,1.4218275747519096,62,2412,4084,25,0.6298040407109221,0.025060630557801132,0.7126436781609196,0.3713054187192118,0.6286945812807881
YNL304W,-1,1.4216056524646077,62,2413,4083,25,0.6296521342852802,0.025050505050505052,0.7126436781609196,0.3714593596059113,0.6285406403940886
YLR227W-A,-1,1.4215961043345804,62,2414,4082,25,0.6295002278596384,0.025040387722132473,0.7126436781609196,0.3716133004926108,0.6283866995073891
YFL044C,-1,1.419754175938085,62,2415,4081,25,0.6293483214339967,0.025030278562777553,0.7126436781609196,0.37176724137931033,0.6282327586206896
YER075C,-1,1.4195711854999264,62,2416,4080,25,0.6291964150083549,0.025020177562550445,0.7126436781609196,0.37192118226600984,0.6280788177339901
YMR044W,-1,1.4184696325269834,62,2417,4079,25,0.6290445085827131,0.02501008471157725,0.7126436781609196,0.37207512315270935,0.6279248768472906
YOR242C,-1,1.4168318426556634,62,2418,4078,25,0.6288926021570712,0.025,0.7126436781609196,0.37222906403940886,0.6277709359605911
YML103C,-1,1.4166241745941683,62,2419,4077,25,0.6287406957314294,0.024989923417976623,0.7126436781609196,0.3723830049261084,0.6276169950738916
YCR027C,-1,1.410611783194543,62,2420,4076,25,0.6285887893057877,0.0249798549556809,0.7126436781609196,0.3725369458128079,0.6274630541871922
YPL091W,-1,1.4085887966563042,62,2421,4075,25,0.6284368828801459,0.024969794603302457,0.7126436781609196,0.3726908866995074,0.6273091133004927
YHR079C,-1,1.4052645933631793,62,2422,4074,25,0.628284976454504,0.0249597423510467,0.7126436781609196,0.3728448275862069,0.6271551724137931
YEL024W,-1,1.404582858098793,62,2423,4073,25,0.6281330700288622,0.024949698189134808,0.7126436781609196,0.3729987684729064,0.6270012315270936
YCL025C,-1,1.4042718597891326,62,2424,4072,25,0.6279811636032204,0.0249396621078037,0.7126436781609196,0.3731527093596059,0.6268472906403941
YDR113C,-1,1.401482635650114,62,2425,4071,25,0.6278292571775786,0.024929634097305992,0.7126436781609196,0.37330665024630544,0.6266933497536946
YDR353W,-1,1.4005879778007708,62,2426,4070,25,0.6276773507519368,0.02491961414790997,0.7126436781609196,0.37346059113300495,0.6265394088669951
YML107C,-1,1.3994362314353952,62,2427,4069,25,0.627525444326295,0.02490960224989956,0.7126436781609196,0.37361453201970446,0.6263854679802956
YDL170W,-1,1.3992560429169252,62,2428,4068,25,0.6273735379006532,0.024899598393574297,0.7126436781609196,0.3737684729064039,0.6262315270935961
YHR021W-A,-1,1.3987335614660363,62,2429,4067,25,0.6272216314750114,0.024889602569249297,0.7126436781609196,0.3739224137931034,0.6260775862068966
YLR120C,-1,1.398095412888065,62,2430,4066,25,0.6270697250493696,0.024879614767255216,0.7126436781609196,0.37407635467980294,0.6259236453201971
YJL019W,-1,1.3979880044694017,62,2431,4065,25,0.6269178186237278,0.02486963497793823,0.7126436781609196,0.37423029556650245,0.6257697044334976
snR53,-1,1.397622867909055,62,2432,4064,25,0.626765912198086,0.024859663191659984,0.7126436781609196,0.37438423645320196,0.625615763546798
YCR008W,-1,1.3970379006210156,62,2433,4063,25,0.6266140057724442,0.024849699398797595,0.7126436781609196,0.37453817733990147,0.6254618226600985
YPR134W,-1,1.3954145227781176,62,2434,4062,25,0.6264620993468024,0.024839743589743588,0.7126436781609196,0.374692118226601,0.625307881773399
tQ(UUG)D2,-1,1.3942666107627142,62,2435,4061,25,0.6263101929211605,0.024829795754905886,0.7126436781609196,0.3748460591133005,0.6251539408866995
YGR156W,-1,1.3940237416872945,62,2436,4060,25,0.6261582864955187,0.024819855884707767,0.7126436781609196,0.375,0.625
YNL098C,-1,1.3918659841165502,62,2437,4059,25,0.626006380069877,0.024809923969587835,0.7126436781609196,0.3751539408866995,0.6248460591133005
snR74,-1,1.3900330564497756,62,2438,4058,25,0.6258544736442352,0.0248,0.7126436781609196,0.375307881773399,0.624692118226601
YLR228C,-1,1.388000048402332,62,2439,4057,25,0.6257025672185933,0.024790083966413436,0.7126436781609196,0.37546182266009853,0.6245381773399015
YLR263W,-1,1.3845348547035727,62,2440,4056,25,0.6255506607929515,0.02478017585931255,0.7126436781609196,0.37561576354679804,0.624384236453202
YOR031W,-1,1.383876661398403,62,2441,4055,25,0.6253987543673097,0.024770275669196963,0.7126436781609196,0.37576970443349755,0.6242302955665024
YGL200C,-1,1.3819872456102504,62,2442,4054,25,0.625246847941668,0.02476038338658147,0.7126436781609196,0.37592364532019706,0.6240763546798029
YFL033C,-1,1.3812678363532933,62,2443,4053,25,0.6250949415160262,0.02475049900199601,0.7126436781609196,0.3760775862068966,0.6239224137931034
YER061C,-1,1.3793708755659866,62,2444,4052,25,0.6249430350903843,0.024740622505985636,0.7126436781609196,0.3762315270935961,0.6237684729064039
YDR470C,-1,1.378581357920909,62,2445,4051,25,0.6247911286647425,0.02473075388911049,0.7126436781609196,0.37638546798029554,0.6236145320197044
snR46,-1,1.3785634016586177,62,2446,4050,25,0.6246392222391007,0.024720893141945772,0.7126436781609196,0.37653940886699505,0.6234605911330049
YDR055W,-1,1.3783894341090945,62,2447,4049,25,0.624487315813459,0.024711040255081706,0.7126436781609196,0.37669334975369456,0.6233066502463054
YOR293W,-1,1.3750146627623199,62,2448,4048,25,0.6243354093878171,0.024701195219123506,0.7126436781609196,0.3768472906403941,0.6231527093596059
YNL026W,-1,1.37491516312164,62,2449,4047,25,0.6241835029621753,0.024691358024691357,0.7126436781609196,0.3770012315270936,0.6229987684729064
YNR033W,-1,1.3746573601295453,62,2450,4046,25,0.6240315965365335,0.024681528662420384,0.7126436781609196,0.3771551724137931,0.6228448275862069
YNL158W,-1,1.3732623546240232,62,2451,4045,25,0.6238796901108917,0.024671707122960605,0.7126436781609196,0.3773091133004926,0.6226908866995073
YFL030W,-1,1.3731006107526755,62,2452,4044,25,0.6237277836852498,0.024661893396976928,0.7126436781609196,0.3774630541871921,0.6225369458128078
YNR067C,-1,1.372435459071867,62,2453,4043,25,0.6235758772596081,0.024652087475149104,0.7126436781609196,0.3776169950738916,0.6223830049261084
YPR021C,-1,1.3723651493115614,62,2454,4042,25,0.6234239708339663,0.0246422893481717,0.7126436781609196,0.37777093596059114,0.6222290640394089
YGR063C,-1,1.3704297241787524,62,2455,4041,25,0.6232720644083245,0.02463249900675407,0.7126436781609196,0.37792487684729065,0.6220751231527094
YNL065W,-1,1.3670052817521918,62,2456,4040,25,0.6231201579826827,0.024622716441620333,0.7126436781609196,0.37807881773399016,0.6219211822660099
YJL153C,-1,1.3667384478541709,62,2457,4039,25,0.6229682515570408,0.02461294164350933,0.7126436781609196,0.37823275862068967,0.6217672413793104
YLR324W,-1,1.3632012942865892,62,2458,4038,25,0.622816345131399,0.024603174603174603,0.7126436781609196,0.3783866995073892,0.6216133004926109
YGL195W,-1,1.3626981013772277,62,2459,4037,25,0.6226644387057573,0.02459341531138437,0.7126436781609196,0.3785406403940887,0.6214593596059114
YNL307C,-1,1.3619820022143987,62,2460,4036,25,0.6225125322801155,0.02458366375892149,0.7126436781609196,0.3786945812807882,0.6213054187192119
YIL042C,-1,1.3612034828857265,62,2461,4035,25,0.6223606258544736,0.024573919936583432,0.7126436781609196,0.3788485221674877,0.6211514778325123
YNR056C,-1,1.3602043280255773,62,2462,4034,25,0.6222087194288318,0.02456418383518225,0.7126436781609196,0.37900246305418717,0.6209975369458128
YPL257W-B,-1,1.3589951325102618,62,2463,4033,25,0.62205681300319,0.024554455445544555,0.7126436781609196,0.3791564039408867,0.6208435960591133
YDR296W,-1,1.3587569527554733,62,2464,4032,25,0.6219049065775483,0.02454473475851148,0.7126436781609196,0.3793103448275862,0.6206896551724138
YNL080C,-1,1.3584053242072553,62,2465,4031,25,0.6217530001519064,0.02453502176493866,0.7126436781609196,0.3794642857142857,0.6205357142857143
YOL069W,-1,1.3573395929644247,62,2466,4030,25,0.6216010937262646,0.0245253164556962,0.7126436781609196,0.3796182266009852,0.6203817733990148
YCL029C,-1,1.3568279779586245,62,2467,4029,25,0.6214491873006228,0.024515618821668642,0.7126436781609196,0.3797721674876847,0.6202278325123153
YNR016C,-1,1.356668550912515,62,2468,4028,25,0.621297280874981,0.02450592885375494,0.7126436781609196,0.37992610837438423,0.6200738916256158
YCR028C-A,-1,1.3562350285188363,62,2469,4027,25,0.6211453744493393,0.02449624654286843,0.7126436781609196,0.38008004926108374,0.6199199507389163
YNL159C,-1,1.3546694208125247,62,2470,4026,25,0.6209934680236974,0.02448657187993681,0.7126436781609196,0.38023399014778325,0.6197660098522167
YOR113W,-1,1.3544305168743864,62,2471,4025,25,0.6208415615980556,0.024476904855902093,0.7126436781609196,0.38038793103448276,0.6196120689655172
snR58,-1,1.3516317193070484,62,2472,4024,25,0.6206896551724138,0.0244672454617206,0.7126436781609196,0.3805418719211823,0.6194581280788177
YIL156W,-1,1.3489772720775526,62,2473,4023,25,0.620537748746772,0.02445759368836292,0.7126436781609196,0.3806958128078818,0.6193041871921182
YDR469W,1,1.3488217130610305,63,2473,4023,24,0.6206896551724138,0.024842271293375396,0.7241379310344828,0.3806958128078818,0.6193041871921182
YHR061C,-1,1.3467886280713144,63,2474,4022,24,0.620537748746772,0.024832479306267245,0.7241379310344828,0.3808497536945813,0.6191502463054187
YEL004W,-1,1.3448467301073677,63,2475,4021,24,0.6203858423211301,0.024822695035460994,0.7241379310344828,0.3810036945812808,0.6189963054187192
YNL076W,-1,1.3448393637884135,63,2476,4020,24,0.6202339358954884,0.024812918471839307,0.7241379310344828,0.3811576354679803,0.6188423645320197
YFR036W,-1,1.3423761281750086,63,2477,4019,24,0.6200820294698466,0.024803149606299212,0.7241379310344828,0.3813115763546798,0.6186884236453202
YGL086W,-1,1.342284091163502,63,2478,4018,24,0.6199301230442048,0.024793388429752067,0.7241379310344828,0.38146551724137934,0.6185344827586207
YML123C,-1,1.3409870451054586,63,2479,4017,24,0.6197782166185629,0.024783634933123525,0.7241379310344828,0.3816194581280788,0.6183805418719212
YOL028C,-1,1.3407802056483284,63,2480,4016,24,0.6196263101929211,0.02477388910735352,0.7241379310344828,0.3817733990147783,0.6182266009852216
YHR034C,-1,1.3363797370913464,63,2481,4015,24,0.6194744037672794,0.024764150943396228,0.7241379310344828,0.3819273399014778,0.6180726600985221
YJL044C,-1,1.3345430373900733,63,2482,4014,24,0.6193224973416376,0.02475442043222004,0.7241379310344828,0.3820812807881773,0.6179187192118226
YOR195W,-1,1.3331802989760075,63,2483,4013,24,0.6191705909159958,0.02474469756480754,0.7241379310344828,0.38223522167487683,0.6177647783251231
YBR179C,-1,1.3294329185844624,63,2484,4012,24,0.6190186844903539,0.024734982332155476,0.7241379310344828,0.38238916256157635,0.6176108374384236
YOR159C,-1,1.326108566978264,63,2485,4011,24,0.6188667780647121,0.024725274725274724,0.7241379310344828,0.38254310344827586,0.6174568965517241
YKL015W,-1,1.3248169472801596,63,2486,4010,24,0.6187148716390704,0.02471557473519027,0.7241379310344828,0.38269704433497537,0.6173029556650246
YLR094C,-1,1.322566929874974,63,2487,4009,24,0.6185629652134286,0.024705882352941175,0.7241379310344828,0.3828509852216749,0.6171490147783252
YER089C,-1,1.322028651432645,63,2488,4008,24,0.6184110587877867,0.024696197569580556,0.7241379310344828,0.3830049261083744,0.6169950738916257
YMR071C,-1,1.3207030021772892,63,2489,4007,24,0.6182591523621449,0.02468652037617555,0.7241379310344828,0.3831588669950739,0.6168411330049262
YDR260C,-1,1.316028391930906,63,2490,4006,24,0.6181072459365031,0.024676850763807285,0.7241379310344828,0.3833128078817734,0.6166871921182266
YFR052W,-1,1.315338127983136,63,2491,4005,24,0.6179553395108613,0.02466718872357087,0.7241379310344828,0.3834667487684729,0.6165332512315271
YGL039W,-1,1.315115631119897,63,2492,4004,24,0.6178034330852195,0.024657534246575342,0.7241379310344828,0.38362068965517243,0.6163793103448276
YLR354C,0,1.3083813934841269,63,2492,4004,24,0.6178034330852195,0.024657534246575342,0.7241379310344828,0.38362068965517243,0.6163793103448276
YNL293W,-1,1.3067259721678457,63,2493,4003,24,0.6176515266595777,0.02464788732394366,0.7241379310344828,0.38377463054187194,0.6162253694581281
YOR313C,-1,1.304237939894635,63,2494,4002,24,0.6174996202339359,0.024638247946812672,0.7241379310344828,0.38392857142857145,0.6160714285714286
YEL062W,-1,1.3017315682507749,63,2495,4001,24,0.6173477138082941,0.024628616106333073,0.7241379310344828,0.38408251231527096,0.6159174876847291
YOL051W,-1,1.3016103373529284,63,2496,4000,24,0.6171958073826523,0.0246189917936694,0.7241379310344828,0.3842364532019704,0.6157635467980296
YOR328W,-1,1.299887213779736,63,2497,3999,24,0.6170439009570104,0.024609375,0.7241379310344828,0.38439039408866993,0.6156096059113301
YGR212W,-1,1.2997543449058198,63,2498,3998,24,0.6168919945313687,0.024599765716516987,0.7241379310344828,0.38454433497536944,0.6154556650246306
YNL108C,-1,1.2995343855673527,63,2499,3997,24,0.6167400881057269,0.02459016393442623,0.7241379310344828,0.38469827586206895,0.615301724137931
YLR011W,-1,1.2974853160962372,63,2500,3996,24,0.6165881816800851,0.024580569644947328,0.7241379310344828,0.38485221674876846,0.6151477832512315
YPL194W,-1,1.2971681582003562,63,2501,3995,24,0.6164362752544432,0.02457098283931357,0.7241379310344828,0.38500615763546797,0.614993842364532
YDR168W,-1,1.2965666509901548,63,2502,3994,24,0.6162843688288014,0.02456140350877193,0.7241379310344828,0.3851600985221675,0.6148399014778325
YKL119C,-1,1.2962159262284076,63,2503,3993,24,0.6161324624031597,0.024551831644583008,0.7241379310344828,0.385314039408867,0.614685960591133
YGL038C,-1,1.2944152894973073,63,2504,3992,24,0.6159805559775179,0.024542267238021036,0.7241379310344828,0.3854679802955665,0.6145320197044335
YGL168W,-1,1.2938833207017084,63,2505,3991,24,0.615828649551876,0.02453271028037383,0.7241379310344828,0.385621921182266,0.614378078817734
YDL179W,-1,1.2927659427973186,63,2506,3990,24,0.6156767431262342,0.02452316076294278,0.7241379310344828,0.3857758620689655,0.6142241379310345
YOR316C,-1,1.2923049176604735,63,2507,3989,24,0.6155248367005924,0.0245136186770428,0.7241379310344828,0.38592980295566504,0.614070197044335
YDR403W,-1,1.2918293509664307,63,2508,3988,24,0.6153729302749507,0.024504084014002333,0.7241379310344828,0.38608374384236455,0.6139162561576355
YHL002W,-1,1.2906541176166257,63,2509,3987,24,0.6152210238493089,0.024494556765163298,0.7241379310344828,0.38623768472906406,0.6137623152709359
YOR221C,-1,1.2902071694147466,63,2510,3986,24,0.615069117423667,0.024485036921881073,0.7241379310344828,0.38639162561576357,0.6136083743842364
YDL087C,-1,1.2888102977949667,63,2511,3985,24,0.6149172109980252,0.024475524475524476,0.7241379310344828,0.3865455665024631,0.6134544334975369
YLR390W-A,-1,1.288353295505049,63,2512,3984,24,0.6147653045723834,0.02446601941747573,0.7241379310344828,0.3866995073891626,0.6133004926108374
snR31,-1,1.2882627030185296,63,2513,3983,24,0.6146133981467417,0.024456521739130436,0.7241379310344828,0.38685344827586204,0.6131465517241379
YMR009W,-1,1.2868648025109832,63,2514,3982,24,0.6144614917210998,0.024447031431897557,0.7241379310344828,0.38700738916256155,0.6129926108374384
YDR432W,-1,1.2865278273233423,63,2515,3981,24,0.614309585295458,0.024437548487199378,0.7241379310344828,0.38716133004926107,0.6128386699507389
YGR253C,-1,1.2861563611042361,63,2516,3980,24,0.6141576788698162,0.0244280728964715,0.7241379310344828,0.3873152709359606,0.6126847290640394
YGL209W,-1,1.281234118076439,63,2517,3979,24,0.6140057724441744,0.02441860465116279,0.7241379310344828,0.3874692118226601,0.6125307881773399
YPR188C,-1,1.2811900353320644,63,2518,3978,24,0.6138538660185325,0.024409143742735374,0.7241379310344828,0.3876231527093596,0.6123768472906403
YLR208W,-1,1.28040825738193,63,2519,3977,24,0.6137019595928908,0.024399690162664602,0.7241379310344828,0.3877770935960591,0.6122229064039408
YKL165C,-1,1.2784324660907247,63,2520,3976,24,0.613550053167249,0.024390243902439025,0.7241379310344828,0.3879310344827586,0.6120689655172413
YCL066W,-1,1.2778429391276838,63,2521,3975,24,0.6133981467416072,0.024380804953560372,0.7241379310344828,0.38808497536945813,0.6119150246305419
YJL158C,-1,1.2773853840572347,63,2522,3974,24,0.6132462403159654,0.02437137330754352,0.7241379310344828,0.38823891625615764,0.6117610837438424
YHR103W,-1,1.2765564451448468,63,2523,3973,24,0.6130943338903235,0.024361948955916472,0.7241379310344828,0.38839285714285715,0.6116071428571429
YDR365W-A,-1,1.2761465371700706,63,2524,3972,24,0.6129424274646817,0.02435253189022033,0.7241379310344828,0.38854679802955666,0.6114532019704434
tQ(UUG)E2,-1,1.273826217235369,63,2525,3971,24,0.61279052103904,0.024343122102009274,0.7241379310344828,0.38870073891625617,0.6112992610837439
YPL202C,-1,1.2737272855062944,63,2526,3970,24,0.6126386146133982,0.02433371958285052,0.7241379310344828,0.3888546798029557,0.6111453201970444
YNL021W,-1,1.2728647814312135,63,2527,3969,24,0.6124867081877563,0.024324324324324326,0.7241379310344828,0.3890086206896552,0.6109913793103449
YKR102W,-1,1.2719288189351223,63,2528,3968,24,0.6123348017621145,0.02431493631802393,0.7241379310344828,0.3891625615763547,0.6108374384236454
YOR375C,-1,1.2712193644853556,63,2529,3967,24,0.6121828953364727,0.024305555555555556,0.7241379310344828,0.3893165024630542,0.6106834975369458
YKL048C,-1,1.2698792602670672,63,2530,3966,24,0.612030988910831,0.024296182028538373,0.7241379310344828,0.38947044334975367,0.6105295566502463
YML013W,-1,1.269594882427974,63,2531,3965,24,0.6118790824851891,0.02428681572860447,0.7241379310344828,0.3896243842364532,0.6103756157635468
YGR202C,-1,1.268925517608846,63,2532,3964,24,0.6117271760595473,0.024277456647398842,0.7241379310344828,0.3897783251231527,0.6102216748768473
YER023W,-1,1.2671686591494034,63,2533,3963,24,0.6115752696339055,0.02426810477657935,0.7241379310344828,0.3899322660098522,0.6100677339901478
YHR190W,-1,1.2663230954801337,63,2534,3962,24,0.6114233632082637,0.02425876010781671,0.7241379310344828,0.3900862068965517,0.6099137931034483
YDL066W,-1,1.2655702665191733,63,2535,3961,24,0.611271456782622,0.02424942263279446,0.7241379310344828,0.3902401477832512,0.6097598522167488
YPL274W,-1,1.2653165176641845,63,2536,3960,24,0.6111195503569801,0.024240092343208928,0.7241379310344828,0.39039408866995073,0.6096059113300493
YBR101C,-1,1.265226418713631,63,2537,3959,24,0.6109676439313383,0.02423076923076923,0.7241379310344828,0.39054802955665024,0.6094519704433498
YDR325W,-1,1.2645511560516396,63,2538,3958,24,0.6108157375056965,0.02422145328719723,0.7241379310344828,0.39070197044334976,0.6092980295566502
YDR394W,-1,1.2635158387951773,63,2539,3957,24,0.6106638310800547,0.02421214450422752,0.7241379310344828,0.39085591133004927,0.6091440886699507
YDR200C,-1,1.2619287650605153,63,2540,3956,24,0.6105119246544128,0.024202842873607376,0.7241379310344828,0.3910098522167488,0.6089901477832512
YFR008W,-1,1.261470995687541,63,2541,3955,24,0.6103600182287711,0.024193548387096774,0.7241379310344828,0.3911637931034483,0.6088362068965517
YBR185C,-1,1.2612545213512072,63,2542,3954,24,0.6102081118031293,0.02418426103646833,0.7241379310344828,0.3913177339901478,0.6086822660098522
YKR050W,-1,1.2586714122968317,63,2543,3953,24,0.6100562053774875,0.02417498081350729,0.7241379310344828,0.3914716748768473,0.6085283251231527
tQ(UUG)L,-1,1.258572872328835,63,2544,3952,24,0.6099042989518456,0.024165707710011506,0.7241379310344828,0.3916256157635468,0.6083743842364532
YHR047C,-1,1.2572883333367117,63,2545,3951,24,0.6097523925262038,0.02415644171779141,0.7241379310344828,0.39177955665024633,0.6082204433497537
YLL038C,-1,1.256424872528749,63,2546,3950,24,0.6096004861005621,0.02414718282866999,0.7241379310344828,0.3919334975369458,0.6080665024630542
YLR436C,-1,1.2556088463070714,63,2547,3949,24,0.6094485796749203,0.02413793103448276,0.7241379310344828,0.3920874384236453,0.6079125615763546
YBR103W,-1,1.2550971755549698,63,2548,3948,24,0.6092966732492785,0.024128686327077747,0.7241379310344828,0.3922413793103448,0.6077586206896551
YOR255W,-1,1.2547652162997167,63,2549,3947,24,0.6091447668236366,0.024119448698315466,0.7241379310344828,0.3923953201970443,0.6076046798029556
YIR005W,-1,1.2547579351806664,63,2550,3946,24,0.6089928603979948,0.024110218140068886,0.7241379310344828,0.39254926108374383,0.6074507389162561
YIL149C,-1,1.253530392328158,63,2551,3945,24,0.608840953972353,0.02410099464422341,0.7241379310344828,0.39270320197044334,0.6072967980295566
YBR110W,-1,1.2529606248189358,63,2552,3944,24,0.6086890475467113,0.024091778202676863,0.7241379310344828,0.39285714285714285,0.6071428571428571
YOR117W,-1,1.252490289186095,63,2553,3943,24,0.6085371411210694,0.02408256880733945,0.7241379310344828,0.39301108374384236,0.6069889162561576
YDR028C,-1,1.2515945323395785,63,2554,3942,24,0.6083852346954276,0.02407336645013374,0.7241379310344828,0.39316502463054187,0.6068349753694581
YNL317W,-1,1.2513962410496347,63,2555,3941,24,0.6082333282697858,0.02406417112299465,0.7241379310344828,0.3933189655172414,0.6066810344827587
YDR528W,-1,1.2494912892425174,63,2556,3940,24,0.608081421844144,0.024054982817869417,0.7241379310344828,0.3934729064039409,0.6065270935960592
YMR032W,-1,1.2477277278359689,63,2557,3939,24,0.6079295154185022,0.024045801526717557,0.7241379310344828,0.3936268472906404,0.6063731527093597
YDR080W,-1,1.2463942291291015,63,2558,3938,24,0.6077776089928604,0.024036627241510875,0.7241379310344828,0.3937807881773399,0.6062192118226601
YLR361C,-1,1.246265122713208,63,2559,3937,24,0.6076257025672186,0.02402745995423341,0.7241379310344828,0.3939347290640394,0.6060652709359606
YBR290W,-1,1.2446006041121964,63,2560,3936,24,0.6074737961415768,0.024018299656881435,0.7241379310344828,0.39408866995073893,0.6059113300492611
YDL022W,-1,1.2441282578472737,63,2561,3935,24,0.607321889715935,0.024009146341463415,0.7241379310344828,0.39424261083743845,0.6057573891625616
YBR182C,-1,1.2424683497041944,63,2562,3934,24,0.6071699832902931,0.024,0.7241379310344828,0.39439655172413796,0.6056034482758621
YJR153W,-1,1.2421024684722493,63,2563,3933,24,0.6070180768646514,0.02399086062452399,0.7241379310344828,0.3945504926108374,0.6054495073891626
YML040W,-1,1.2414466115559504,63,2564,3932,24,0.6068661704390096,0.02398172820708032,0.7241379310344828,0.3947044334975369,0.6052955665024631
YFR029W,-1,1.2407302715703366,63,2565,3931,24,0.6067142640133678,0.023972602739726026,0.7241379310344828,0.39485837438423643,0.6051416256157636
YDR218C,-1,1.2395331197602104,63,2566,3930,24,0.6065623575877259,0.02396348421453024,0.7241379310344828,0.39501231527093594,0.6049876847290641
YBL091C,-1,1.2376845449607343,63,2567,3929,24,0.6064104511620841,0.023954372623574145,0.7241379310344828,0.39516625615763545,0.6048337438423645
YLR117C,-1,1.236924711999779,63,2568,3928,24,0.6062585447364424,0.02394526795895097,0.7241379310344828,0.39532019704433496,0.604679802955665
YCR038C,-1,1.2360735130903577,63,2569,3927,24,0.6061066383108006,0.023936170212765957,0.7241379310344828,0.3954741379310345,0.6045258620689655
YDR463W,-1,1.2352136081996568,63,2570,3926,24,0.6059547318851587,0.023927079377136347,0.7241379310344828,0.395628078817734,0.604371921182266
YOR157C,-1,1.2348165698809443,63,2571,3925,24,0.6058028254595169,0.023917995444191344,0.7241379310344828,0.3957820197044335,0.6042179802955665
YMR038C,-1,1.2338537275010995,63,2572,3924,24,0.6056509190338751,0.023908918406072108,0.7241379310344828,0.395935960591133,0.604064039408867
YKR104W,-1,1.2321723786335073,63,2573,3923,24,0.6054990126082334,0.023899848254931716,0.7241379310344828,0.3960899014778325,0.6039100985221675
tS(AGA)D3,-1,1.2320771244305444,63,2574,3922,24,0.6053471061825916,0.023890784982935155,0.7241379310344828,0.39624384236453203,0.603756157635468
YPR019W,-1,1.2300291881777192,63,2575,3921,24,0.6051951997569497,0.023881728582259287,0.7241379310344828,0.39639778325123154,0.6036022167487685
YJR058C,-1,1.228709208523968,63,2576,3920,24,0.6050432933313079,0.023872679045092837,0.7241379310344828,0.39655172413793105,0.603448275862069
YCL001W,-1,1.2286879599156648,63,2577,3919,24,0.6048913869056661,0.023863636363636365,0.7241379310344828,0.39670566502463056,0.6032943349753694
YNL334C,-1,1.226236584184039,63,2578,3918,24,0.6047394804800243,0.023854600530102233,0.7241379310344828,0.39685960591133007,0.6031403940886699
YHL016C,-1,1.2257882882159836,63,2579,3917,24,0.6045875740543825,0.02384557153671461,0.7241379310344828,0.3970135467980296,0.6029864532019704
YNL161W,-1,1.2256927163662639,63,2580,3916,24,0.6044356676287407,0.02383654937570942,0.7241379310344828,0.39716748768472904,0.6028325123152709
YPL268W,-1,1.225447473810349,63,2581,3915,24,0.6042837612030989,0.023827534039334342,0.7241379310344828,0.39732142857142855,0.6026785714285714
YJL091C,-1,1.2236721654035099,63,2582,3914,24,0.6041318547774571,0.023818525519848772,0.7241379310344828,0.39747536945812806,0.6025246305418719
YNR026C,-1,1.2235576417999527,63,2583,3913,24,0.6039799483518152,0.023809523809523808,0.7241379310344828,0.39762931034482757,0.6023706896551724
YOR137C,-1,1.2232174134746199,63,2584,3912,24,0.6038280419261735,0.023800528900642236,0.7241379310344828,0.3977832512315271,0.6022167487684729
YNL197C,-1,1.223185240288181,63,2585,3911,24,0.6036761355005317,0.02379154078549849,0.7241379310344828,0.3979371921182266,0.6020628078817734
YDR123C,-1,1.222863444853477,63,2586,3910,24,0.6035242290748899,0.02378255945639864,0.7241379310344828,0.3980911330049261,0.6019088669950738
YOR298C-A,-1,1.2224588010517319,63,2587,3909,24,0.6033723226492481,0.023773584905660377,0.7241379310344828,0.3982450738916256,0.6017549261083743
YDR314C,-1,1.2220103094859196,63,2588,3908,24,0.6032204162236062,0.023764617125612977,0.7241379310344828,0.3983990147783251,0.6016009852216748
YML070W,-1,1.2217743697911925,63,2589,3907,24,0.6030685097979644,0.023755656108597284,0.7241379310344828,0.39855295566502463,0.6014470443349754
YDR238C,-1,1.221655126659442,63,2590,3906,24,0.6029166033723227,0.023746701846965697,0.7241379310344828,0.39870689655172414,0.6012931034482759
YKR028W,-1,1.219434664306618,63,2591,3905,24,0.6027646969466809,0.02373775433308214,0.7241379310344828,0.39886083743842365,0.6011391625615764
YOR156C,-1,1.2175981541792515,63,2592,3904,24,0.602612790521039,0.023728813559322035,0.7241379310344828,0.39901477832512317,0.6009852216748769
YLR438C-A,-1,1.2165916360164228,63,2593,3903,24,0.6024608840953972,0.02371987951807229,0.7241379310344828,0.3991687192118227,0.6008312807881774
YIL140W,-1,1.216271807800061,63,2594,3902,24,0.6023089776697554,0.023710952201731274,0.7241379310344828,0.3993226600985222,0.6006773399014779
YNR031C,-1,1.214664726009927,63,2595,3901,24,0.6021570712441137,0.023702031602708805,0.7241379310344828,0.3994766009852217,0.6005233990147784
YDR153C,-1,1.2146301397786414,63,2596,3900,24,0.6020051648184718,0.0236931177134261,0.7241379310344828,0.3996305418719212,0.6003694581280788
YPL070W,-1,1.2132781928608463,63,2597,3899,24,0.60185325839283,0.02368421052631579,0.7241379310344828,0.39978448275862066,0.6002155172413793
YGL133W,-1,1.211888060883676,63,2598,3898,24,0.6017013519671882,0.02367531003382187,0.7241379310344828,0.3999384236453202,0.6000615763546798
YJR156C,-1,1.2102574482212516,63,2599,3897,24,0.6015494455415464,0.0236664162283997,0.7241379310344828,0.4000923645320197,0.5999076354679803
YDL212W,-1,1.2094831544619378,63,2600,3896,24,0.6013975391159047,0.02365752910251596,0.7241379310344828,0.4002463054187192,0.5997536945812808
YBR049C,-1,1.209413574002781,63,2601,3895,24,0.6012456326902628,0.02364864864864865,0.7241379310344828,0.4004002463054187,0.5995997536945813
YJR140C,-1,1.2090608806386123,63,2602,3894,24,0.601093726264621,0.023639774859287054,0.7241379310344828,0.4005541871921182,0.5994458128078818
YBR152W,-1,1.2089026182278235,63,2603,3893,24,0.6009418198389792,0.023630907726931733,0.7241379310344828,0.4007081280788177,0.5992918719211823
YHL048W,-1,1.2075637048008605,63,2604,3892,24,0.6007899134133374,0.023622047244094488,0.7241379310344828,0.40086206896551724,0.5991379310344828
YDR459C,-1,1.207449634627937,63,2605,3891,24,0.6006380069876955,0.02361319340329835,0.7241379310344828,0.40101600985221675,0.5989839901477833
YPL164C,-1,1.2062057629840066,63,2606,3890,24,0.6004861005620538,0.023604346197077557,0.7241379310344828,0.40116995073891626,0.5988300492610837
YKL126W,-1,1.2050434281681615,63,2607,3889,24,0.600334194136412,0.02359550561797753,0.7241379310344828,0.40132389162561577,0.5986761083743842
YMR100W,-1,1.2036736992037098,63,2608,3888,24,0.6001822877107702,0.02358667165855485,0.7241379310344828,0.4014778325123153,0.5985221674876847
YMR283C,-1,1.202136829948697,63,2609,3887,24,0.6000303812851283,0.023577844311377244,0.7241379310344828,0.4016317733990148,0.5983682266009852
YIL065C,-1,1.201477654994404,63,2610,3886,24,0.5998784748594865,0.02356902356902357,0.7241379310344828,0.4017857142857143,0.5982142857142857
YOL109W,-1,1.2004237843609367,63,2611,3885,24,0.5997265684338448,0.02356020942408377,0.7241379310344828,0.4019396551724138,0.5980603448275862
YCR020C,-1,1.2000183586816286,63,2612,3884,24,0.599574662008203,0.02355140186915888,0.7241379310344828,0.4020935960591133,0.5979064039408867
YPL201C,0,1.1997607128018184,63,2612,3884,24,0.599574662008203,0.02355140186915888,0.7241379310344828,0.4020935960591133,0.5979064039408867
YLR220W,-1,1.1975506706449583,63,2613,3883,24,0.5994227555825612,0.023542600896860985,0.7241379310344828,0.40224753694581283,0.5977524630541872
YNL091W,-1,1.1965095148499854,63,2614,3882,24,0.5992708491569193,0.023533806499813223,0.7241379310344828,0.4024014778325123,0.5975985221674877
YLR157C-A,-1,1.195917118176608,63,2615,3881,24,0.5991189427312775,0.02352501867064974,0.7241379310344828,0.4025554187192118,0.5974445812807881
YLL031C,-1,1.1958854395783323,63,2616,3880,24,0.5989670363056357,0.023516237402015677,0.7241379310344828,0.4027093596059113,0.5972906403940886
YNL072W,-1,1.1957892066299454,63,2617,3879,24,0.598815129879994,0.023507462686567164,0.7241379310344828,0.4028633004926108,0.5971366995073891
YDL007W,-1,1.1953223256754537,63,2618,3878,24,0.5986632234543521,0.02349869451697128,0.7241379310344828,0.40301724137931033,0.5969827586206896
YPL052W,-1,1.194810571855655,63,2619,3877,24,0.5985113170287103,0.02348993288590604,0.7241379310344828,0.40317118226600984,0.5968288177339901
YMR284W,-1,1.1938266520401835,63,2620,3876,24,0.5983594106030685,0.02348117778606038,0.7241379310344828,0.40332512315270935,0.5966748768472906
YKL046C,-1,1.1901133517555644,63,2621,3875,24,0.5982075041774267,0.02347242921013413,0.7241379310344828,0.40347906403940886,0.5965209359605911
YEL019C,-1,1.1893369266526292,63,2622,3874,24,0.5980555977517849,0.02346368715083799,0.7241379310344828,0.4036330049261084,0.5963669950738916
YEL061C,-1,1.1892956596431514,63,2623,3873,24,0.5979036913261431,0.02345495160089352,0.7241379310344828,0.4037869458128079,0.5962130541871922
YER021W,-1,1.188572604765878,63,2624,3872,24,0.5977517849005013,0.023446222553033122,0.7241379310344828,0.4039408866995074,0.5960591133004927
YLR411W,-1,1.1884092300964668,63,2625,3871,24,0.5975998784748595,0.0234375,0.7241379310344828,0.4040948275862069,0.5959051724137931
YMR189W,-1,1.1881905744086507,63,2626,3870,24,0.5974479720492177,0.02342878393454816,0.7241379310344828,0.4042487684729064,0.5957512315270936
YER088C,-1,1.188143003827537,63,2627,3869,24,0.5972960656235758,0.02342007434944238,0.7241379310344828,0.4044027093596059,0.5955972906403941
YAR019C,-1,1.1875258394646562,63,2628,3868,24,0.5971441591979341,0.023411371237458192,0.7241379310344828,0.40455665024630544,0.5954433497536946
YDR261C,-1,1.1866710917310925,63,2629,3867,24,0.5969922527722923,0.023402674591381872,0.7241379310344828,0.40471059113300495,0.5952894088669951
YMR316W,-1,1.1859867410143388,63,2630,3866,24,0.5968403463466505,0.023393984404010398,0.7241379310344828,0.40486453201970446,0.5951354679802956
YLR006C,-1,1.1852654811679175,63,2631,3865,24,0.5966884399210086,0.02338530066815145,0.7241379310344828,0.4050184729064039,0.5949815270935961
YCR067C,-1,1.1840756207253667,63,2632,3864,24,0.5965365334953668,0.023376623376623377,0.7241379310344828,0.4051724137931034,0.5948275862068966
tS(AGA)M,-1,1.1840121259102927,63,2633,3863,24,0.5963846270697251,0.02336795252225519,0.7241379310344828,0.40532635467980294,0.5946736453201971
YPR107C,-1,1.1837197616832449,63,2634,3862,24,0.5962327206440833,0.02335928809788654,0.7241379310344828,0.40548029556650245,0.5945197044334976
YIR025W,-1,1.1826896295666844,63,2635,3861,24,0.5960808142184414,0.02335063009636768,0.7241379310344828,0.40563423645320196,0.594365763546798
YOL013C,-1,1.1822733882544296,63,2636,3860,24,0.5959289077927996,0.023341978510559466,0.7241379310344828,0.40578817733990147,0.5942118226600985
YPL265W,-1,1.1819920112172888,63,2637,3859,24,0.5957770013671578,0.023333333333333334,0.7241379310344828,0.405942118226601,0.594057881773399
YDR530C,-1,1.1818052928391984,63,2638,3858,24,0.595625094941516,0.02332469455757127,0.7241379310344828,0.4060960591133005,0.5939039408866995
YMR213W,-1,1.1813836014566117,63,2639,3857,24,0.5954731885158743,0.023316062176165803,0.7241379310344828,0.40625,0.59375
YPL110C,-1,1.1778544879348705,63,2640,3856,24,0.5953212820902324,0.023307436182019976,0.7241379310344828,0.4064039408866995,0.5935960591133005
YHR135C,-1,1.1776036903173928,63,2641,3855,24,0.5951693756645906,0.02329881656804734,0.7241379310344828,0.406557881773399,0.593442118226601
YJR109C,-1,1.1775387240925095,63,2642,3854,24,0.5950174692389488,0.023290203327171903,0.7241379310344828,0.40671182266009853,0.5932881773399015
YLR384C,-1,1.17716978713599,63,2643,3853,24,0.594865562813307,0.02328159645232816,0.7241379310344828,0.40686576354679804,0.593134236453202
YKL096W,-1,1.1750735741358136,63,2644,3852,24,0.5947136563876652,0.023272995936461028,0.7241379310344828,0.40701970443349755,0.5929802955665024
YDL040C,-1,1.1735490539323576,63,2645,3851,24,0.5945617499620234,0.02326440177252585,0.7241379310344828,0.40717364532019706,0.5928263546798029
YPR137C-B,-1,1.1727685385910052,63,2646,3850,24,0.5944098435363816,0.023255813953488372,0.7241379310344828,0.4073275862068966,0.5926724137931034
YLR287C-A,-1,1.1713636711209925,63,2647,3849,24,0.5942579371107398,0.023247232472324724,0.7241379310344828,0.4074815270935961,0.5925184729064039
YJL092W,-1,1.1704900003676562,63,2648,3848,24,0.5941060306850979,0.023238657322021395,0.7241379310344828,0.40763546798029554,0.5923645320197044
YHR171W,-1,1.1694876928826647,63,2649,3847,24,0.5939541242594562,0.023230088495575223,0.7241379310344828,0.40778940886699505,0.5922105911330049
YPR054W,-1,1.1693480461696877,63,2650,3846,24,0.5938022178338144,0.023221525985993367,0.7241379310344828,0.40794334975369456,0.5920566502463054
YGL186C,-1,1.168425163982245,63,2651,3845,24,0.5936503114081726,0.023212969786293294,0.7241379310344828,0.4080972906403941,0.5919027093596059
YKL064W,-1,1.1668585985152957,63,2652,3844,24,0.5934984049825308,0.023204419889502764,0.7241379310344828,0.4082512315270936,0.5917487684729064
tE(UUC)J,-1,1.1655869277908024,63,2653,3843,24,0.5933464985568889,0.023195876288659795,0.7241379310344828,0.4084051724137931,0.5915948275862069
YLR453C,-1,1.1648297799206087,63,2654,3842,24,0.5931945921312471,0.02318733897681266,0.7241379310344828,0.4085591133004926,0.5914408866995073
YIL106W,-1,1.1647787102102798,63,2655,3841,24,0.5930426857056054,0.023178807947019868,0.7241379310344828,0.4087130541871921,0.5912869458128078
YBR093C,-1,1.1641697763749896,63,2656,3840,24,0.5928907792799636,0.02317028319235013,0.7241379310344828,0.4088669950738916,0.5911330049261084
YER143W,-1,1.1626263240179027,63,2657,3839,24,0.5927388728543217,0.023161764705882354,0.7241379310344828,0.40902093596059114,0.5909790640394089
YJL112W,-1,1.1621797877678932,63,2658,3838,24,0.5925869664286799,0.023153252480705624,0.7241379310344828,0.40917487684729065,0.5908251231527094
YJR033C,-1,1.1620363495366188,63,2659,3837,24,0.5924350600030381,0.023144746509919177,0.7241379310344828,0.40932881773399016,0.5906711822660099
YNL156C,-1,1.1607482130891684,63,2660,3836,24,0.5922831535773964,0.02313624678663239,0.7241379310344828,0.40948275862068967,0.5905172413793104
YHR048W,-1,1.1606332968394566,63,2661,3835,24,0.5921312471517545,0.023127753303964757,0.7241379310344828,0.4096366995073892,0.5903633004926109
YNL079C,-1,1.1599317040808743,63,2662,3834,24,0.5919793407261127,0.02311926605504587,0.7241379310344828,0.4097906403940887,0.5902093596059114
YNL241C,-1,1.1594793102699146,63,2663,3833,24,0.5918274343004709,0.023110785033015408,0.7241379310344828,0.4099445812807882,0.5900554187192119
YPL022W,-1,1.1579110404920883,63,2664,3832,24,0.5916755278748291,0.0231023102310231,0.7241379310344828,0.4100985221674877,0.5899014778325123
YER012W,-1,1.1573812787258662,63,2665,3831,24,0.5915236214491874,0.02309384164222874,0.7241379310344828,0.41025246305418717,0.5897475369458128
YER116C,-1,1.1572183686833664,63,2666,3830,24,0.5913717150235455,0.023085379259802124,0.7241379310344828,0.4104064039408867,0.5895935960591133
YBL071W-A,-1,1.157030773921094,63,2667,3829,24,0.5912198085979037,0.023076923076923078,0.7241379310344828,0.4105603448275862,0.5894396551724138
YER091C,1,1.1548182642489415,64,2667,3829,23,0.5913717150235455,0.023434639326254118,0.735632183908046,0.4105603448275862,0.5894396551724138
YGR101W,-1,1.1546086116933745,64,2668,3828,23,0.5912198085979037,0.02342606149341142,0.735632183908046,0.4107142857142857,0.5892857142857143
YNL236W,-1,1.1540413184441614,64,2669,3827,23,0.5910679021722619,0.02341748993779729,0.735632183908046,0.4108682266009852,0.5891317733990148
YIL147C,-1,1.153561619162589,64,2670,3826,23,0.5909159957466201,0.023408924652523776,0.735632183908046,0.4110221674876847,0.5889778325123153
YDR147W,-1,1.1518244051793376,64,2671,3825,23,0.5907640893209782,0.02340036563071298,0.735632183908046,0.41117610837438423,0.5888238916256158
YNR011C,-1,1.1514381468235353,64,2672,3824,23,0.5906121828953365,0.023391812865497075,0.735632183908046,0.41133004926108374,0.5886699507389163
YPL100W,-1,1.1506239315093572,64,2673,3823,23,0.5904602764696947,0.023383266350018268,0.735632183908046,0.41148399014778325,0.5885160098522167
YER019W,-1,1.1502769048196315,64,2674,3822,23,0.5903083700440529,0.02337472607742878,0.735632183908046,0.41163793103448276,0.5883620689655172
YKL220C,-1,1.1495734470227283,64,2675,3821,23,0.590156463618411,0.023366192040890837,0.735632183908046,0.4117918719211823,0.5882081280788177
YML057W,-1,1.1488132818093446,64,2676,3820,23,0.5900045571927692,0.02335766423357664,0.735632183908046,0.4119458128078818,0.5880541871921182
YDR534C,-1,1.1475990696635334,64,2677,3819,23,0.5898526507671275,0.02334914264866837,0.735632183908046,0.4120997536945813,0.5879002463054187
YGL137W,-1,1.1475183685712023,64,2678,3818,23,0.5897007443414857,0.023340627279358133,0.735632183908046,0.4122536945812808,0.5877463054187192
YMR069W,-1,1.147016599539993,64,2679,3817,23,0.5895488379158439,0.023332118118847976,0.735632183908046,0.4124076354679803,0.5875923645320197
YHR007C,-1,1.1465200261725403,64,2680,3816,23,0.589396931490202,0.023323615160349854,0.735632183908046,0.4125615763546798,0.5874384236453202
tG(GCC)C,-1,1.1464726883712528,64,2681,3815,23,0.5892450250645602,0.02331511839708561,0.735632183908046,0.41271551724137934,0.5872844827586207
YJL159W,-1,1.1459334945308974,64,2682,3814,23,0.5890931186389184,0.023306627822286964,0.735632183908046,0.4128694581280788,0.5871305418719212
YJR044C,-1,1.1445504661677965,64,2683,3813,23,0.5889412122132767,0.023298143429195485,0.735632183908046,0.4130233990147783,0.5869766009852216
YNL030W,-1,1.143123776125156,64,2684,3812,23,0.5887893057876348,0.023289665211062592,0.735632183908046,0.4131773399014778,0.5868226600985221
YGR170W,-1,1.142155738843141,64,2685,3811,23,0.588637399361993,0.02328119316114951,0.735632183908046,0.4133312807881773,0.5866687192118226
YNL311C,-1,1.1412294435427486,64,2686,3810,23,0.5884854929363512,0.02327272727272727,0.735632183908046,0.41348522167487683,0.5865147783251231
YDR221W,-1,1.141101729775303,64,2687,3809,23,0.5883335865107094,0.023264267539076698,0.735632183908046,0.41363916256157635,0.5863608374384236
YOL009C,-1,1.1410695980406778,64,2688,3808,23,0.5881816800850675,0.023255813953488372,0.735632183908046,0.41379310344827586,0.5862068965517241
YMR172W,-1,1.138579862492569,64,2689,3807,23,0.5880297736594258,0.023247366509262624,0.735632183908046,0.41394704433497537,0.5860529556650246
YDR434W,-1,1.1381696143249664,64,2690,3806,23,0.587877867233784,0.023238925199709513,0.735632183908046,0.4141009852216749,0.5858990147783252
YFL026W,-1,1.137450123074374,64,2691,3805,23,0.5877259608081422,0.02323049001814882,0.735632183908046,0.4142549261083744,0.5857450738916257
YER069W,-1,1.1372529664480753,64,2692,3804,23,0.5875740543825004,0.023222060957910014,0.735632183908046,0.4144088669950739,0.5855911330049262
YAL029C,-1,1.1364644698478945,64,2693,3803,23,0.5874221479568585,0.023213638012332245,0.735632183908046,0.4145628078817734,0.5854371921182266
YIL017C,-1,1.1364397058514153,64,2694,3802,23,0.5872702415312168,0.023205221174764323,0.735632183908046,0.4147167487684729,0.5852832512315271
YJL103C,-1,1.1358584915372723,64,2695,3801,23,0.587118335105575,0.023196810438564697,0.735632183908046,0.41487068965517243,0.5851293103448276
YHR073W,-1,1.1344244401581958,64,2696,3800,23,0.5869664286799332,0.02318840579710145,0.735632183908046,0.41502463054187194,0.5849753694581281
YNL187W,-1,1.133326291509671,64,2697,3799,23,0.5868145222542913,0.023180007243752264,0.735632183908046,0.41517857142857145,0.5848214285714286
YER190W,-1,1.132264845625539,64,2698,3798,23,0.5866626158286495,0.023171614771904415,0.735632183908046,0.41533251231527096,0.5846674876847291
YJL134W,-1,1.1316918008201575,64,2699,3797,23,0.5865107094030078,0.02316322837495476,0.735632183908046,0.4154864532019704,0.5845135467980296
YLR320W,-1,1.1316695304405546,64,2700,3796,23,0.586358802977366,0.023154848046309694,0.735632183908046,0.41564039408866993,0.5843596059113301
YPR023C,-1,1.1313566053230955,64,2701,3795,23,0.5862068965517241,0.02314647377938517,0.735632183908046,0.41579433497536944,0.5842056650246306
YNL272C,-1,1.1296900278966129,64,2702,3794,23,0.5860549901260823,0.023138105567606652,0.735632183908046,0.41594827586206895,0.584051724137931
YLL002W,-1,1.1291513632652233,64,2703,3793,23,0.5859030837004405,0.023129743404409108,0.735632183908046,0.41610221674876846,0.5838977832512315
YGL197W,-1,1.128100333330238,64,2704,3792,23,0.5857511772747988,0.023121387283236993,0.735632183908046,0.41625615763546797,0.583743842364532
YGL065C,-1,1.1265521241219056,64,2705,3791,23,0.585599270849157,0.02311303719754424,0.735632183908046,0.4164100985221675,0.5835899014778325
YOL162W,-1,1.126077653194514,64,2706,3790,23,0.5854473644235151,0.023104693140794223,0.735632183908046,0.416564039408867,0.583435960591133
YGR129W,-1,1.1258695415069317,64,2707,3789,23,0.5852954579978733,0.02309635510645976,0.735632183908046,0.4167179802955665,0.5832820197044335
YHR037W,-1,1.1258018392667926,64,2708,3788,23,0.5851435515722315,0.023088023088023088,0.735632183908046,0.416871921182266,0.583128078817734
YFR055W,-1,1.1253646394064394,64,2709,3787,23,0.5849916451465897,0.02307969707897584,0.735632183908046,0.4170258620689655,0.5829741379310345
YEL021W,-1,1.1246306988874286,64,2710,3786,23,0.5848397387209479,0.023071377072819033,0.735632183908046,0.41717980295566504,0.582820197044335
YJR082C,-1,1.1244090513828369,64,2711,3785,23,0.5846878322953061,0.023063063063063063,0.735632183908046,0.41733374384236455,0.5826662561576355
YDR043C,-1,1.1234353966467285,64,2712,3784,23,0.5845359258696643,0.023054755043227664,0.735632183908046,0.41748768472906406,0.5825123152709359
YPL008W,-1,1.1232684752239948,64,2713,3783,23,0.5843840194440225,0.023046453006841917,0.735632183908046,0.41764162561576357,0.5823583743842364
YGL119W,-1,1.122991030129788,64,2714,3782,23,0.5842321130183806,0.023038156947444204,0.735632183908046,0.4177955665024631,0.5822044334975369
YFR041C,-1,1.1221247436318076,64,2715,3781,23,0.5840802065927388,0.023029866858582222,0.735632183908046,0.4179495073891626,0.5820504926108374
YKR031C,-1,1.1204512725622355,64,2716,3780,23,0.5839283001670971,0.02302158273381295,0.735632183908046,0.41810344827586204,0.5818965517241379
YOL052C-A,-1,1.1159065643893247,64,2717,3779,23,0.5837763937414553,0.023013304566702624,0.735632183908046,0.41825738916256155,0.5817426108374384
YIR033W,-1,1.1152118158289182,64,2718,3778,23,0.5836244873158135,0.023005032350826744,0.735632183908046,0.41841133004926107,0.5815886699507389
YGL026C,-1,1.1125740196421305,64,2719,3777,23,0.5834725808901716,0.022996766079770033,0.735632183908046,0.4185652709359606,0.5814347290640394
YER052C,-1,1.112080085498619,64,2720,3776,23,0.5833206744645298,0.022988505747126436,0.735632183908046,0.4187192118226601,0.5812807881773399
YBR019C,-1,1.1117669314344443,64,2721,3775,23,0.5831687680388881,0.022980251346499104,0.735632183908046,0.4188731527093596,0.5811268472906403
YPL031C,-1,1.111171638913753,64,2722,3774,23,0.5830168616132463,0.02297200287150036,0.735632183908046,0.4190270935960591,0.5809729064039408
YPL006W,-1,1.1110593017073858,64,2723,3773,23,0.5828649551876044,0.022963760315751706,0.735632183908046,0.4191810344827586,0.5808189655172413
YJL222W,-1,1.1099635680296744,64,2724,3772,23,0.5827130487619626,0.02295552367288379,0.735632183908046,0.41933497536945813,0.5806650246305419
YKL062W,-1,1.1085636699727235,64,2725,3771,23,0.5825611423363208,0.022947292936536395,0.735632183908046,0.41948891625615764,0.5805110837438424
YMR192W,-1,1.108186481618192,64,2726,3770,23,0.5824092359106791,0.022939068100358423,0.735632183908046,0.41964285714285715,0.5803571428571429
YOR230W,-1,1.1065260730016062,64,2727,3769,23,0.5822573294850372,0.02293084915800788,0.735632183908046,0.41979679802955666,0.5802032019704434
YGR157W,1,1.1056875134845798,65,2727,3769,22,0.5824092359106791,0.02328080229226361,0.7471264367816092,0.41979679802955666,0.5802032019704434
YLR216C,-1,1.105422355364847,65,2728,3768,22,0.5822573294850372,0.02327246688148944,0.7471264367816092,0.41995073891625617,0.5800492610837439
YDL246C,-1,1.1032702918813926,65,2729,3767,22,0.5821054230593954,0.023264137437365783,0.7471264367816092,0.4201046798029557,0.5798953201970444
YKR034W,-1,1.1029513378665217,65,2730,3766,22,0.5819535166337536,0.023255813953488372,0.7471264367816092,0.4202586206896552,0.5797413793103449
YDL099W,-1,1.102444558065446,65,2731,3765,22,0.5818016102081118,0.023247496423462088,0.7471264367816092,0.4204125615763547,0.5795874384236454
tR(ACG)O,-1,1.1013102425828918,65,2732,3764,22,0.58164970378247,0.023239184840900966,0.7471264367816092,0.4205665024630542,0.5794334975369458
YDL088C,-1,1.1007838865677961,65,2733,3763,22,0.5814977973568282,0.023230879199428164,0.7471264367816092,0.42072044334975367,0.5792795566502463
YOR250C,-1,1.1004077325822672,65,2734,3762,22,0.5813458909311864,0.023222579492675956,0.7471264367816092,0.4208743842364532,0.5791256157635468
YLR396C,-1,1.1002367099085766,65,2735,3761,22,0.5811939845055446,0.023214285714285715,0.7471264367816092,0.4210283251231527,0.5789716748768473
YEL013W,-1,1.098018075157568,65,2736,3760,22,0.5810420780799028,0.02320599785790789,0.7471264367816092,0.4211822660098522,0.5788177339901478
YHL007C,-1,1.0973619127906724,65,2737,3759,22,0.5808901716542609,0.023197715917202,0.7471264367816092,0.4213362068965517,0.5786637931034483
YOR160W,-1,1.0965088416900235,65,2738,3758,22,0.5807382652286192,0.023189439885836605,0.7471264367816092,0.4214901477832512,0.5785098522167488
YGL170C,-1,1.0957255235951913,65,2739,3757,22,0.5805863588029774,0.023181169757489302,0.7471264367816092,0.42164408866995073,0.5783559113300493
YER056C-A,-1,1.0946342336409154,65,2740,3756,22,0.5804344523773356,0.023172905525846704,0.7471264367816092,0.42179802955665024,0.5782019704433498
YIL139C,-1,1.0941547212296243,65,2741,3755,22,0.5802825459516937,0.02316464718460442,0.7471264367816092,0.42195197044334976,0.5780480295566502
YFL008W,-1,1.0927766276450805,65,2742,3754,22,0.5801306395260519,0.023156394727467045,0.7471264367816092,0.42210591133004927,0.5778940886699507
YHR114W,-1,1.0925939437204866,65,2743,3753,22,0.5799787331004101,0.023148148148148147,0.7471264367816092,0.4222598522167488,0.5777401477832512
YMR230W,-1,1.0925723294345713,65,2744,3752,22,0.5798268266747684,0.023139907440370238,0.7471264367816092,0.4224137931034483,0.5775862068965517
YPL144W,0,1.0913954997119861,65,2744,3752,22,0.5798268266747684,0.023139907440370238,0.7471264367816092,0.4224137931034483,0.5775862068965517
YDR436W,-1,1.0913129146880347,65,2745,3751,22,0.5796749202491266,0.023131672597864767,0.7471264367816092,0.4225677339901478,0.5774322660098522
YLR139C,-1,1.0898938916224055,65,2746,3750,22,0.5795230138234847,0.02312344361437211,0.7471264367816092,0.4227216748768473,0.5772783251231527
YIR013C,-1,1.0895109985006228,65,2747,3749,22,0.5793711073978429,0.023115220483641535,0.7471264367816092,0.4228756157635468,0.5771243842364532
tC(GCA)P1,-1,1.0887750306039916,65,2748,3748,22,0.5792192009722011,0.023107003199431212,0.7471264367816092,0.42302955665024633,0.5769704433497537
tL(UAA)J,-1,1.0886381185863205,65,2749,3747,22,0.5790672945465594,0.023098791755508174,0.7471264367816092,0.4231834975369458,0.5768165024630542
YGL153W,-1,1.0873117269826993,65,2750,3746,22,0.5789153881209175,0.023090586145648313,0.7471264367816092,0.4233374384236453,0.5766625615763546
YCR092C,-1,1.085793826870141,65,2751,3745,22,0.5787634816952757,0.023082386363636364,0.7471264367816092,0.4234913793103448,0.5765086206896551
YER027C,-1,1.0857747909309732,65,2752,3744,22,0.5786115752696339,0.023074192403265886,0.7471264367816092,0.4236453201970443,0.5763546798029556
YMR046C,-1,1.084299852476774,65,2753,3743,22,0.5784596688439921,0.023066004258339247,0.7471264367816092,0.42379926108374383,0.5762007389162561
YJR006W,-1,1.0841792349358725,65,2754,3742,22,0.5783077624183502,0.02305782192266761,0.7471264367816092,0.42395320197044334,0.5760467980295566
YNL339C,-1,1.084110125904976,65,2755,3741,22,0.5781558559927085,0.02304964539007092,0.7471264367816092,0.42410714285714285,0.5758928571428571
YJR126C,-1,1.083263002047128,65,2756,3740,22,0.5780039495670667,0.02304147465437788,0.7471264367816092,0.42426108374384236,0.5757389162561576
YML059C,-1,1.0829307217274213,65,2757,3739,22,0.5778520431414249,0.02303330970942594,0.7471264367816092,0.42441502463054187,0.5755849753694581
YBR186W,-1,1.0805322241891686,65,2758,3738,22,0.5777001367157831,0.023025150549061284,0.7471264367816092,0.4245689655172414,0.5754310344827587
YDL190C,-1,1.0790087442815692,65,2759,3737,22,0.5775482302901412,0.02301699716713881,0.7471264367816092,0.4247229064039409,0.5752770935960592
YKL190W,-1,1.078422915529272,65,2760,3736,22,0.5773963238644995,0.023008849557522124,0.7471264367816092,0.4248768472906404,0.5751231527093597
YGL061C,-1,1.0780946158105393,65,2761,3735,22,0.5772444174388577,0.02300070771408351,0.7471264367816092,0.4250307881773399,0.5749692118226601
YDR138W,-1,1.0766553170644069,65,2762,3734,22,0.5770925110132159,0.022992571630703926,0.7471264367816092,0.4251847290640394,0.5748152709359606
YGR099W,-1,1.0755322037785806,65,2763,3733,22,0.576940604587574,0.022984441301272984,0.7471264367816092,0.42533866995073893,0.5746613300492611
YLL039C,-1,1.074968767629009,65,2764,3732,22,0.5767886981619322,0.022976316719688937,0.7471264367816092,0.42549261083743845,0.5745073891625616
YHL032C,-1,1.0746546517294588,65,2765,3731,22,0.5766367917362905,0.022968197879858657,0.7471264367816092,0.42564655172413796,0.5743534482758621
YML015C,-1,1.0744147490288591,65,2766,3730,22,0.5764848853106487,0.022960084775697633,0.7471264367816092,0.4258004926108374,0.5741995073891626
YNL314W,-1,1.073098933029279,65,2767,3729,22,0.5763329788850068,0.022951977401129944,0.7471264367816092,0.4259544334975369,0.5740455665024631
YBR010W,-1,1.0725964990744774,65,2768,3728,22,0.576181072459365,0.022943875750088244,0.7471264367816092,0.42610837438423643,0.5738916256157636
YBR105C,-1,1.0724295469412688,65,2769,3727,22,0.5760291660337232,0.022935779816513763,0.7471264367816092,0.42626231527093594,0.5737376847290641
YNL312W,-1,1.0721768205295523,65,2770,3726,22,0.5758772596080814,0.02292768959435626,0.7471264367816092,0.42641625615763545,0.5735837438423645
YOR360C,-1,1.0718069838952151,65,2771,3725,22,0.5757253531824397,0.022919605077574047,0.7471264367816092,0.42657019704433496,0.573429802955665
YKR010C,-1,1.0709503828946423,65,2772,3724,22,0.5755734467567978,0.022911526260133944,0.7471264367816092,0.4267241379310345,0.5732758620689655
YLR127C,-1,1.0708663276266037,65,2773,3723,22,0.575421540331156,0.022903453136011276,0.7471264367816092,0.426878078817734,0.573121921182266
YPL179W,-1,1.0696208681901742,65,2774,3722,22,0.5752696339055142,0.022895385699189856,0.7471264367816092,0.4270320197044335,0.5729679802955665
YMR276W,-1,1.0676256847486612,65,2775,3721,22,0.5751177274798724,0.022887323943661973,0.7471264367816092,0.427185960591133,0.572814039408867
YJR010W,-1,1.0674323470343139,65,2776,3720,22,0.5749658210542306,0.02287926786342837,0.7471264367816092,0.4273399014778325,0.5726600985221675
YBL011W,-1,1.0664779695925448,65,2777,3719,22,0.5748139146285888,0.02287121745249824,0.7471264367816092,0.42749384236453203,0.572506157635468
YNR070W,-1,1.0663142769694915,65,2778,3718,22,0.574662008202947,0.0228631727048892,0.7471264367816092,0.42764778325123154,0.5723522167487685
YIL066C,-1,1.0659223041148134,65,2779,3717,22,0.5745101017773052,0.022855133614627286,0.7471264367816092,0.42780172413793105,0.572198275862069
YGR288W,-1,1.06570494636568,65,2780,3716,22,0.5743581953516633,0.022847100175746926,0.7471264367816092,0.42795566502463056,0.5720443349753694
YLR284C,-1,1.065574655158076,65,2781,3715,22,0.5742062889260215,0.022839072382290933,0.7471264367816092,0.42810960591133007,0.5718903940886699
YBR297W,-1,1.0654814288397323,65,2782,3714,22,0.5740543825003798,0.0228310502283105,0.7471264367816092,0.4282635467980296,0.5717364532019704
YHR014W,-1,1.0636566164155823,65,2783,3713,22,0.573902476074738,0.02282303370786517,0.7471264367816092,0.42841748768472904,0.5715825123152709
YIL117C,-1,1.063622845057846,65,2784,3712,22,0.5737505696490962,0.022815022815022814,0.7471264367816092,0.42857142857142855,0.5714285714285714
YLR158C,-1,1.0625542867455235,65,2785,3711,22,0.5735986632234543,0.02280701754385965,0.7471264367816092,0.42872536945812806,0.5712746305418719
YDR034C-C,-1,1.0609718581393512,65,2786,3710,22,0.5734467567978125,0.02279901788846019,0.7471264367816092,0.42887931034482757,0.5711206896551724
YER141W,-1,1.059992125965428,65,2787,3709,22,0.5732948503721708,0.02279102384291725,0.7471264367816092,0.4290332512315271,0.5709667487684729
YGR098C,-1,1.0598947210595093,65,2788,3708,22,0.573142943946529,0.02278303540133193,0.7471264367816092,0.4291871921182266,0.5708128078817734
YJR150C,-1,1.058371512625889,65,2789,3707,22,0.5729910375208871,0.022775052557813594,0.7471264367816092,0.4293411330049261,0.5706588669950738
YOL130W,-1,1.057948330762779,65,2790,3706,22,0.5728391310952453,0.02276707530647986,0.7471264367816092,0.4294950738916256,0.5705049261083743
YLR426W,-1,1.0579427003767077,65,2791,3705,22,0.5726872246696035,0.02275910364145658,0.7471264367816092,0.4296490147783251,0.5703509852216748
YOR219C,-1,1.0575500608366364,65,2792,3704,22,0.5725353182439618,0.022751137556877844,0.7471264367816092,0.42980295566502463,0.5701970443349754
YJL060W,-1,1.0565885881034363,65,2793,3703,22,0.5723834118183199,0.022743177046885936,0.7471264367816092,0.42995689655172414,0.5700431034482759
YBR205W,-1,1.0565063089341309,65,2794,3702,22,0.5722315053926781,0.02273522210563134,0.7471264367816092,0.43011083743842365,0.5698891625615764
YER109C,-1,1.056006247218103,65,2795,3701,22,0.5720795989670363,0.022727272727272728,0.7471264367816092,0.43026477832512317,0.5697352216748769
YCR068W,-1,1.0558194283231053,65,2796,3700,22,0.5719276925413945,0.022719328905976933,0.7471264367816092,0.4304187192118227,0.5695812807881774
YIL023C,-1,1.055201416310035,65,2797,3699,22,0.5717757861157527,0.022711390635918937,0.7471264367816092,0.4305726600985222,0.5694273399014779
YDR270W,-1,1.0545263472632271,65,2798,3698,22,0.5716238796901109,0.022703457911281873,0.7471264367816092,0.4307266009852217,0.5692733990147784
YML098W,-1,1.05433542234266,65,2799,3697,22,0.5714719732644691,0.022695530726256984,0.7471264367816092,0.4308805418719212,0.5691194581280788
YML088W,-1,1.053822804479354,65,2800,3696,22,0.5713200668388273,0.02268760907504363,0.7471264367816092,0.43103448275862066,0.5689655172413793
YBR298C,-1,1.0536698507260933,65,2801,3695,22,0.5711681604131855,0.022679692951849267,0.7471264367816092,0.4311884236453202,0.5688115763546798
YBL005W-A,-1,1.0528703165065707,65,2802,3694,22,0.5710162539875436,0.02267178235088943,0.7471264367816092,0.4313423645320197,0.5686576354679803
YJL140W,-1,1.0526335070293071,65,2803,3693,22,0.5708643475619019,0.022663877266387727,0.7471264367816092,0.4314963054187192,0.5685036945812808
tH(GUG)E1,-1,1.0515023510206603,65,2804,3692,22,0.5707124411362601,0.02265597769257581,0.7471264367816092,0.4316502463054187,0.5683497536945813
YNL288W,-1,1.0503471546189356,65,2805,3691,22,0.5705605347106183,0.02264808362369338,0.7471264367816092,0.4318041871921182,0.5681958128078818
YER172C,-1,1.0501966771280384,65,2806,3690,22,0.5704086282849764,0.022640195053988156,0.7471264367816092,0.4319581280788177,0.5680418719211823
YDR176W,-1,1.0494197069113442,65,2807,3689,22,0.5702567218593346,0.022632311977715876,0.7471264367816092,0.43211206896551724,0.5678879310344828
YOR308C,-1,1.0485268868372772,65,2808,3688,22,0.5701048154336928,0.02262443438914027,0.7471264367816092,0.43226600985221675,0.5677339901477833
YER144C,-1,1.0482757596703562,65,2809,3687,22,0.5699529090080511,0.022616562282533056,0.7471264367816092,0.43241995073891626,0.5675800492610837
YLR447C,-1,1.0481976101023494,65,2810,3686,22,0.5698010025824093,0.022608695652173914,0.7471264367816092,0.43257389162561577,0.5674261083743842
YGL113W,-1,1.0474280366015651,65,2811,3685,22,0.5696490961567674,0.022600834492350487,0.7471264367816092,0.4327278325123153,0.5672721674876847
YGR038W,-1,1.0472080416269034,65,2812,3684,22,0.5694971897311256,0.02259297879735836,0.7471264367816092,0.4328817733990148,0.5671182266009852
YDR439W,-1,1.045871357110409,65,2813,3683,22,0.5693452833054838,0.022585128561501043,0.7471264367816092,0.4330357142857143,0.5669642857142857
YDR318W,-1,1.0458068233287885,65,2814,3682,22,0.5691933768798421,0.022577283779089963,0.7471264367816092,0.4331896551724138,0.5668103448275862
YHR152W,-1,1.0442183097681526,65,2815,3681,22,0.5690414704542002,0.022569444444444444,0.7471264367816092,0.4333435960591133,0.5666564039408867
YLR421C,-1,1.0442050161361194,65,2816,3680,22,0.5688895640285584,0.022561610551891705,0.7471264367816092,0.43349753694581283,0.5665024630541872
YMR137C,-1,1.044204090977219,65,2817,3679,22,0.5687376576029166,0.02255378209576683,0.7471264367816092,0.4336514778325123,0.5663485221674877
YOR085W,-1,1.0439009648480595,65,2818,3678,22,0.5685857511772748,0.022545959070412763,0.7471264367816092,0.4338054187192118,0.5661945812807881
YBL102W,-1,1.0427895504279545,65,2819,3677,22,0.5684338447516329,0.022538141470180306,0.7471264367816092,0.4339593596059113,0.5660406403940886
YLR066W,-1,1.0426237620740462,65,2820,3676,22,0.5682819383259912,0.022530329289428077,0.7471264367816092,0.4341133004926108,0.5658866995073891
YEL017W,0,1.0406284815812497,65,2820,3676,22,0.5682819383259912,0.022530329289428077,0.7471264367816092,0.4341133004926108,0.5658866995073891
YDR466W,-1,1.039077040787025,65,2821,3675,22,0.5681300319003494,0.02252252252252252,0.7471264367816092,0.43426724137931033,0.5657327586206896
YDL122W,-1,1.0384364524365521,65,2822,3674,22,0.5679781254747076,0.022514721163837893,0.7471264367816092,0.43442118226600984,0.5655788177339901
YGR225W,-1,1.0382688271948908,65,2823,3673,22,0.5678262190490658,0.022506925207756233,0.7471264367816092,0.43457512315270935,0.5654248768472906
YHR175W,-1,1.0382440009757663,65,2824,3672,22,0.5676743126234239,0.02249913464866736,0.7471264367816092,0.43472906403940886,0.5652709359605911
YJR159W,-1,1.037859525295678,65,2825,3671,22,0.5675224061977822,0.02249134948096886,0.7471264367816092,0.4348830049261084,0.5651169950738916
YER100W,-1,1.0374352946312955,65,2826,3670,22,0.5673704997721404,0.022483569699066067,0.7471264367816092,0.4350369458128079,0.5649630541871922
YKL178C,-1,1.0360171543145025,65,2827,3669,22,0.5672185933464986,0.02247579529737206,0.7471264367816092,0.4351908866995074,0.5648091133004927
YKR095W,-1,1.0351516621229968,65,2828,3668,22,0.5670666869208567,0.02246802627030764,0.7471264367816092,0.4353448275862069,0.5646551724137931
YAL044C,-1,1.0346064768688301,65,2829,3667,22,0.5669147804952149,0.022460262612301312,0.7471264367816092,0.4354987684729064,0.5645012315270936
YGL145W,-1,1.0343635878555193,65,2830,3666,22,0.5667628740695732,0.022452504317789293,0.7471264367816092,0.4356527093596059,0.5643472906403941
YGL084C,-1,1.034324596529604,65,2831,3665,22,0.5666109676439314,0.02244475138121547,0.7471264367816092,0.43580665024630544,0.5641933497536946
YPR198W,-1,1.0341091636516464,65,2832,3664,22,0.5664590612182895,0.02243700379703141,0.7471264367816092,0.43596059113300495,0.5640394088669951
YIR009W,-1,1.0324310561527688,65,2833,3663,22,0.5663071547926477,0.022429261559696344,0.7471264367816092,0.43611453201970446,0.5638854679802956
YJL101C,-1,1.0317329460885762,65,2834,3662,22,0.5661552483670059,0.02242152466367713,0.7471264367816092,0.4362684729064039,0.5637315270935961
YPL048W,-1,1.031598324330832,65,2835,3661,22,0.5660033419413641,0.022413793103448276,0.7471264367816092,0.4364224137931034,0.5635775862068966
YER124C,-1,1.0309793252575223,65,2836,3660,22,0.5658514355157224,0.0224060668734919,0.7471264367816092,0.43657635467980294,0.5634236453201971
YLR350W,-1,1.0308665295581783,65,2837,3659,22,0.5656995290900805,0.022398345968297727,0.7471264367816092,0.43673029556650245,0.5632697044334976
YPL027W,-1,1.030551991619481,65,2838,3658,22,0.5655476226644387,0.022390630382363073,0.7471264367816092,0.43688423645320196,0.563115763546798
YNL323W,-1,1.0305140296277049,65,2839,3657,22,0.5653957162387969,0.022382920110192838,0.7471264367816092,0.43703817733990147,0.5629618226600985
YJR053W,-1,1.0295969758022605,65,2840,3656,22,0.5652438098131551,0.022375215146299483,0.7471264367816092,0.437192118226601,0.562807881773399
YBL100W-A,-1,1.029344042600449,65,2841,3655,22,0.5650919033875133,0.022367515485203028,0.7471264367816092,0.4373460591133005,0.5626539408866995
YNL128W,-1,1.0290104304390078,65,2842,3654,22,0.5649399969618715,0.022359821121431027,0.7471264367816092,0.4375,0.5625
YDL209C,-1,1.0289961104715157,65,2843,3653,22,0.5647880905362297,0.02235213204951857,0.7471264367816092,0.4376539408866995,0.5623460591133005
YMR010W,-1,1.0280686327829236,65,2844,3652,22,0.5646361841105879,0.02234444826400825,0.7471264367816092,0.437807881773399,0.562192118226601
YMR149W,-1,1.0278761371275231,65,2845,3651,22,0.564484277684946,0.022336769759450172,0.7471264367816092,0.43796182266009853,0.5620381773399015
YKL008C,-1,1.0277551333560513,65,2846,3650,22,0.5643323712593042,0.022329096530401923,0.7471264367816092,0.43811576354679804,0.561884236453202
YNR075W,-1,1.02700613767584,65,2847,3649,22,0.5641804648336625,0.022321428571428572,0.7471264367816092,0.43826970443349755,0.5617302955665024
YLR385C,-1,1.0267398502238618,65,2848,3648,22,0.5640285584080207,0.022313765877102643,0.7471264367816092,0.43842364532019706,0.5615763546798029
YBL013W,1,1.0264261930167249,66,2848,3648,21,0.5641804648336625,0.022649279341111873,0.7586206896551724,0.43842364532019706,0.5615763546798029
YPR006C,-1,1.0257943287470355,66,2849,3647,21,0.5640285584080207,0.022641509433962263,0.7586206896551724,0.4385775862068966,0.5614224137931034
YKL012W,-1,1.0248863880339614,66,2850,3646,21,0.5638766519823789,0.02263374485596708,0.7586206896551724,0.4387315270935961,0.5612684729064039
YDR054C,-1,1.0247646151276317,66,2851,3645,21,0.563724745556737,0.022625985601645526,0.7586206896551724,0.43888546798029554,0.5611145320197044
YAR018C,-1,1.0246920430518724,66,2852,3644,21,0.5635728391310952,0.022618231665524333,0.7586206896551724,0.43903940886699505,0.5609605911330049
YBR216C,-1,1.0239448214704627,66,2853,3643,21,0.5634209327054535,0.022610483042137718,0.7586206896551724,0.43919334975369456,0.5608066502463054
YDR170C,-1,1.0238543397364706,66,2854,3642,21,0.5632690262798117,0.022602739726027398,0.7586206896551724,0.4393472906403941,0.5606527093596059
YOR321W,-1,1.023454300268258,66,2855,3641,21,0.5631171198541698,0.022595001711742554,0.7586206896551724,0.4395012315270936,0.5604987684729064
YHR157W,-1,1.0230794208589293,66,2856,3640,21,0.562965213428528,0.022587268993839837,0.7586206896551724,0.4396551724137931,0.5603448275862069
YDR204W,-1,1.0228586726375324,66,2857,3639,21,0.5628133070028862,0.02257954156688334,0.7586206896551724,0.4398091133004926,0.5601908866995073
YGL142C,-1,1.0221020564313785,66,2858,3638,21,0.5626614005772445,0.022571819425444596,0.7586206896551724,0.4399630541871921,0.5600369458128078
YGL202W,0,1.0207431400158444,66,2858,3638,21,0.5626614005772445,0.022571819425444596,0.7586206896551724,0.4399630541871921,0.5600369458128078
YGR271W,-1,1.020364398415501,66,2859,3637,21,0.5625094941516026,0.022564102564102566,0.7586206896551724,0.4401169950738916,0.5598830049261084
YBL084C,-1,1.019967001639239,66,2860,3636,21,0.5623575877259608,0.022556390977443608,0.7586206896551724,0.44027093596059114,0.5597290640394089
YNL059C,-1,1.0194847189806995,66,2861,3635,21,0.562205681300319,0.022548684660061498,0.7586206896551724,0.44042487684729065,0.5595751231527094
YDL193W,-1,1.0193061712824656,66,2862,3634,21,0.5620537748746772,0.022540983606557378,0.7586206896551724,0.44057881773399016,0.5594211822660099
YGR047C,-1,1.0188736463592016,66,2863,3633,21,0.5619018684490354,0.022533287811539775,0.7586206896551724,0.44073275862068967,0.5592672413793104
YBR213W,-1,1.0187829814250775,66,2864,3632,21,0.5617499620233936,0.022525597269624574,0.7586206896551724,0.4408866995073892,0.5591133004926109
YIR023W,-1,1.018647162233281,66,2865,3631,21,0.5615980555977518,0.022517911975435005,0.7586206896551724,0.4410406403940887,0.5589593596059114
tR(ACG)L,-1,1.0158671586735364,66,2866,3630,21,0.56144614917211,0.022510231923601638,0.7586206896551724,0.4411945812807882,0.5588054187192119
YJL063C,-1,1.0146569007742363,66,2867,3629,21,0.5612942427464682,0.02250255710876236,0.7586206896551724,0.4413485221674877,0.5586514778325123
YBL002W,-1,1.0145878828948205,66,2868,3628,21,0.5611423363208263,0.022494887525562373,0.7586206896551724,0.44150246305418717,0.5584975369458128
YAR007C,-1,1.0141062105942027,66,2869,3627,21,0.5609904298951846,0.022487223168654175,0.7586206896551724,0.4416564039408867,0.5583435960591133
YBR193C,-1,1.013583839135473,66,2870,3626,21,0.5608385234695428,0.022479564032697547,0.7586206896551724,0.4418103448275862,0.5581896551724138
YJR001W,-1,1.012080662019416,66,2871,3625,21,0.560686617043901,0.02247191011235955,0.7586206896551724,0.4419642857142857,0.5580357142857143
YGL048C,-1,1.0117196004241094,66,2872,3624,21,0.5605347106182591,0.0224642614023145,0.7586206896551724,0.4421182266009852,0.5578817733990148
YOL066C,-1,1.0116664644137274,66,2873,3623,21,0.5603828041926173,0.02245661789724396,0.7586206896551724,0.4422721674876847,0.5577278325123153
YDR219C,-1,1.0116618828135597,66,2874,3622,21,0.5602308977669755,0.022448979591836733,0.7586206896551724,0.44242610837438423,0.5575738916256158
YMR054W,-1,1.0116539219667644,66,2875,3621,21,0.5600789913413338,0.022441346480788847,0.7586206896551724,0.44258004926108374,0.5574199507389163
YBR076W,-1,1.0115348292703061,66,2876,3620,21,0.559927084915692,0.022433718558803536,0.7586206896551724,0.44273399014778325,0.5572660098522167
YOR069W,-1,1.0113911425481232,66,2877,3619,21,0.5597751784900501,0.022426095820591234,0.7586206896551724,0.44288793103448276,0.5571120689655172
YDL079C,-1,1.0113382445797319,66,2878,3618,21,0.5596232720644083,0.022418478260869564,0.7586206896551724,0.4430418719211823,0.5569581280788177
YOR299W,-1,1.011109369419118,66,2879,3617,21,0.5594713656387665,0.022410865874363327,0.7586206896551724,0.4431958128078818,0.5568041871921182
YPR056W,-1,1.0105076460163849,66,2880,3616,21,0.5593194592131248,0.02240325865580448,0.7586206896551724,0.4433497536945813,0.5566502463054187
YMR255W,-1,1.0099494382124221,66,2881,3615,21,0.5591675527874829,0.022395656599932135,0.7586206896551724,0.4435036945812808,0.5564963054187192
YOR084W,-1,1.0097115577082285,66,2882,3614,21,0.5590156463618411,0.022388059701492536,0.7586206896551724,0.4436576354679803,0.5563423645320197
YDR118W,-1,1.009167977206786,66,2883,3613,21,0.5588637399361993,0.022380467955239063,0.7586206896551724,0.4438115763546798,0.5561884236453202
YDR108W,-1,1.0089659848927706,66,2884,3612,21,0.5587118335105575,0.022372881355932205,0.7586206896551724,0.44396551724137934,0.5560344827586207
YNL270C,-1,1.0089587670271818,66,2885,3611,21,0.5585599270849156,0.022365299898339547,0.7586206896551724,0.4441194581280788,0.5558805418719212
YPL269W,-1,1.0075184393058125,66,2886,3610,21,0.5584080206592739,0.022357723577235773,0.7586206896551724,0.4442733990147783,0.5557266009852216
YDR481C,-1,1.0072107300957434,66,2887,3609,21,0.5582561142336321,0.022350152387402643,0.7586206896551724,0.4444273399014778,0.5555726600985221
YJR119C,-1,1.0068859697062973,66,2888,3608,21,0.5581042078079903,0.02234258632362898,0.7586206896551724,0.4445812807881773,0.5554187192118226
YDR210W-B,-1,1.0062402693272032,66,2889,3607,21,0.5579523013823485,0.02233502538071066,0.7586206896551724,0.44473522167487683,0.5552647783251231
YPL010W,-1,1.006154911907477,66,2890,3606,21,0.5578003949567066,0.022327469553450607,0.7586206896551724,0.44488916256157635,0.5551108374384236
YLR227C,-1,1.0060906351664556,66,2891,3605,21,0.5576484885310649,0.022319918836658775,0.7586206896551724,0.44504310344827586,0.5549568965517241
YJL036W,-1,1.005957891568312,66,2892,3604,21,0.5574965821054231,0.02231237322515213,0.7586206896551724,0.44519704433497537,0.5548029556650246
YMR061W,-1,1.0042911507406629,66,2893,3603,21,0.5573446756797813,0.022304832713754646,0.7586206896551724,0.4453509852216749,0.5546490147783252
YJL106W,-1,1.0037679045996437,66,2894,3602,21,0.5571927692541394,0.0222972972972973,0.7586206896551724,0.4455049261083744,0.5544950738916257
YMR099C,-1,1.0035742102693084,66,2895,3601,21,0.5570408628284976,0.022289766970618033,0.7586206896551724,0.4456588669950739,0.5543411330049262
YPL041C,-1,1.0035037715791086,66,2896,3600,21,0.5568889564028559,0.02228224172856178,0.7586206896551724,0.4458128078817734,0.5541871921182266
YJL097W,-1,1.0027653010265267,66,2897,3599,21,0.5567370499772141,0.022274721565980427,0.7586206896551724,0.4459667487684729,0.5540332512315271
YLR254C,-1,1.0022503518097354,66,2898,3598,21,0.5565851435515722,0.022267206477732792,0.7586206896551724,0.44612068965517243,0.5538793103448276
YDR006C,-1,1.0020151910278927,66,2899,3597,21,0.5564332371259304,0.022259696458684655,0.7586206896551724,0.44627463054187194,0.5537253694581281
YGL252C,-1,1.0015933472154812,66,2900,3596,21,0.5562813307002886,0.022252191503708697,0.7586206896551724,0.44642857142857145,0.5535714285714286
YGR005C,-1,1.0008000798907912,66,2901,3595,21,0.5561294242746468,0.022244691607684528,0.7586206896551724,0.44658251231527096,0.5534174876847291
YBR036C,-1,1.0003254194569968,66,2902,3594,21,0.5559775178490051,0.02223719676549865,0.7586206896551724,0.4467364532019704,0.5532635467980296
YIL143C,-1,0.9998261545484647,66,2903,3593,21,0.5558256114233632,0.02222970697204446,0.7586206896551724,0.44689039408866993,0.5531096059113301
YMR240C,-1,0.9993300471292803,66,2904,3592,21,0.5556737049977214,0.022222222222222223,0.7586206896551724,0.44704433497536944,0.5529556650246306
YGL179C,-1,0.9989326910765584,66,2905,3591,21,0.5555217985720796,0.02221474251093908,0.7586206896551724,0.44719827586206895,0.552801724137931
YBR089C-A,-1,0.998564348248861,66,2906,3590,21,0.5553698921464378,0.02220726783310902,0.7586206896551724,0.44735221674876846,0.5526477832512315
YLR378C,-1,0.9981865177924344,66,2907,3589,21,0.555217985720796,0.022199798183652877,0.7586206896551724,0.44750615763546797,0.552493842364532
YMR190C,-1,0.9980954146736527,66,2908,3588,21,0.5550660792951542,0.02219233355749832,0.7586206896551724,0.4476600985221675,0.5523399014778325
YGR089W,-1,0.9979850661536585,66,2909,3587,21,0.5549141728695124,0.022184873949579832,0.7586206896551724,0.447814039408867,0.552185960591133
YNR023W,-1,0.9974567321653061,66,2910,3586,21,0.5547622664438706,0.02217741935483871,0.7586206896551724,0.4479679802955665,0.5520320197044335
YIR031C,-1,0.9973467014902666,66,2911,3585,21,0.5546103600182287,0.022169969768223042,0.7586206896551724,0.448121921182266,0.551878078817734
YOR226C,-1,0.9972089098052677,66,2912,3584,21,0.5544584535925869,0.02216252518468771,0.7586206896551724,0.4482758620689655,0.5517241379310345
YDR294C,-1,0.997151935436152,66,2913,3583,21,0.5543065471669452,0.022155085599194362,0.7586206896551724,0.44842980295566504,0.551570197044335
YIL063C,-1,0.9968238013406273,66,2914,3582,21,0.5541546407413034,0.02214765100671141,0.7586206896551724,0.44858374384236455,0.5514162561576355
YDL017W,-1,0.9967274801321017,66,2915,3581,21,0.5540027343156616,0.02214022140221402,0.7586206896551724,0.44873768472906406,0.5512623152709359
YNL048W,-1,0.9961358068925247,66,2916,3580,21,0.5538508278900197,0.022132796780684104,0.7586206896551724,0.44889162561576357,0.5511083743842364
YJR059W,-1,0.9959986603875501,66,2917,3579,21,0.5536989214643779,0.02212537713711029,0.7586206896551724,0.4490455665024631,0.5509544334975369
YHR002W,-1,0.9954423705676306,66,2918,3578,21,0.5535470150387362,0.022117962466487937,0.7586206896551724,0.4491995073891626,0.5508004926108374
YDR100W,-1,0.9954331754180351,66,2919,3577,21,0.5533951086130944,0.022110552763819097,0.7586206896551724,0.44935344827586204,0.5506465517241379
YPR131C,-1,0.9952993918552344,66,2920,3576,21,0.5532432021874525,0.022103148024112524,0.7586206896551724,0.44950738916256155,0.5504926108374384
YER161C,-1,0.994725933636657,66,2921,3575,21,0.5530912957618107,0.022095748242383664,0.7586206896551724,0.44966133004926107,0.5503386699507389
YMR281W,-1,0.9943803787763342,66,2922,3574,21,0.5529393893361689,0.02208835341365462,0.7586206896551724,0.4498152709359606,0.5501847290640394
YPR132W,-1,0.9924304089697612,66,2923,3573,21,0.5527874829105272,0.022080963532954166,0.7586206896551724,0.4499692118226601,0.5500307881773399
YKL179C,-1,0.9922355343812246,66,2924,3572,21,0.5526355764848853,0.022073578595317726,0.7586206896551724,0.4501231527093596,0.5498768472906403
YIL053W,-1,0.9914248346475624,66,2925,3571,21,0.5524836700592435,0.022066198595787363,0.7586206896551724,0.4502770935960591,0.5497229064039408
YLR071C,-1,0.9905770809392574,66,2926,3570,21,0.5523317636336017,0.022058823529411766,0.7586206896551724,0.4504310344827586,0.5495689655172413
YOR035C,-1,0.9904903731323758,66,2927,3569,21,0.5521798572079599,0.022051453391246242,0.7586206896551724,0.45058497536945813,0.5494150246305419
YPL249C,-1,0.9904270749927455,66,2928,3568,21,0.5520279507823181,0.022044088176352707,0.7586206896551724,0.45073891625615764,0.5492610837438424
YOL044W,-1,0.9890256368640812,66,2929,3567,21,0.5518760443566763,0.022036727879799666,0.7586206896551724,0.45089285714285715,0.5491071428571429
YMR165C,-1,0.9884789836192294,66,2930,3566,21,0.5517241379310345,0.022029372496662217,0.7586206896551724,0.45104679802955666,0.5489532019704434
YNL078W,-1,0.9884632494962318,66,2931,3565,21,0.5515722315053927,0.022022022022022022,0.7586206896551724,0.45120073891625617,0.5487992610837439
YGL178W,-1,0.9883758645420893,66,2932,3564,21,0.5514203250797509,0.022014676450967312,0.7586206896551724,0.4513546798029557,0.5486453201970444
YLR242C,-1,0.988369376900081,66,2933,3563,21,0.551268418654109,0.022007335778592863,0.7586206896551724,0.4515086206896552,0.5484913793103449
YJR010C-A,-1,0.9881974463517723,66,2934,3562,21,0.5511165122284672,0.022,0.7586206896551724,0.4516625615763547,0.5483374384236454
YGL093W,-1,0.9849619951496833,66,2935,3561,21,0.5509646058028255,0.021992669110296566,0.7586206896551724,0.4518165024630542,0.5481834975369458
YPL258C,-1,0.9834558669932202,66,2936,3560,21,0.5508126993771837,0.021985343104596936,0.7586206896551724,0.45197044334975367,0.5480295566502463
YAL016W,-1,0.9834160140513898,66,2937,3559,21,0.5506607929515418,0.02197802197802198,0.7586206896551724,0.4521243842364532,0.5478756157635468
YKR078W,-1,0.9833947144425487,66,2938,3558,21,0.5505088865259,0.021970705725699067,0.7586206896551724,0.4522783251231527,0.5477216748768473
YJL042W,-1,0.9833271956723757,66,2939,3557,21,0.5503569801002582,0.021963394342762062,0.7586206896551724,0.4524322660098522,0.5475677339901478
YKL159C,-1,0.9829919506012648,66,2940,3556,21,0.5502050736746165,0.021956087824351298,0.7586206896551724,0.4525862068965517,0.5474137931034483
YJL090C,-1,0.9824799142477997,66,2941,3555,21,0.5500531672489747,0.02194878616561357,0.7586206896551724,0.4527401477832512,0.5472598522167488
YGL090W,-1,0.981283076469446,66,2942,3554,21,0.5499012608233328,0.021941489361702128,0.7586206896551724,0.45289408866995073,0.5471059113300493
YCL010C,-1,0.981208956215256,66,2943,3553,21,0.549749354397691,0.02193419740777667,0.7586206896551724,0.45304802955665024,0.5469519704433498
YCR060W,-1,0.9811515922669344,66,2944,3552,21,0.5495974479720492,0.021926910299003323,0.7586206896551724,0.45320197044334976,0.5467980295566502
YDL109C,-1,0.9797583317006862,66,2945,3551,21,0.5494455415464075,0.021919628030554632,0.7586206896551724,0.45335591133004927,0.5466440886699507
YGL181W,-1,0.9796843025727071,66,2946,3550,21,0.5492936351207656,0.021912350597609563,0.7586206896551724,0.4535098522167488,0.5464901477832512
YMR322C,-1,0.9793716719270671,66,2947,3549,21,0.5491417286951238,0.02190507799535347,0.7586206896551724,0.4536637931034483,0.5463362068965517
YPL032C,-1,0.9793114638449812,66,2948,3548,21,0.548989822269482,0.021897810218978103,0.7586206896551724,0.4538177339901478,0.5461822660098522
YFL050C,-1,0.978807494507606,66,2949,3547,21,0.5488379158438402,0.021890547263681594,0.7586206896551724,0.4539716748768473,0.5460283251231527
YDL168W,-1,0.9781393462745289,66,2950,3546,21,0.5486860094181983,0.021883289124668436,0.7586206896551724,0.4541256157635468,0.5458743842364532
YDR437W,-1,0.9780086175991693,66,2951,3545,21,0.5485341029925566,0.021876035797149487,0.7586206896551724,0.45427955665024633,0.5457204433497537
YNL286W,-1,0.9771066185294868,66,2952,3544,21,0.5483821965669148,0.02186878727634195,0.7586206896551724,0.4544334975369458,0.5455665024630542
YNL014W,-1,0.9770210700810481,66,2953,3543,21,0.548230290141273,0.02186154355746936,0.7586206896551724,0.4545874384236453,0.5454125615763546
YPR082C,-1,0.9769429215725477,66,2954,3542,21,0.5480783837156312,0.02185430463576159,0.7586206896551724,0.4547413793103448,0.5452586206896551
YDR317W,-1,0.9762036411555945,66,2955,3541,21,0.5479264772899893,0.021847070506454815,0.7586206896551724,0.4548953201970443,0.5451046798029556
YDL056W,-1,0.9761354690454513,66,2956,3540,21,0.5477745708643476,0.02183984116479153,0.7586206896551724,0.45504926108374383,0.5449507389162561
YDR411C,-1,0.9760176015737232,66,2957,3539,21,0.5476226644387058,0.02183261660602051,0.7586206896551724,0.45520320197044334,0.5447967980295566
YMR064W,0,0.9757680085604675,66,2957,3539,21,0.5476226644387058,0.02183261660602051,0.7586206896551724,0.45520320197044334,0.5447967980295566
YPR113W,-1,0.9750421712605817,66,2958,3538,21,0.547470758013064,0.021825396825396824,0.7586206896551724,0.45535714285714285,0.5446428571428571
YBR020W,-1,0.9750208950632353,66,2959,3537,21,0.5473188515874221,0.02181818181818182,0.7586206896551724,0.45551108374384236,0.5444889162561576
YER040W,-1,0.9747352329244632,66,2960,3536,21,0.5471669451617803,0.021810971579643092,0.7586206896551724,0.45566502463054187,0.5443349753694581
YKR088C,-1,0.9747168677064781,66,2961,3535,21,0.5470150387361385,0.02180376610505451,0.7586206896551724,0.4558189655172414,0.5441810344827587
YOL151W,-1,0.9742421461107371,66,2962,3534,21,0.5468631323104968,0.021796565389696168,0.7586206896551724,0.4559729064039409,0.5440270935960592
YGR249W,-1,0.9733574370599499,66,2963,3533,21,0.5467112258848549,0.021789369428854406,0.7586206896551724,0.4561268472906404,0.5438731527093597
YLR347C,-1,0.9732089066695071,66,2964,3532,21,0.5465593194592131,0.02178217821782178,0.7586206896551724,0.4562807881773399,0.5437192118226601
YFR050C,-1,0.973174100016061,66,2965,3531,21,0.5464074130335713,0.021774991751897062,0.7586206896551724,0.4564347290640394,0.5435652709359606
YHL043W,-1,0.973117895920786,66,2966,3530,21,0.5462555066079295,0.021767810026385226,0.7586206896551724,0.45658866995073893,0.5434113300492611
YKL175W,-1,0.9729459332634693,66,2967,3529,21,0.5461036001822878,0.021760633036597428,0.7586206896551724,0.45674261083743845,0.5432573891625616
YIL123W,-1,0.9724017577516635,66,2968,3528,21,0.5459516937566459,0.021753460777851022,0.7586206896551724,0.45689655172413796,0.5431034482758621
YLL028W,-1,0.9723814429112516,66,2969,3527,21,0.5457997873310041,0.021746293245469523,0.7586206896551724,0.4570504926108374,0.5429495073891626
YJR049C,-1,0.972315114547575,66,2970,3526,21,0.5456478809053623,0.021739130434782608,0.7586206896551724,0.4572044334975369,0.5427955665024631
YJL045W,-1,0.9711442281818052,66,2971,3525,21,0.5454959744797205,0.021731972341126112,0.7586206896551724,0.45735837438423643,0.5426416256157636
YNL117W,-1,0.9709355032234701,66,2972,3524,21,0.5453440680540786,0.021724818959842,0.7586206896551724,0.45751231527093594,0.5424876847290641
YGL162W,-1,0.9708955617086301,66,2973,3523,21,0.5451921616284369,0.02171767028627838,0.7586206896551724,0.45766625615763545,0.5423337438423645
YAL031C,-1,0.9700284907596135,66,2974,3522,21,0.5450402552027951,0.021710526315789475,0.7586206896551724,0.45782019704433496,0.542179802955665
YGL240W,-1,0.9699062513257193,66,2975,3521,21,0.5448883487771533,0.021703387043735613,0.7586206896551724,0.4579741379310345,0.5420258620689655
YDL080C,-1,0.9696341373424752,66,2976,3520,21,0.5447364423515114,0.021696252465483234,0.7586206896551724,0.458128078817734,0.541871921182266
YER123W,-1,0.9695546706135247,66,2977,3519,21,0.5445845359258696,0.021689122576404863,0.7586206896551724,0.4582820197044335,0.5417179802955665
YDL244W,-1,0.969471560510047,66,2978,3518,21,0.5444326295002279,0.021681997371879105,0.7586206896551724,0.458435960591133,0.541564039408867
YKL149C,-1,0.9690356098099445,66,2979,3517,21,0.5442807230745861,0.02167487684729064,0.7586206896551724,0.4585899014778325,0.5414100985221675
YIL120W,-1,0.968765277453046,66,2980,3516,21,0.5441288166489443,0.021667760998030205,0.7586206896551724,0.45874384236453203,0.541256157635468
YCR075C,-1,0.9684908646563789,66,2981,3515,21,0.5439769102233024,0.021660649819494584,0.7586206896551724,0.45889778325123154,0.5411022167487685
YKR055W,-1,0.9684688475248016,66,2982,3514,21,0.5438250037976606,0.021653543307086614,0.7586206896551724,0.45905172413793105,0.540948275862069
YPR161C,-1,0.9684008783493719,66,2983,3513,21,0.5436730973720189,0.02164644145621515,0.7586206896551724,0.45920566502463056,0.5407943349753694
YPL111W,-1,0.968152105440774,66,2984,3512,21,0.5435211909463771,0.021639344262295083,0.7586206896551724,0.45935960591133007,0.5406403940886699
YOR148C,-1,0.968129467499113,66,2985,3511,21,0.5433692845207352,0.021632251720747297,0.7586206896551724,0.4595135467980296,0.5404864532019704
YDR005C,-1,0.9672612868976413,66,2986,3510,21,0.5432173780950934,0.02162516382699869,0.7586206896551724,0.45966748768472904,0.5403325123152709
YGR133W,-1,0.9670872138537404,66,2987,3509,21,0.5430654716694516,0.021618080576482148,0.7586206896551724,0.45982142857142855,0.5401785714285714
YAL060W,-1,0.9667283617686733,66,2988,3508,21,0.5429135652438098,0.021611001964636542,0.7586206896551724,0.45997536945812806,0.5400246305418719
YPL187W,-1,0.9662755261202237,66,2989,3507,21,0.542761658818168,0.02160392798690671,0.7586206896551724,0.46012931034482757,0.5398706896551724
YLL060C,0,0.9659161667485578,66,2989,3507,21,0.542761658818168,0.02160392798690671,0.7586206896551724,0.46012931034482757,0.5398706896551724
YMR036C,-1,0.96576957648033,66,2990,3506,21,0.5426097523925262,0.021596858638743454,0.7586206896551724,0.4602832512315271,0.5397167487684729
YML078W,-1,0.9656823639724215,66,2991,3505,21,0.5424578459668844,0.021589793915603533,0.7586206896551724,0.4604371921182266,0.5395628078817734
YOR284W,0,0.9645625869602485,66,2991,3505,21,0.5424578459668844,0.021589793915603533,0.7586206896551724,0.4604371921182266,0.5395628078817734
YLR157C,-1,0.9645019074638153,66,2992,3504,21,0.5423059395412426,0.02158273381294964,0.7586206896551724,0.4605911330049261,0.5394088669950738
YPL005W,-1,0.9635398813563569,66,2993,3503,21,0.5421540331156008,0.02157567832625041,0.7586206896551724,0.4607450738916256,0.5392549261083743
YFL017C,-1,0.9627505465598037,66,2994,3502,21,0.542002126689959,0.021568627450980392,0.7586206896551724,0.4608990147783251,0.5391009852216748
YMR210W,-1,0.9627473550178608,66,2995,3501,21,0.5418502202643172,0.021561581182620058,0.7586206896551724,0.46105295566502463,0.5389470443349754
YPL106C,-1,0.9624110139487696,66,2996,3500,21,0.5416983138386754,0.02155453951665578,0.7586206896551724,0.46120689655172414,0.5387931034482759
YCL050C,-1,0.9622394664158216,66,2997,3499,21,0.5415464074130336,0.021547502448579822,0.7586206896551724,0.46136083743842365,0.5386391625615764
YOR083W,-1,0.9621943526779477,66,2998,3498,21,0.5413945009873917,0.02154046997389034,0.7586206896551724,0.46151477832512317,0.5384852216748769
YKL075C,-1,0.9619079388484795,66,2999,3497,21,0.54124259456175,0.021533442088091354,0.7586206896551724,0.4616687192118227,0.5383312807881774
YDR098C,-1,0.961718361028029,66,3000,3496,21,0.5410906881361082,0.021526418786692758,0.7586206896551724,0.4618226600985222,0.5381773399014779
YOL143C,-1,0.961047830059888,66,3001,3495,21,0.5409387817104664,0.021519400065210303,0.7586206896551724,0.4619766009852217,0.5380233990147784
YKL092C,-1,0.9608887020490758,66,3002,3494,21,0.5407868752848245,0.02151238591916558,0.7586206896551724,0.4621305418719212,0.5378694581280788
YBL046W,-1,0.9608217722178184,66,3003,3493,21,0.5406349688591827,0.021505376344086023,0.7586206896551724,0.46228448275862066,0.5377155172413793
YMR073C,-1,0.9606665522746628,66,3004,3492,21,0.5404830624335409,0.021498371335504887,0.7586206896551724,0.4624384236453202,0.5375615763546798
YOL060C,-1,0.9601616732547353,66,3005,3491,21,0.5403311560078992,0.02149137088896125,0.7586206896551724,0.4625923645320197,0.5374076354679803
snR56,-1,0.9600745867715593,66,3006,3490,21,0.5401792495822574,0.021484375,0.7586206896551724,0.4627463054187192,0.5372536945812808
YJR046W,-1,0.9599938690657653,66,3007,3489,21,0.5400273431566155,0.021477383664171817,0.7586206896551724,0.4629002463054187,0.5370997536945813
YOR171C,-1,0.9599647009549876,66,3008,3488,21,0.5398754367309737,0.02147039687703318,0.7586206896551724,0.4630541871921182,0.5369458128078818
YMR247C,-1,0.9598277296135691,66,3009,3487,21,0.5397235303053319,0.021463414634146343,0.7586206896551724,0.4632081280788177,0.5367918719211823
YCR102C,-1,0.9597974022911109,66,3010,3486,21,0.5395716238796902,0.021456436931079324,0.7586206896551724,0.46336206896551724,0.5366379310344828
YKL095W,-1,0.9593823574488626,66,3011,3485,21,0.5394197174540483,0.021449463763405913,0.7586206896551724,0.46351600985221675,0.5364839901477833
YLR165C,-1,0.9593792302472341,66,3012,3484,21,0.5392678110284065,0.021442495126705652,0.7586206896551724,0.46366995073891626,0.5363300492610837
YLR371W,-1,0.9593447072687457,66,3013,3483,21,0.5391159046027647,0.02143553101656382,0.7586206896551724,0.46382389162561577,0.5361761083743842
YAL014C,-1,0.9592992542436788,66,3014,3482,21,0.5389639981771229,0.02142857142857143,0.7586206896551724,0.4639778325123153,0.5360221674876847
YDR076W,-1,0.9590974990090642,66,3015,3481,21,0.538812091751481,0.021421616358325218,0.7586206896551724,0.4641317733990148,0.5358682266009852
YBR168W,-1,0.9590865782938448,66,3016,3480,21,0.5386601853258393,0.021414665801427646,0.7586206896551724,0.4642857142857143,0.5357142857142857
YLR442C,-1,0.9590219253785401,66,3017,3479,21,0.5385082789001975,0.021407719753486862,0.7586206896551724,0.4644396551724138,0.5355603448275862
YNR074C,-1,0.9589868831616043,66,3018,3478,21,0.5383563724745557,0.021400778210116732,0.7586206896551724,0.4645935960591133,0.5354064039408867
YDR078C,-1,0.9587604069181687,66,3019,3477,21,0.5382044660489139,0.02139384116693679,0.7586206896551724,0.46474753694581283,0.5352524630541872
YER029C,-1,0.9584857113202737,66,3020,3476,21,0.538052559623272,0.02138690861957226,0.7586206896551724,0.4649014778325123,0.5350985221674877
YFL036W,-1,0.958346401007531,66,3021,3475,21,0.5379006531976303,0.021379980563654033,0.7586206896551724,0.4650554187192118,0.5349445812807881
YOR288C,-1,0.9582083829081138,66,3022,3474,21,0.5377487467719885,0.021373056994818652,0.7586206896551724,0.4652093596059113,0.5347906403940886
YOL148C,-1,0.9581644101712515,66,3023,3473,21,0.5375968403463467,0.02136613790870832,0.7586206896551724,0.4653633004926108,0.5346366995073891
YHR036W,-1,0.9581016703423333,66,3024,3472,21,0.5374449339207048,0.021359223300970873,0.7586206896551724,0.46551724137931033,0.5344827586206896
YDR130C,-1,0.9564009151638236,66,3025,3471,21,0.537293027495063,0.021352313167259787,0.7586206896551724,0.46567118226600984,0.5343288177339901
YBR275C,-1,0.9563053414852203,66,3026,3470,21,0.5371411210694212,0.021345407503234153,0.7586206896551724,0.46582512315270935,0.5341748768472906
YDL214C,-1,0.9562846288207012,66,3027,3469,21,0.5369892146437795,0.02133850630455868,0.7586206896551724,0.46597906403940886,0.5340209359605911
YNL278W,-1,0.9560400577320011,66,3028,3468,21,0.5368373082181376,0.021331609566903685,0.7586206896551724,0.4661330049261084,0.5338669950738916
YFL005W,-1,0.9559349688240196,66,3029,3467,21,0.5366854017924958,0.021324717285945073,0.7586206896551724,0.4662869458128079,0.5337130541871922
YER169W,-1,0.9557972120144255,66,3030,3466,21,0.536533495366854,0.02131782945736434,0.7586206896551724,0.4664408866995074,0.5335591133004927
YGR027W-B,-1,0.9546268679208327,66,3031,3465,21,0.5363815889412122,0.021310946076848563,0.7586206896551724,0.4665948275862069,0.5334051724137931
YNL219C,-1,0.9544123436456533,66,3032,3464,21,0.5362296825155705,0.02130406714009038,0.7586206896551724,0.4667487684729064,0.5332512315270936
YKL085W,-1,0.954273796248281,66,3033,3463,21,0.5360777760899286,0.021297192642787996,0.7586206896551724,0.4669027093596059,0.5330972906403941
YPL270W,-1,0.9537888647866545,66,3034,3462,21,0.5359258696642868,0.02129032258064516,0.7586206896551724,0.46705665024630544,0.5329433497536946
YLR455W,-1,0.9534506206173353,66,3035,3461,21,0.535773963238645,0.02128345694937117,0.7586206896551724,0.46721059113300495,0.5327894088669951
YDL093W,-1,0.9533213466751589,66,3036,3460,21,0.5356220568130032,0.02127659574468085,0.7586206896551724,0.46736453201970446,0.5326354679802956
YPL130W,-1,0.9532166824587571,66,3037,3459,21,0.5354701503873613,0.021269738962294553,0.7586206896551724,0.4675184729064039,0.5324815270935961
YIL075C,-1,0.9531909336741093,66,3038,3458,21,0.5353182439617196,0.021262886597938145,0.7586206896551724,0.4676724137931034,0.5323275862068966
YFR046C,-1,0.9530243092679249,66,3039,3457,21,0.5351663375360778,0.021256038647342997,0.7586206896551724,0.46782635467980294,0.5321736453201971
YIL160C,-1,0.9526038315964522,66,3040,3456,21,0.535014431110436,0.021249195106245976,0.7586206896551724,0.46798029556650245,0.5320197044334976
YBR234C,-1,0.9524783930258818,66,3041,3455,21,0.5348625246847941,0.021242355970389443,0.7586206896551724,0.46813423645320196,0.531865763546798
YLR138W,-1,0.9523484420645731,66,3042,3454,21,0.5347106182591523,0.021235521235521235,0.7586206896551724,0.46828817733990147,0.5317118226600985
YLR341W,-1,0.9518841016200794,66,3043,3453,21,0.5345587118335106,0.02122869089739466,0.7586206896551724,0.468442118226601,0.531557881773399
YPR103W,-1,0.9517291672528964,66,3044,3452,21,0.5344068054078688,0.02122186495176849,0.7586206896551724,0.4685960591133005,0.5314039408866995
YDR468C,-1,0.951710408744969,66,3045,3451,21,0.534254898982227,0.021215043394406944,0.7586206896551724,0.46875,0.53125
YMR145C,-1,0.9516433031545217,66,3046,3450,21,0.5341029925565851,0.021208226221079693,0.7586206896551724,0.4689039408866995,0.5310960591133005
YDR288W,-1,0.9514268477231512,66,3047,3449,21,0.5339510861309433,0.02120141342756184,0.7586206896551724,0.469057881773399,0.530942118226601
YLR328W,-1,0.9513246638625559,66,3048,3448,21,0.5337991797053016,0.02119460500963391,0.7586206896551724,0.46921182266009853,0.5307881773399015
YOR208W,-1,0.9509341783617912,66,3049,3447,21,0.5336472732796598,0.02118780096308186,0.7586206896551724,0.46936576354679804,0.530634236453202
YNL044W,-1,0.9508553594670063,66,3050,3446,21,0.5334953668540179,0.021181001283697046,0.7586206896551724,0.46951970443349755,0.5304802955665024
YBR207W,-1,0.9497372418267993,66,3051,3445,21,0.5333434604283761,0.021174205967276226,0.7586206896551724,0.46967364532019706,0.5303263546798029
YMR251W-A,-1,0.9492490862956439,66,3052,3444,21,0.5331915540027343,0.021167415009621552,0.7586206896551724,0.4698275862068966,0.5301724137931034
YER136W,-1,0.9489693939108337,66,3053,3443,21,0.5330396475770925,0.02116062840654056,0.7586206896551724,0.4699815270935961,0.5300184729064039
YKR062W,-1,0.9489194738674714,66,3054,3442,21,0.5328877411514507,0.021153846153846155,0.7586206896551724,0.47013546798029554,0.5298645320197044
YKL112W,-1,0.9489161026874455,66,3055,3441,21,0.5327358347258089,0.021147068247356616,0.7586206896551724,0.47028940886699505,0.5297105911330049
YHR055C,-1,0.9484282184330284,66,3056,3440,21,0.5325839283001671,0.02114029468289558,0.7586206896551724,0.47044334975369456,0.5295566502463054
YNL047C,-1,0.9481186130444164,66,3057,3439,21,0.5324320218745253,0.021133525456292025,0.7586206896551724,0.4705972906403941,0.5294027093596059
YAL026C,-1,0.9476328591393796,66,3058,3438,21,0.5322801154488835,0.02112676056338028,0.7586206896551724,0.4707512315270936,0.5292487684729064
YOL012C,-1,0.9475338974931999,66,3059,3437,21,0.5321282090232416,0.02112,0.7586206896551724,0.4709051724137931,0.5290948275862069
YHR161C,-1,0.9471070770866146,66,3060,3436,21,0.5319763025975999,0.02111324376199616,0.7586206896551724,0.4710591133004926,0.5289408866995073
YOR178C,-1,0.9468000055356379,66,3061,3435,21,0.5318243961719581,0.02110649184521906,0.7586206896551724,0.4712130541871921,0.5287869458128078
YMR275C,-1,0.9466824319959509,66,3062,3434,21,0.5316724897463163,0.021099744245524295,0.7586206896551724,0.4713669950738916,0.5286330049261084
YDR518W,-1,0.9464698917640981,66,3063,3433,21,0.5315205833206744,0.02109300095877277,0.7586206896551724,0.47152093596059114,0.5284790640394089
YNL318C,-1,0.9463799560095806,66,3064,3432,21,0.5313686768950326,0.021086261980830672,0.7586206896551724,0.47167487684729065,0.5283251231527094
YDR183W,-1,0.9463755796035567,66,3065,3431,21,0.5312167704693909,0.021079527307569467,0.7586206896551724,0.47182881773399016,0.5281711822660099
tG(GCC)O1,-1,0.9463290407101559,66,3066,3430,21,0.5310648640437491,0.0210727969348659,0.7586206896551724,0.47198275862068967,0.5280172413793104
YNL259C,-1,0.946302321660802,66,3067,3429,21,0.5309129576181072,0.02106607085860198,0.7586206896551724,0.4721366995073892,0.5278633004926109
YMR134W,-1,0.9463019706185207,66,3068,3428,21,0.5307610511924654,0.021059349074664963,0.7586206896551724,0.4722906403940887,0.5277093596059114
YDR309C,-1,0.9462814092885677,66,3069,3427,21,0.5306091447668236,0.021052631578947368,0.7586206896551724,0.4724445812807882,0.5275554187192119
YOR057W,-1,0.945780256628574,66,3070,3426,21,0.5304572383411819,0.021045918367346938,0.7586206896551724,0.4725985221674877,0.5274014778325123
YKL127W,-1,0.9452282480613439,66,3071,3425,21,0.5303053319155401,0.021039209435766655,0.7586206896551724,0.47275246305418717,0.5272475369458128
YNL006W,-1,0.9451285735998757,66,3072,3424,21,0.5301534254898982,0.021032504780114723,0.7586206896551724,0.4729064039408867,0.5270935960591133
YMR272C,-1,0.9448429067796976,66,3073,3423,21,0.5300015190642564,0.021025804396304557,0.7586206896551724,0.4730603448275862,0.5269396551724138
YHL028W,-1,0.9447900415405279,66,3074,3422,21,0.5298496126386146,0.021019108280254776,0.7586206896551724,0.4732142857142857,0.5267857142857143
YEL059C-A,-1,0.9444686282326711,66,3075,3421,21,0.5296977062129729,0.021012416427889206,0.7586206896551724,0.4733682266009852,0.5266317733990148
YDR214W,-1,0.9442797384538388,66,3076,3420,21,0.529545799787331,0.021005728835136857,0.7586206896551724,0.4735221674876847,0.5264778325123153
YGR122W,-1,0.944100448839517,66,3077,3419,21,0.5293938933616892,0.020999045497931912,0.7586206896551724,0.47367610837438423,0.5263238916256158
YGR274C,-1,0.9440609677385353,66,3078,3418,21,0.5292419869360474,0.02099236641221374,0.7586206896551724,0.47383004926108374,0.5261699507389163
YDR079C-A,-1,0.9440546264943888,66,3079,3417,21,0.5290900805104056,0.02098569157392687,0.7586206896551724,0.47398399014778325,0.5260160098522167
YIL029C,0,0.9440082569520567,66,3079,3417,21,0.5290900805104056,0.02098569157392687,0.7586206896551724,0.47398399014778325,0.5260160098522167
YBL019W,-1,0.9436401711737082,66,3080,3416,21,0.5289381740847637,0.02097902097902098,0.7586206896551724,0.47413793103448276,0.5258620689655172
YIL056W,-1,0.9432128380993557,66,3081,3415,21,0.528786267659122,0.020972354623450904,0.7586206896551724,0.4742918719211823,0.5257081280788177
YHR174W,-1,0.9432023003518869,66,3082,3414,21,0.5286343612334802,0.02096569250317662,0.7586206896551724,0.4744458128078818,0.5255541871921182
YDR508C,-1,0.9431434941241388,66,3083,3413,21,0.5284824548078384,0.020959034614163225,0.7586206896551724,0.4745997536945813,0.5254002463054187
YNL082W,-1,0.942730489371167,66,3084,3412,21,0.5283305483821966,0.02095238095238095,0.7586206896551724,0.4747536945812808,0.5252463054187192
YGR109W-A,-1,0.9426476467974515,66,3085,3411,21,0.5281786419565547,0.020945731513805143,0.7586206896551724,0.4749076354679803,0.5250923645320197
YGL212W,-1,0.942589125225502,66,3086,3410,21,0.528026735530913,0.020939086294416244,0.7586206896551724,0.4750615763546798,0.5249384236453202
YML055W,-1,0.942469535157242,66,3087,3409,21,0.5278748291052712,0.02093244529019981,0.7586206896551724,0.47521551724137934,0.5247844827586207
YNR060W,-1,0.9423066652520925,66,3088,3408,21,0.5277229226796294,0.02092580849714648,0.7586206896551724,0.4753694581280788,0.5246305418719212
YLR136C,-1,0.941956051563453,66,3089,3407,21,0.5275710162539875,0.020919175911251982,0.7586206896551724,0.4755233990147783,0.5244766009852216
YGR077C,-1,0.9414486003536326,66,3090,3406,21,0.5274191098283457,0.02091254752851711,0.7586206896551724,0.4756773399014778,0.5243226600985221
YHL022C,-1,0.9413359492276321,66,3091,3405,21,0.5272672034027039,0.020905923344947737,0.7586206896551724,0.4758312807881773,0.5241687192118226
YLR332W,-1,0.9410266379951077,66,3092,3404,21,0.5271152969770622,0.02089930335655478,0.7586206896551724,0.47598522167487683,0.5240147783251231
YJR108W,-1,0.9408278238122103,66,3093,3403,21,0.5269633905514203,0.020892687559354226,0.7586206896551724,0.47613916256157635,0.5238608374384236
YHL030W,-1,0.94081026784491,66,3094,3402,21,0.5268114841257785,0.02088607594936709,0.7586206896551724,0.47629310344827586,0.5237068965517241
YNL258C,-1,0.940766684441668,66,3095,3401,21,0.5266595777001367,0.020879468522619425,0.7586206896551724,0.47644704433497537,0.5235529556650246
YAL053W,-1,0.9404003959191343,66,3096,3400,21,0.5265076712744949,0.020872865275142316,0.7586206896551724,0.4766009852216749,0.5233990147783252
YHR110W,-1,0.9400232703545478,66,3097,3399,21,0.5263557648488532,0.020866266202971863,0.7586206896551724,0.4767549261083744,0.5232450738916257
YGR193C,-1,0.9399889480368929,66,3098,3398,21,0.5262038584232113,0.020859671302149177,0.7586206896551724,0.4769088669950739,0.5230911330049262
YFL053W,-1,0.9396687915704458,66,3099,3397,21,0.5260519519975695,0.02085308056872038,0.7586206896551724,0.4770628078817734,0.5229371921182266
YNR044W,-1,0.9396576594840328,66,3100,3396,21,0.5259000455719277,0.020846493998736577,0.7586206896551724,0.4772167487684729,0.5227832512315271
YJL141C,-1,0.9396476532770285,66,3101,3395,21,0.5257481391462859,0.02083991158825387,0.7586206896551724,0.47737068965517243,0.5226293103448276
YLR329W,-1,0.9395608459519358,66,3102,3394,21,0.525596232720644,0.020833333333333332,0.7586206896551724,0.47752463054187194,0.5224753694581281
YFL024C,-1,0.9395326219407436,66,3103,3393,21,0.5254443262950023,0.02082675923004102,0.7586206896551724,0.47767857142857145,0.5223214285714286
YMR176W,-1,0.9395014076098095,66,3104,3392,21,0.5252924198693605,0.02082018927444795,0.7586206896551724,0.47783251231527096,0.5221674876847291
YGL025C,-1,0.9393970804277875,66,3105,3391,21,0.5251405134437187,0.020813623462630087,0.7586206896551724,0.4779864532019704,0.5220135467980296
YLR019W,-1,0.9391548612547637,66,3106,3390,21,0.5249886070180768,0.02080706179066835,0.7586206896551724,0.47814039408866993,0.5218596059113301
YEL058W,-1,0.939005049526839,66,3107,3389,21,0.524836700592435,0.020800504254648598,0.7586206896551724,0.47829433497536944,0.5217056650246306
YOR193W,-1,0.9388549517403536,66,3108,3388,21,0.5246847941667933,0.020793950850661626,0.7586206896551724,0.47844827586206895,0.521551724137931
YHR027C,-1,0.9386581291810776,66,3109,3387,21,0.5245328877411515,0.02078740157480315,0.7586206896551724,0.47860221674876846,0.5213977832512315
YPL192C,-1,0.938532064987363,66,3110,3386,21,0.5243809813155097,0.020780856423173802,0.7586206896551724,0.47875615763546797,0.521243842364532
YNL025C,-1,0.938441668907382,66,3111,3385,21,0.5242290748898678,0.02077431539187913,0.7586206896551724,0.4789100985221675,0.5210899014778325
YOR138C,-1,0.9383916881613122,66,3112,3384,21,0.524077168464226,0.02076777847702958,0.7586206896551724,0.479064039408867,0.520935960591133
YIL051C,-1,0.9382910537446614,66,3113,3383,21,0.5239252620385842,0.020761245674740483,0.7586206896551724,0.4792179802955665,0.5207820197044335
YPR176C,-1,0.9378694839611794,66,3114,3382,21,0.5237733556129425,0.020754716981132074,0.7586206896551724,0.479371921182266,0.520628078817734
YOR298W,-1,0.9376790730446637,66,3115,3381,21,0.5236214491873006,0.020748192392329456,0.7586206896551724,0.4795258620689655,0.5204741379310345
YLR399C,-1,0.9374839399597463,66,3116,3380,21,0.5234695427616588,0.020741671904462602,0.7586206896551724,0.47967980295566504,0.520320197044335
YDR259C,-1,0.9373984632114145,66,3117,3379,21,0.523317636336017,0.020735155513666354,0.7586206896551724,0.47983374384236455,0.5201662561576355
YOR134W,-1,0.937214115567699,66,3118,3378,21,0.5231657299103752,0.0207286432160804,0.7586206896551724,0.47998768472906406,0.5200123152709359
YIL083C,-1,0.9369865801706471,66,3119,3377,21,0.5230138234847334,0.020722135007849293,0.7586206896551724,0.48014162561576357,0.5198583743842364
YMR298W,-1,0.9367349244279446,66,3120,3376,21,0.5228619170590916,0.02071563088512241,0.7586206896551724,0.4802955665024631,0.5197044334975369
YDR532C,-1,0.9366759321832259,66,3121,3375,21,0.5227100106334498,0.02070913084405397,0.7586206896551724,0.4804495073891626,0.5195504926108374
YKL204W,-1,0.9365905075035769,66,3122,3374,21,0.522558104207808,0.02070263488080301,0.7586206896551724,0.48060344827586204,0.5193965517241379
YCL020W,-1,0.9363548904493416,66,3123,3373,21,0.5224061977821662,0.020696142991533398,0.7586206896551724,0.48075738916256155,0.5192426108374384
YKL058W,-1,0.9362126545085832,66,3124,3372,21,0.5222542913565243,0.020689655172413793,0.7586206896551724,0.48091133004926107,0.5190886699507389
YBR040W,-1,0.9361469396501226,66,3125,3371,21,0.5221023849308826,0.020683171419617674,0.7586206896551724,0.4810652709359606,0.5189347290640394
YER068W,-1,0.9358760096006373,66,3126,3370,21,0.5219504785052408,0.020676691729323307,0.7586206896551724,0.4812192118226601,0.5187807881773399
YGR023W,-1,0.935795669698068,66,3127,3369,21,0.521798572079599,0.02067021609771375,0.7586206896551724,0.4813731527093596,0.5186268472906403
YLR213C,-1,0.935762544137528,66,3128,3368,21,0.5216466656539571,0.020663744520976832,0.7586206896551724,0.4815270935960591,0.5184729064039408
YDR126W,-1,0.9357591919432238,66,3129,3367,21,0.5214947592283153,0.020657276995305163,0.7586206896551724,0.4816810344827586,0.5183189655172413
YOL111C,-1,0.9357369537036548,66,3130,3366,21,0.5213428528026736,0.02065081351689612,0.7586206896551724,0.48183497536945813,0.5181650246305419
YFL049W,-1,0.9354265639545332,66,3131,3365,21,0.5211909463770318,0.02064435408195183,0.7586206896551724,0.48198891625615764,0.5180110837438424
YKR007W,-1,0.9353938607570518,66,3132,3364,21,0.5210390399513899,0.020637898686679174,0.7586206896551724,0.48214285714285715,0.5178571428571429
YGL005C,-1,0.9353086361313073,66,3133,3363,21,0.5208871335257481,0.02063144732728978,0.7586206896551724,0.48229679802955666,0.5177032019704434
YHR137W,0,0.9352851016697952,66,3133,3363,21,0.5208871335257481,0.02063144732728978,0.7586206896551724,0.48229679802955666,0.5177032019704434
YJL167W,-1,0.9352412879750921,66,3134,3362,21,0.5207352271001063,0.020625,0.7586206896551724,0.48245073891625617,0.5175492610837439
YDR276C,-1,0.9352240529125806,66,3135,3361,21,0.5205833206744646,0.020618556701030927,0.7586206896551724,0.4826046798029557,0.5173953201970444
YHR184W,-1,0.9351863035509184,66,3136,3360,21,0.5204314142488228,0.02061211742660837,0.7586206896551724,0.4827586206896552,0.5172413793103449
YOR076C,-1,0.9349764250956785,66,3137,3359,21,0.5202795078231809,0.020605682172962846,0.7586206896551724,0.4829125615763547,0.5170874384236454
YPL190C,-1,0.9349171747281112,66,3138,3358,21,0.5201276013975391,0.020599250936329586,0.7586206896551724,0.4830665024630542,0.5169334975369458
YDR038C,-1,0.9345274089083128,66,3139,3357,21,0.5199756949718973,0.02059282371294852,0.7586206896551724,0.48322044334975367,0.5167795566502463
YLR135W,-1,0.93450321455321,66,3140,3356,21,0.5198237885462555,0.020586400499064253,0.7586206896551724,0.4833743842364532,0.5166256157635468
YGR224W,-1,0.9344128351827238,66,3141,3355,21,0.5196718821206137,0.0205799812909261,0.7586206896551724,0.4835283251231527,0.5164716748768473
YOL105C,-1,0.9344010185847886,66,3142,3354,21,0.5195199756949719,0.02057356608478803,0.7586206896551724,0.4836822660098522,0.5163177339901478
YBR068C,-1,0.9343452713750009,66,3143,3353,21,0.5193680692693301,0.020567154876908696,0.7586206896551724,0.4838362068965517,0.5161637931034483
YNL139C,-1,0.9339095935047422,66,3144,3352,21,0.5192161628436883,0.020560747663551402,0.7586206896551724,0.4839901477832512,0.5160098522167488
YLR055C,-1,0.933522504920546,66,3145,3351,21,0.5190642564180464,0.020554344440984116,0.7586206896551724,0.48414408866995073,0.5158559113300493
YPL133C,-1,0.9333458059687462,66,3146,3350,21,0.5189123499924047,0.02054794520547945,0.7586206896551724,0.48429802955665024,0.5157019704433498
YMR052W,-1,0.9332399480005313,66,3147,3349,21,0.5187604435667629,0.02054154995331466,0.7586206896551724,0.48445197044334976,0.5155480295566502
tR(UCU)E,-1,0.9330802739819136,66,3148,3348,21,0.5186085371411211,0.020535158680771624,0.7586206896551724,0.48460591133004927,0.5153940886699507
YKL052C,-1,0.9329964499865939,66,3149,3347,21,0.5184566307154793,0.02052877138413686,0.7586206896551724,0.4847598522167488,0.5152401477832512
YOR092W,-1,0.9329291772570351,66,3150,3346,21,0.5183047242898374,0.020522388059701493,0.7586206896551724,0.4849137931034483,0.5150862068965517
YML068W,-1,0.93290152006686,66,3151,3345,21,0.5181528178641956,0.020516008703761267,0.7586206896551724,0.4850677339901478,0.5149322660098522
YFL031W,-1,0.9328443154590259,66,3152,3344,21,0.5180009114385539,0.020509633312616533,0.7586206896551724,0.4852216748768473,0.5147783251231527
YGR192C,-1,0.9327310359370087,66,3153,3343,21,0.5178490050129121,0.02050326188257223,0.7586206896551724,0.4853756157635468,0.5146243842364532
YJR004C,-1,0.9327035690912254,66,3154,3342,21,0.5176970985872702,0.020496894409937887,0.7586206896551724,0.48552955665024633,0.5144704433497537
YLL046C,0,0.9326729898038053,66,3154,3342,21,0.5176970985872702,0.020496894409937887,0.7586206896551724,0.48552955665024633,0.5144704433497537
YFL041W,-1,0.932460514548972,66,3155,3341,21,0.5175451921616284,0.02049053089102763,0.7586206896551724,0.4856834975369458,0.5143165024630542
YJR025C,-1,0.9321904451636912,66,3156,3340,21,0.5173932857359866,0.020484171322160148,0.7586206896551724,0.4858374384236453,0.5141625615763546
YPL021W,-1,0.9321719556124578,66,3157,3339,21,0.5172413793103449,0.020477815699658702,0.7586206896551724,0.4859913793103448,0.5140086206896551
YDL195W,-1,0.9320734955318176,66,3158,3338,21,0.517089472884703,0.020471464019851116,0.7586206896551724,0.4861453201970443,0.5138546798029556
YDR273W,-1,0.9319198266189461,66,3159,3337,21,0.5169375664590612,0.020465116279069766,0.7586206896551724,0.48629926108374383,0.5137007389162561
YPR037C,-1,0.9317805427568456,66,3160,3336,21,0.5167856600334194,0.02045877247365158,0.7586206896551724,0.48645320197044334,0.5135467980295566
YLR121C,-1,0.9317761783918378,66,3161,3335,21,0.5166337536077776,0.020452432599938022,0.7586206896551724,0.48660714285714285,0.5133928571428571
YNL257C,-1,0.9315812146172704,66,3162,3334,21,0.5164818471821359,0.020446096654275093,0.7586206896551724,0.48676108374384236,0.5132389162561576
YLR304C,-1,0.9313388868732614,66,3163,3333,21,0.516329940756494,0.020439764633013318,0.7586206896551724,0.48691502463054187,0.5130849753694581
YLR044C,-1,0.9311755517045975,66,3164,3332,21,0.5161780343308522,0.02043343653250774,0.7586206896551724,0.4870689655172414,0.5129310344827587
YPR185W,-1,0.9311110163929902,66,3165,3331,21,0.5160261279052104,0.02042711234911792,0.7586206896551724,0.4872229064039409,0.5127770935960592
YNL250W,-1,0.9310345214291533,66,3166,3330,21,0.5158742214795686,0.02042079207920792,0.7586206896551724,0.4873768472906404,0.5126231527093597
YML048W,-1,0.930946499424624,66,3167,3329,21,0.5157223150539267,0.020414475719146303,0.7586206896551724,0.4875307881773399,0.5124692118226601
YNL322C,-1,0.9305395238477744,66,3168,3328,21,0.515570408628285,0.02040816326530612,0.7586206896551724,0.4876847290640394,0.5123152709359606
YHR053C,-1,0.9305198836275456,66,3169,3327,21,0.5154185022026432,0.020401854714064915,0.7586206896551724,0.48783866995073893,0.5121613300492611
YOR016C,-1,0.9304972954056066,66,3170,3326,21,0.5152665957770014,0.0203955500618047,0.7586206896551724,0.48799261083743845,0.5120073891625616
YOR190W,-1,0.9304445650134604,66,3171,3325,21,0.5151146893513595,0.020389249304911955,0.7586206896551724,0.48814655172413796,0.5118534482758621
YBR012W-B,-1,0.9301843308675968,66,3172,3324,21,0.5149627829257177,0.02038295243977764,0.7586206896551724,0.4883004926108374,0.5116995073891626
YPR007C,-1,0.9296467819000178,66,3173,3323,21,0.514810876500076,0.02037665946279716,0.7586206896551724,0.4884544334975369,0.5115455665024631
YGR113W,-1,0.9295783870822328,66,3174,3322,21,0.5146589700744342,0.020370370370370372,0.7586206896551724,0.48860837438423643,0.5113916256157636
YLR023C,-1,0.9295701678883288,66,3175,3321,21,0.5145070636487924,0.020364085158901573,0.7586206896551724,0.48876231527093594,0.5112376847290641
YOL031C,-1,0.9294486007444426,66,3176,3320,21,0.5143551572231505,0.020357803824799507,0.7586206896551724,0.48891625615763545,0.5110837438423645
YFR033C,-1,0.9291307411551649,66,3177,3319,21,0.5142032507975087,0.020351526364477335,0.7586206896551724,0.48907019704433496,0.510929802955665
YOR140W,-1,0.9288263857507078,66,3178,3318,21,0.514051344371867,0.020345252774352653,0.7586206896551724,0.4892241379310345,0.5107758620689655
YIL109C,-1,0.9285955520894865,66,3179,3317,21,0.5138994379462252,0.020338983050847456,0.7586206896551724,0.489378078817734,0.510621921182266
YCR048W,-1,0.928542380424845,66,3180,3316,21,0.5137475315205833,0.02033271719038817,0.7586206896551724,0.4895320197044335,0.5104679802955665
YDR039C,-1,0.9280480306378602,66,3181,3315,21,0.5135956250949415,0.020326455189405606,0.7586206896551724,0.489685960591133,0.510314039408867
YKL088W,-1,0.9279676699499282,66,3182,3314,21,0.5134437186692997,0.020320197044334975,0.7586206896551724,0.4898399014778325,0.5101600985221675
YGL003C,-1,0.9277983763400397,66,3183,3313,21,0.5132918122436579,0.020313942751615882,0.7586206896551724,0.48999384236453203,0.510006157635468
YLR098C,-1,0.9274445128419571,66,3184,3312,21,0.513139905818016,0.020307692307692308,0.7586206896551724,0.49014778325123154,0.5098522167487685
YBL016W,-1,0.9272780191651103,66,3185,3311,21,0.5129879993923743,0.02030144570901261,0.7586206896551724,0.49030172413793105,0.509698275862069
YOL034W,-1,0.9270262422022703,66,3186,3310,21,0.5128360929667325,0.02029520295202952,0.7586206896551724,0.49045566502463056,0.5095443349753694
YKR022C,-1,0.9269861726882941,66,3187,3309,21,0.5126841865410907,0.020288964033200123,0.7586206896551724,0.49060960591133007,0.5093903940886699
YDL197C,-1,0.9264628896876658,66,3188,3308,21,0.5125322801154489,0.020282728948985862,0.7586206896551724,0.4907635467980296,0.5092364532019704
YLR245C,-1,0.9264568235304017,66,3189,3307,21,0.512380373689807,0.020276497695852536,0.7586206896551724,0.49091748768472904,0.5090825123152709
YPL195W,-1,0.9262993613433065,66,3190,3306,21,0.5122284672641653,0.02027027027027027,0.7586206896551724,0.49107142857142855,0.5089285714285714
YPL020C,-1,0.9260282367608887,66,3191,3305,21,0.5120765608385235,0.02026404666871354,0.7586206896551724,0.49122536945812806,0.5087746305418719
YCR081W,-1,0.9259431742935811,66,3192,3304,21,0.5119246544128817,0.020257826887661142,0.7586206896551724,0.49137931034482757,0.5086206896551724
YLR310C,-1,0.9259422026545319,66,3193,3303,21,0.5117727479872398,0.020251610923596196,0.7586206896551724,0.4915332512315271,0.5084667487684729
YPL061W,-1,0.9257913392388176,66,3194,3302,21,0.511620841561598,0.020245398773006136,0.7586206896551724,0.4916871921182266,0.5083128078817734
YCL044C,-1,0.9257760547287621,66,3195,3301,21,0.5114689351359563,0.020239190432382703,0.7586206896551724,0.4918411330049261,0.5081588669950738
YAL012W,-1,0.9257056865732619,66,3196,3300,21,0.5113170287103145,0.02023298589822195,0.7586206896551724,0.4919950738916256,0.5080049261083743
YNL332W,-1,0.925534049550791,66,3197,3299,21,0.5111651222846726,0.02022678516702421,0.7586206896551724,0.4921490147783251,0.5078509852216748
YPL058C,-1,0.9253976762886081,66,3198,3298,21,0.5110132158590308,0.02022058823529412,0.7586206896551724,0.49230295566502463,0.5076970443349754
YAL002W,-1,0.925264571982088,66,3199,3297,21,0.510861309433389,0.02021439509954058,0.7586206896551724,0.49245689655172414,0.5075431034482759
YLR209C,-1,0.9241688475611423,66,3200,3296,21,0.5107094030077473,0.02020820575627679,0.7586206896551724,0.49261083743842365,0.5073891625615764
YDL185W,-1,0.9241674828307858,66,3201,3295,21,0.5105574965821055,0.020202020202020204,0.7586206896551724,0.49276477832512317,0.5072352216748769
YCR024C-A,-1,0.924154930202598,66,3202,3294,21,0.5104055901564636,0.020195838433292534,0.7586206896551724,0.4929187192118227,0.5070812807881774
YKR048C,-1,0.9240670664527887,66,3203,3293,21,0.5102536837308218,0.02018966044661976,0.7586206896551724,0.4930726600985222,0.5069273399014779
YNL310C,-1,0.9239369142118568,66,3204,3292,21,0.51010177730518,0.02018348623853211,0.7586206896551724,0.4932266009852217,0.5067733990147784
YFL013C,-1,0.923786353456765,66,3205,3291,21,0.5099498708795382,0.020177315805564047,0.7586206896551724,0.4933805418719212,0.5066194581280788
YGR234W,-1,0.9233735420109981,66,3206,3290,21,0.5097979644538964,0.020171149144254278,0.7586206896551724,0.49353448275862066,0.5064655172413793
YLR325C,-1,0.923124558093869,66,3207,3289,21,0.5096460580282546,0.02016498625114574,0.7586206896551724,0.4936884236453202,0.5063115763546798
YLR075W,-1,0.922672813306036,66,3208,3288,21,0.5094941516026128,0.020158827122785584,0.7586206896551724,0.4938423645320197,0.5061576354679803
YBR086C,-1,0.9224148253115285,66,3209,3287,21,0.509342245176971,0.02015267175572519,0.7586206896551724,0.4939963054187192,0.5060036945812808
YPL016W,-1,0.9223312611141112,66,3210,3286,21,0.5091903387513291,0.020146520146520148,0.7586206896551724,0.4941502463054187,0.5058497536945813
YDR191W,-1,0.9221298141057768,66,3211,3285,21,0.5090384323256874,0.02014037229173024,0.7586206896551724,0.4943041871921182,0.5056958128078818
YIR027C,-1,0.9220321074283784,66,3212,3284,21,0.5088865259000456,0.020134228187919462,0.7586206896551724,0.4944581280788177,0.5055418719211823
YLR224W,-1,0.9218356161103771,66,3213,3283,21,0.5087346194744038,0.020128087831655993,0.7586206896551724,0.49461206896551724,0.5053879310344828
YPL140C,-1,0.9217853311275099,66,3214,3282,21,0.508582713048762,0.020121951219512196,0.7586206896551724,0.49476600985221675,0.5052339901477833
YPR046W,-1,0.921495703019469,66,3215,3281,21,0.5084308066231201,0.020115818348064616,0.7586206896551724,0.49491995073891626,0.5050800492610837
YJL056C,-1,0.9213808233486441,66,3216,3280,21,0.5082789001974783,0.02010968921389397,0.7586206896551724,0.49507389162561577,0.5049261083743842
YKL038W,-1,0.9213035379938016,66,3217,3279,21,0.5081269937718366,0.020103563813585135,0.7586206896551724,0.4952278325123153,0.5047721674876847
YJL154C,-1,0.9212082550348445,66,3218,3278,21,0.5079750873461948,0.020097442143727162,0.7586206896551724,0.4953817733990148,0.5046182266009852
YJR027W,-1,0.9211824014728683,66,3219,3277,21,0.5078231809205529,0.02009132420091324,0.7586206896551724,0.4955357142857143,0.5044642857142857
YLL010C,-1,0.9210763679018658,66,3220,3276,21,0.5076712744949111,0.02008520998174072,0.7586206896551724,0.4956896551724138,0.5043103448275862
YBL056W,-1,0.9210449134208772,66,3221,3275,21,0.5075193680692693,0.020079099482811075,0.7586206896551724,0.4958435960591133,0.5041564039408867
YDR334W,-1,0.9210407931961979,66,3222,3274,21,0.5073674616436276,0.020072992700729927,0.7586206896551724,0.49599753694581283,0.5040024630541872
YCL069W,-1,0.9209266610420284,66,3223,3273,21,0.5072155552179857,0.020066889632107024,0.7586206896551724,0.4961514778325123,0.5038485221674877
YDL220C,-1,0.9208609072102769,66,3224,3272,21,0.5070636487923439,0.02006079027355623,0.7586206896551724,0.4963054187192118,0.5036945812807881
YCL032W,-1,0.9206796283723295,66,3225,3271,21,0.5069117423667021,0.020054694621695533,0.7586206896551724,0.4964593596059113,0.5035406403940886
YCL064C,-1,0.9205602952601628,66,3226,3270,21,0.5067598359410603,0.020048602673147023,0.7586206896551724,0.4966133004926108,0.5033866995073891
YMR058W,-1,0.9205363045277637,66,3227,3269,21,0.5066079295154186,0.020042514424536896,0.7586206896551724,0.49676724137931033,0.5032327586206896
YOL086C,-1,0.9204691152989526,66,3228,3268,21,0.5064560230897767,0.020036429872495445,0.7586206896551724,0.49692118226600984,0.5030788177339901
YNL125C,-1,0.9201976122893057,66,3229,3267,21,0.5063041166641349,0.020030349013657057,0.7586206896551724,0.49707512315270935,0.5029248768472906
YAL038W,-1,0.9201468286380301,66,3230,3266,21,0.5061522102384931,0.020024271844660196,0.7586206896551724,0.49722906403940886,0.5027709359605911
YPL276W,-1,0.919940303499366,66,3231,3265,21,0.5060003038128513,0.020018198362147407,0.7586206896551724,0.4973830049261084,0.5026169950738916
YDR456W,-1,0.9198730472179482,66,3232,3264,21,0.5058483973872094,0.02001212856276531,0.7586206896551724,0.4975369458128079,0.5024630541871922
YNL333W,-1,0.9197895307357309,66,3233,3263,21,0.5056964909615677,0.020006062443164597,0.7586206896551724,0.4976908866995074,0.5023091133004927
YEL069C,-1,0.9195594637823156,66,3234,3262,21,0.5055445845359259,0.02,0.7586206896551724,0.4978448275862069,0.5021551724137931
YGR206W,-1,0.9195370035112335,66,3235,3261,21,0.5053926781102841,0.019993941229930322,0.7586206896551724,0.4979987684729064,0.5020012315270936
YFL004W,-1,0.919381478439477,66,3236,3260,21,0.5052407716846422,0.019987886129618413,0.7586206896551724,0.4981527093596059,0.5018472906403941
YPR024W,-1,0.9191281636372357,66,3237,3259,21,0.5050888652590004,0.019981834695731154,0.7586206896551724,0.49830665024630544,0.5016933497536946
YDR077W,-1,0.9188882485875627,66,3238,3258,21,0.5049369588333587,0.019975786924939468,0.7586206896551724,0.49846059113300495,0.5015394088669951
YDR011W,-1,0.9187843749006513,66,3239,3257,21,0.5047850524077169,0.019969742813918306,0.7586206896551724,0.49861453201970446,0.5013854679802956
YER051W,-1,0.9186944061415994,66,3240,3256,21,0.5046331459820751,0.019963702359346643,0.7586206896551724,0.4987684729064039,0.5012315270935961
YIR001C,0,0.9186110719995197,66,3240,3256,21,0.5046331459820751,0.019963702359346643,0.7586206896551724,0.4987684729064039,0.5012315270935961
YHR082C,-1,0.9185894942081622,66,3241,3255,21,0.5044812395564332,0.01995766555790747,0.7586206896551724,0.4989224137931034,0.5010775862068966
YOR007C,-1,0.9185310547182882,66,3242,3254,21,0.5043293331307914,0.01995163240628779,0.7586206896551724,0.49907635467980294,0.5009236453201971
YKL198C,-1,0.9184172486364918,66,3243,3253,21,0.5041774267051496,0.019945602901178604,0.7586206896551724,0.49923029556650245,0.5007697044334976
YGR163W,-1,0.9179111318276626,66,3244,3252,21,0.5040255202795079,0.019939577039274924,0.7586206896551724,0.49938423645320196,0.500615763546798
YMR077C,-1,0.9177851062557505,66,3245,3251,21,0.503873613853866,0.019933554817275746,0.7586206896551724,0.49953817733990147,0.5004618226600985
YBL040C,-1,0.9177260203307668,66,3246,3250,21,0.5037217074282242,0.019927536231884056,0.7586206896551724,0.499692118226601,0.500307881773399
YHR181W,-1,0.9176700361937377,66,3247,3249,21,0.5035698010025824,0.01992152127980682,0.7586206896551724,0.4998460591133005,0.5001539408866995
YLR286C,-1,0.9176459607201615,66,3248,3248,21,0.5034178945769406,0.019915509957754977,0.7586206896551724,0.5,0.5
YGL207W,-1,0.9175846127681442,66,3249,3247,21,0.5032659881512987,0.019909502262443438,0.7586206896551724,0.5001539408866995,0.4998460591133005
YGR100W,-1,0.9170636415644721,66,3250,3246,21,0.503114081725657,0.019903498190591073,0.7586206896551724,0.500307881773399,0.499692118226601
YBR005W,-1,0.9164830296275421,66,3251,3245,21,0.5029621753000152,0.019897497738920713,0.7586206896551724,0.5004618226600985,0.49953817733990147
YDR106W,-1,0.9164371592918036,66,3252,3244,21,0.5028102688743734,0.019891500904159132,0.7586206896551724,0.500615763546798,0.49938423645320196
YDR229W,-1,0.9163761824817467,66,3253,3243,21,0.5026583624487316,0.019885507683037058,0.7586206896551724,0.5007697044334976,0.49923029556650245
YPL075W,-1,0.9162053856249313,66,3254,3242,21,0.5025064560230897,0.019879518072289156,0.7586206896551724,0.5009236453201971,0.49907635467980294
YGL019W,-1,0.9161547129033382,66,3255,3241,21,0.502354549597448,0.01987353206865402,0.7586206896551724,0.5010775862068966,0.4989224137931034
YDR369C,-1,0.9160948508376079,66,3256,3240,21,0.5022026431718062,0.019867549668874173,0.7586206896551724,0.5012315270935961,0.4987684729064039
YCR089W,-1,0.916022623505507,66,3257,3239,21,0.5020507367461644,0.019861570869696057,0.7586206896551724,0.5013854679802956,0.49861453201970446
YDL090C,0,0.9158208676722767,66,3257,3239,21,0.5020507367461644,0.019861570869696057,0.7586206896551724,0.5013854679802956,0.49861453201970446
YJL001W,-1,0.9156583122312847,66,3258,3238,21,0.5018988303205225,0.019855595667870037,0.7586206896551724,0.5015394088669951,0.49846059113300495
YJL117W,-1,0.9156499527284966,66,3259,3237,21,0.5017469238948807,0.019849624060150377,0.7586206896551724,0.5016933497536946,0.49830665024630544
YNL136W,-1,0.9155494855560791,66,3260,3236,21,0.501595017469239,0.01984365604329525,0.7586206896551724,0.5018472906403941,0.4981527093596059
YOR028C,-1,0.9153111788403736,66,3261,3235,21,0.5014431110435972,0.019837691614066726,0.7586206896551724,0.5020012315270936,0.4979987684729064
YBR210W,-1,0.9151502729644012,66,3262,3234,21,0.5012912046179553,0.019831730769230768,0.7586206896551724,0.5021551724137931,0.4978448275862069
YOR322C,-1,0.9147971908936882,66,3263,3233,21,0.5011392981923135,0.019825773505557226,0.7586206896551724,0.5023091133004927,0.4976908866995074
YFL058W,-1,0.9146114126612894,66,3264,3232,21,0.5009873917666717,0.01981981981981982,0.7586206896551724,0.5024630541871922,0.4975369458128079
YOL017W,-1,0.9145936627912664,66,3265,3231,21,0.50083548534103,0.01981386970879616,0.7586206896551724,0.5026169950738916,0.4973830049261084
tS(AGA)D2,-1,0.9143382987904433,66,3266,3230,21,0.5006835789153882,0.019807923169267706,0.7586206896551724,0.5027709359605911,0.49722906403940886
YHL009C,-1,0.9140680759113973,66,3267,3229,21,0.5005316724897463,0.019801980198019802,0.7586206896551724,0.5029248768472906,0.49707512315270935
YOR372C,-1,0.9140534555278904,66,3268,3228,21,0.5003797660641045,0.01979604079184163,0.7586206896551724,0.5030788177339901,0.49692118226600984
YCR002C,-1,0.9140170350545663,66,3269,3227,21,0.5002278596384627,0.019790104947526237,0.7586206896551724,0.5032327586206896,0.49676724137931033
YEL009C,-1,0.9139226116831755,66,3270,3226,21,0.500075953212821,0.019784172661870502,0.7586206896551724,0.5033866995073891,0.4966133004926108
YLR231C,-1,0.9137747553377511,66,3271,3225,21,0.4999240467871791,0.019778243931675158,0.7586206896551724,0.5035406403940886,0.4964593596059113
YJR009C,-1,0.9132386837520741,66,3272,3224,21,0.4997721403615373,0.019772318753744758,0.7586206896551724,0.5036945812807881,0.4963054187192118
YBR091C,-1,0.9131381485136225,66,3273,3223,21,0.4996202339358955,0.019766397124887692,0.7586206896551724,0.5038485221674877,0.4961514778325123
YPR001W,-1,0.9129222101931649,66,3274,3222,21,0.49946832751025366,0.01976047904191617,0.7586206896551724,0.5040024630541872,0.49599753694581283
YNL245C,-1,0.9128953979087455,66,3275,3221,21,0.4993164210846119,0.019754564501646213,0.7586206896551724,0.5041564039408867,0.4958435960591133
YKL160W,-1,0.9128930813370323,66,3276,3220,21,0.49916451465897005,0.019748653500897665,0.7586206896551724,0.5043103448275862,0.4956896551724138
YLR116W,-1,0.9127620543953482,66,3277,3219,21,0.49901260823332827,0.019742746036494167,0.7586206896551724,0.5044642857142857,0.4955357142857143
YDL065C,-1,0.9126113617534319,66,3278,3218,21,0.4988607018076865,0.019736842105263157,0.7586206896551724,0.5046182266009852,0.4953817733990148
YDR261C-D,-1,0.9124759550949914,66,3279,3217,21,0.49870879538204466,0.019730941704035873,0.7586206896551724,0.5047721674876847,0.4952278325123153
YLR309C,-1,0.9123810491602683,66,3280,3216,21,0.4985568889564029,0.01972504482964734,0.7586206896551724,0.5049261083743842,0.49507389162561577
YBR284W,0,0.9117706852141753,66,3280,3216,21,0.4985568889564029,0.01972504482964734,0.7586206896551724,0.5049261083743842,0.49507389162561577
YJR012C,0,0.911741149666387,66,3280,3216,21,0.4985568889564029,0.01972504482964734,0.7586206896551724,0.5049261083743842,0.49507389162561577
YDR201W,-1,0.9117015649237385,66,3281,3215,21,0.49840498253076104,0.01971915147893636,0.7586206896551724,0.5050800492610837,0.49491995073891626
YBL005W-B,-1,0.9116924848212818,66,3282,3214,21,0.49825307610511926,0.01971326164874552,0.7586206896551724,0.5052339901477833,0.49476600985221675
YDR538W,-1,0.9112561825947348,66,3283,3213,21,0.49810116967947743,0.019707375335921172,0.7586206896551724,0.5053879310344828,0.49461206896551724
YBR211C,-1,0.9104779386920077,66,3284,3212,21,0.49794926325383565,0.019701492537313434,0.7586206896551724,0.5055418719211823,0.4944581280788177
YPL232W,-1,0.9097596859367882,66,3285,3211,21,0.4977973568281938,0.019695613249776187,0.7586206896551724,0.5056958128078818,0.4943041871921182
YHR056C,-1,0.9092106481835156,66,3286,3210,21,0.49764545040255204,0.019689737470167064,0.7586206896551724,0.5058497536945813,0.4941502463054187
YPR133C,-1,0.9091425634503224,66,3287,3209,21,0.4974935439769102,0.01968386519534745,0.7586206896551724,0.5060036945812808,0.4939963054187192
YPR179C,-1,0.909141500398257,66,3288,3208,21,0.4973416375512684,0.01967799642218247,0.7586206896551724,0.5061576354679803,0.4938423645320197
YJR094C,-1,0.9083888707813187,66,3289,3207,21,0.4971897311256266,0.019672131147540985,0.7586206896551724,0.5063115763546798,0.4936884236453202
YOL095C,-1,0.9077231032972132,66,3290,3206,21,0.4970378246999848,0.01966626936829559,0.7586206896551724,0.5064655172413793,0.49353448275862066
YDR316W-B,-1,0.9074145591789824,66,3291,3205,21,0.49688591827434303,0.01966041108132261,0.7586206896551724,0.5066194581280788,0.4933805418719212
YKL051W,-1,0.907394385768407,66,3292,3204,21,0.4967340118487012,0.019654556283502083,0.7586206896551724,0.5067733990147784,0.4932266009852217
YCR020C-A,-1,0.9072630004461273,66,3293,3203,21,0.4965821054230594,0.01964870497171777,0.7586206896551724,0.5069273399014779,0.4930726600985222
YOR279C,-1,0.9072330134800511,66,3294,3202,21,0.4964301989974176,0.019642857142857142,0.7586206896551724,0.5070812807881774,0.4929187192118227
YOR363C,-1,0.9071577754476754,66,3295,3201,21,0.4962782925717758,0.019637012793811366,0.7586206896551724,0.5072352216748769,0.49276477832512317
YHR164C,-1,0.9071110439196588,66,3296,3200,21,0.49612638614613397,0.019631171921475312,0.7586206896551724,0.5073891625615764,0.49261083743842365
YDL046W,-1,0.9068426930052289,66,3297,3199,21,0.4959744797204922,0.019625334522747548,0.7586206896551724,0.5075431034482759,0.49245689655172414
YNL297C,-1,0.90674854779008,66,3298,3198,21,0.49582257329485036,0.019619500594530322,0.7586206896551724,0.5076970443349754,0.49230295566502463
YPR036W,-1,0.9066831705784157,66,3299,3197,21,0.4956706668692086,0.01961367013372957,0.7586206896551724,0.5078509852216748,0.4921490147783251
YDR345C,-1,0.9065582502893482,66,3300,3196,21,0.49551876044356674,0.0196078431372549,0.7586206896551724,0.5080049261083743,0.4919950738916256
YMR200W,-1,0.9065398086998393,66,3301,3195,21,0.49536685401792496,0.019602019602019603,0.7586206896551724,0.5081588669950738,0.4918411330049261
YLR079W,-1,0.9058333352010178,66,3302,3194,21,0.49521494759228313,0.019596199524940617,0.7586206896551724,0.5083128078817734,0.4916871921182266
YNL036W,-1,0.9056001847100325,66,3303,3193,21,0.49506304116664135,0.019590382902938557,0.7586206896551724,0.5084667487684729,0.4915332512315271
YMR299C,0,0.9055372303244577,66,3303,3193,21,0.49506304116664135,0.019590382902938557,0.7586206896551724,0.5084667487684729,0.4915332512315271
YPL096W,-1,0.905502600347123,66,3304,3192,21,0.49491113474099957,0.019584569732937686,0.7586206896551724,0.5086206896551724,0.49137931034482757
YDL224C,-1,0.9054169796528508,66,3305,3191,21,0.49475922831535774,0.019578760011865915,0.7586206896551724,0.5087746305418719,0.49122536945812806
YDR202C,-1,0.9052751470326247,66,3306,3190,21,0.49460732188971596,0.019572953736654804,0.7586206896551724,0.5089285714285714,0.49107142857142855
YGL033W,-1,0.9050341205319422,66,3307,3189,21,0.4944554154640741,0.01956715090423955,0.7586206896551724,0.5090825123152709,0.49091748768472904
YGR014W,-1,0.904989779983945,66,3308,3188,21,0.49430350903843234,0.01956135151155898,0.7586206896551724,0.5092364532019704,0.4907635467980296
YKL197C,-1,0.9049622594260619,66,3309,3187,21,0.4941516026127905,0.019555555555555555,0.7586206896551724,0.5093903940886699,0.49060960591133007
YNL037C,-1,0.9049147197902407,66,3310,3186,21,0.49399969618714873,0.019549763033175356,0.7586206896551724,0.5095443349753694,0.49045566502463056
YDR485C,-1,0.9047600129069724,66,3311,3185,21,0.4938477897615069,0.019543973941368076,0.7586206896551724,0.509698275862069,0.49030172413793105
YPL169C,-1,0.9041548558187458,66,3312,3184,21,0.4936958833358651,0.019538188277087035,0.7586206896551724,0.5098522167487685,0.49014778325123154
YKR002W,-1,0.9040888170784767,66,3313,3183,21,0.4935439769102233,0.01953240603728914,0.7586206896551724,0.510006157635468,0.48999384236453203
YDR448W,-1,0.9037336724438648,66,3314,3182,21,0.4933920704845815,0.01952662721893491,0.7586206896551724,0.5101600985221675,0.4898399014778325
YPL151C,-1,0.9035909278371673,66,3315,3181,21,0.49324016405893967,0.019520851818988466,0.7586206896551724,0.510314039408867,0.489685960591133
YJL196C,-1,0.9035422873492989,66,3316,3180,21,0.4930882576332979,0.019515079834417505,0.7586206896551724,0.5104679802955665,0.4895320197044335
YFR010W,-1,0.9032556955606027,66,3317,3179,21,0.4929363512076561,0.01950931126219332,0.7586206896551724,0.510621921182266,0.489378078817734
YPL082C,-1,0.9026944532597855,66,3318,3178,21,0.4927844447820143,0.01950354609929078,0.7586206896551724,0.5107758620689655,0.4892241379310345
YLL012W,-1,0.902686914919929,66,3319,3177,21,0.4926325383563725,0.01949778434268833,0.7586206896551724,0.510929802955665,0.48907019704433496
tA(AGC)L,-1,0.9022364766149966,66,3320,3176,21,0.49248063193073066,0.019492025989367986,0.7586206896551724,0.5110837438423645,0.48891625615763545
YMR167W,-1,0.9021458053823395,66,3321,3175,21,0.4923287255050889,0.01948627103631532,0.7586206896551724,0.5112376847290641,0.48876231527093594
YMR263W,-1,0.902130763961123,66,3322,3174,21,0.49217681907944705,0.01948051948051948,0.7586206896551724,0.5113916256157636,0.48860837438423643
YHL034C,-1,0.9019644026911404,66,3323,3173,21,0.49202491265380527,0.01947477131897315,0.7586206896551724,0.5115455665024631,0.4884544334975369
YOR011W,-1,0.9016810991385911,66,3324,3172,21,0.49187300622816343,0.019469026548672566,0.7586206896551724,0.5116995073891626,0.4883004926108374
YPR182W,-1,0.9016362336068076,66,3325,3171,21,0.49172109980252166,0.019463285166617515,0.7586206896551724,0.5118534482758621,0.48814655172413796
YHR205W,-1,0.9015280840156751,66,3326,3170,21,0.4915691933768798,0.01945754716981132,0.7586206896551724,0.5120073891625616,0.48799261083743845
YBR281C,-1,0.9013926002973989,66,3327,3169,21,0.49141728695123804,0.019451812555260833,0.7586206896551724,0.5121613300492611,0.48783866995073893
YPR194C,-1,0.9013803466615062,66,3328,3168,21,0.4912653805255962,0.019446081319976428,0.7586206896551724,0.5123152709359606,0.4876847290640394
YPL119C,-1,0.9013764476586584,66,3329,3167,21,0.49111347409995443,0.019440353460972018,0.7586206896551724,0.5124692118226601,0.4875307881773399
YPR178W,-1,0.9012001835353006,66,3330,3166,21,0.49096156767431265,0.019434628975265017,0.7586206896551724,0.5126231527093597,0.4873768472906404
YPL228W,-1,0.9001569200927714,66,3331,3165,21,0.4908096612486708,0.01942890785987636,0.7586206896551724,0.5127770935960592,0.4872229064039409
YDR363W,-1,0.9000905723518461,66,3332,3164,21,0.49065775482302904,0.01942319011183049,0.7586206896551724,0.5129310344827587,0.4870689655172414
YKR003W,-1,0.8995176755535071,66,3333,3163,21,0.4905058483973872,0.019417475728155338,0.7586206896551724,0.5130849753694581,0.48691502463054187
YMR261C,-1,0.8986563051665435,66,3334,3162,21,0.4903539419717454,0.019411764705882354,0.7586206896551724,0.5132389162561576,0.48676108374384236
YGL223C,-1,0.8984165242020167,66,3335,3161,21,0.4902020355461036,0.019406057042046457,0.7586206896551724,0.5133928571428571,0.48660714285714285
YDL028C,-1,0.8982809914315975,66,3336,3160,21,0.4900501291204618,0.019400352733686066,0.7586206896551724,0.5135467980295566,0.48645320197044334
YBR128C,-1,0.897503223337425,66,3337,3159,21,0.48989822269482,0.01939465177784308,0.7586206896551724,0.5137007389162561,0.48629926108374383
YGR282C,-1,0.8972989199311671,66,3338,3158,21,0.4897463162691782,0.019388954171562868,0.7586206896551724,0.5138546798029556,0.4861453201970443
YDR536W,-1,0.896461642107973,66,3339,3157,21,0.48959440984353636,0.019383259911894272,0.7586206896551724,0.5140086206896551,0.4859913793103448
YBR114W,-1,0.896348414433436,66,3340,3156,21,0.4894425034178946,0.019377568995889608,0.7586206896551724,0.5141625615763546,0.4858374384236453
YDR373W,-1,0.8956348017742207,66,3341,3155,21,0.48929059699225275,0.01937188142060464,0.7586206896551724,0.5143165024630542,0.4856834975369458
YFL060C,-1,0.8937381745597378,66,3342,3154,21,0.48913869056661097,0.01936619718309859,0.7586206896551724,0.5144704433497537,0.48552955665024633
YBL085W,-1,0.893604716286444,66,3343,3153,21,0.4889867841409692,0.019360516280434146,0.7586206896551724,0.5146243842364532,0.4853756157635468
YGL161C,-1,0.8933996836573702,66,3344,3152,21,0.48883487771532735,0.01935483870967742,0.7586206896551724,0.5147783251231527,0.4852216748768473
YNL101W,-1,0.8932987690486409,66,3345,3151,21,0.4886829712896856,0.019349164467897976,0.7586206896551724,0.5149322660098522,0.4850677339901478
YBR212W,-1,0.8932208194632166,66,3346,3150,21,0.48853106486404374,0.019343493552168817,0.7586206896551724,0.5150862068965517,0.4849137931034483
YOL008W,-1,0.8917894548173095,66,3347,3149,21,0.48837915843840196,0.019337825959566363,0.7586206896551724,0.5152401477832512,0.4847598522167488
YOL108C,-1,0.8915812140016875,66,3348,3148,21,0.4882272520127601,0.019332161687170474,0.7586206896551724,0.5153940886699507,0.48460591133004927
YJR084W,-1,0.891036075121546,66,3349,3147,21,0.48807534558711835,0.019326500732064423,0.7586206896551724,0.5155480295566502,0.48445197044334976
YLR167W,-1,0.8896670939585959,66,3350,3146,21,0.4879234391614765,0.019320843091334895,0.7586206896551724,0.5157019704433498,0.48429802955665024
YNL145W,-1,0.8894241992585907,66,3351,3145,21,0.48777153273583473,0.019315188762071993,0.7586206896551724,0.5158559113300493,0.48414408866995073
YPL057C,-1,0.887671567117567,66,3352,3144,21,0.4876196263101929,0.01930953774136922,0.7586206896551724,0.5160098522167488,0.4839901477832512
YER065C,-1,0.8876540288139512,66,3353,3143,21,0.4874677198845511,0.019303890026323486,0.7586206896551724,0.5161637931034483,0.4838362068965517
YDR305C,-1,0.8873877262276282,66,3354,3142,21,0.4873158134589093,0.01929824561403509,0.7586206896551724,0.5163177339901478,0.4836822660098522
YKL124W,-1,0.8871984903123682,66,3355,3141,21,0.4871639070332675,0.01929260450160772,0.7586206896551724,0.5164716748768473,0.4835283251231527
YMR154C,-1,0.8863967424232418,66,3356,3140,21,0.48701200060762573,0.01928696668614845,0.7586206896551724,0.5166256157635468,0.4833743842364532
YCR083W,-1,0.8862982120752787,66,3357,3139,21,0.4868600941819839,0.019281332164767746,0.7586206896551724,0.5167795566502463,0.48322044334975367
YDR044W,-1,0.8861437856905587,66,3358,3138,21,0.4867081877563421,0.019275700934579438,0.7586206896551724,0.5169334975369458,0.4830665024630542
YPL127C,-1,0.8842857572448589,66,3359,3137,21,0.4865562813307003,0.01927007299270073,0.7586206896551724,0.5170874384236454,0.4829125615763547
YGL130W,-1,0.8836615350688114,66,3360,3136,21,0.4864043749050585,0.01926444833625219,0.7586206896551724,0.5172413793103449,0.4827586206896552
YOR174W,-1,0.8834619791311328,66,3361,3135,21,0.48625246847941667,0.01925882696235775,0.7586206896551724,0.5173953201970444,0.4826046798029557
YIR041W,-1,0.8830871346019094,66,3362,3134,21,0.4861005620537749,0.019253208868144692,0.7586206896551724,0.5175492610837439,0.48245073891625617
tG(CCC)D,-1,0.8829968673185997,66,3363,3133,21,0.48594865562813305,0.019247594050743656,0.7586206896551724,0.5177032019704434,0.48229679802955666
YIL080W,-1,0.8825791364291787,66,3364,3132,21,0.4857967492024913,0.01924198250728863,0.7586206896551724,0.5178571428571429,0.48214285714285715
YDR166C,-1,0.8814868524906038,66,3365,3131,21,0.48564484277684944,0.019236374234916934,0.7586206896551724,0.5180110837438424,0.48198891625615764
YBR004C,-1,0.8811533748025461,66,3366,3130,21,0.48549293635120766,0.019230769230769232,0.7586206896551724,0.5181650246305419,0.48183497536945813
YER125W,-1,0.8810359042968903,66,3367,3129,21,0.4853410299255658,0.019225167491989513,0.7586206896551724,0.5183189655172413,0.4816810344827586
YGL095C,-1,0.8807606493627123,66,3368,3128,21,0.48518912349992405,0.0192195690157251,0.7586206896551724,0.5184729064039408,0.4815270935960591
YLR025W,-1,0.8805911094082262,66,3369,3127,21,0.48503721707428227,0.01921397379912664,0.7586206896551724,0.5186268472906403,0.4813731527093596
YPR171W,-1,0.8804076939912706,66,3370,3126,21,0.48488531064864043,0.01920838183934808,0.7586206896551724,0.5187807881773399,0.4812192118226601
YLR240W,-1,0.8801035318526426,66,3371,3125,21,0.48473340422299865,0.019202793133546697,0.7586206896551724,0.5189347290640394,0.4810652709359606
YOL117W,-1,0.8797465541512859,66,3372,3124,21,0.4845814977973568,0.019197207678883072,0.7586206896551724,0.5190886699507389,0.48091133004926107
YOR018W,-1,0.8796460388005977,66,3373,3123,21,0.48442959137171504,0.01919162547252108,0.7586206896551724,0.5192426108374384,0.48075738916256155
YDR283C,-1,0.8794862791982553,66,3374,3122,21,0.4842776849460732,0.01918604651162791,0.7586206896551724,0.5193965517241379,0.48060344827586204
YPL024W,-1,0.8790252569487139,66,3375,3121,21,0.4841257785204314,0.01918047079337402,0.7586206896551724,0.5195504926108374,0.4804495073891626
YML038C,-1,0.878917333658291,66,3376,3120,21,0.4839738720947896,0.01917489831493318,0.7586206896551724,0.5197044334975369,0.4802955665024631
YKL217W,-1,0.8786886496424455,66,3377,3119,21,0.4838219656691478,0.019169329073482427,0.7586206896551724,0.5198583743842364,0.48014162561576357
YIR022W,-1,0.8785380100374284,66,3378,3118,21,0.483670059243506,0.01916376306620209,0.7586206896551724,0.5200123152709359,0.47998768472906406
YML058W,-1,0.878004276213913,66,3379,3117,21,0.4835181528178642,0.019158200290275762,0.7586206896551724,0.5201662561576355,0.47983374384236455
YOR008C,-1,0.877960043304185,66,3380,3116,21,0.48336624639222237,0.019152640742890307,0.7586206896551724,0.520320197044335,0.47967980295566504
YAR010C,-1,0.8776168465127038,66,3381,3115,21,0.4832143399665806,0.019147084421235857,0.7586206896551724,0.5204741379310345,0.4795258620689655
YPL174C,-1,0.8773399425955719,66,3382,3114,21,0.4830624335409388,0.0191415313225058,0.7586206896551724,0.520628078817734,0.479371921182266
YOR184W,-1,0.8770275057078557,66,3383,3113,21,0.482910527115297,0.01913598144389678,0.7586206896551724,0.5207820197044335,0.4792179802955665
YGL040C,-1,0.8770242872978552,66,3384,3112,21,0.4827586206896552,0.019130434782608695,0.7586206896551724,0.520935960591133,0.479064039408867
YDR244W,-1,0.8764496146333451,66,3385,3111,21,0.48260671426401336,0.019124891335844683,0.7586206896551724,0.5210899014778325,0.4789100985221675
YHR015W,0,0.8757875704415357,66,3385,3111,21,0.48260671426401336,0.019124891335844683,0.7586206896551724,0.5210899014778325,0.4789100985221675
YDR343C,-1,0.8757264277538397,66,3386,3110,21,0.4824548078383716,0.019119351100811123,0.7586206896551724,0.521243842364532,0.47875615763546797
YNL004W,-1,0.8753875611162988,66,3387,3109,21,0.48230290141272975,0.019113814074717638,0.7586206896551724,0.5213977832512315,0.47860221674876846
YGL253W,-1,0.8753658861511471,66,3388,3108,21,0.48215099498708797,0.01910828025477707,0.7586206896551724,0.521551724137931,0.47844827586206895
YJR029W,-1,0.875211575729686,66,3389,3107,21,0.48199908856144613,0.019102749638205498,0.7586206896551724,0.5217056650246306,0.47829433497536944
YGR227W,-1,0.874724260227894,66,3390,3106,21,0.48184718213580435,0.019097222222222224,0.7586206896551724,0.5218596059113301,0.47814039408866993
YDL210W,-1,0.8747133792809941,66,3391,3105,21,0.4816952757101625,0.019091698004049754,0.7586206896551724,0.5220135467980296,0.4779864532019704
YPL218W,-1,0.8745869721023098,66,3392,3104,21,0.48154336928452074,0.019086176980913822,0.7586206896551724,0.5221674876847291,0.47783251231527096
YNL234W,-1,0.8742062265068968,66,3393,3103,21,0.4813914628588789,0.019080659150043366,0.7586206896551724,0.5223214285714286,0.47767857142857145
YPR101W,-1,0.8730877102788168,66,3394,3102,21,0.4812395564332371,0.01907514450867052,0.7586206896551724,0.5224753694581281,0.47752463054187194
YHR083W,-1,0.8729473627457409,66,3395,3101,21,0.48108765000759535,0.019069633054030626,0.7586206896551724,0.5226293103448276,0.47737068965517243
YMR109W,-1,0.872798473949064,66,3396,3100,21,0.4809357435819535,0.019064124783362217,0.7586206896551724,0.5227832512315271,0.4772167487684729
YPL155C,-1,0.8727292103611148,66,3397,3099,21,0.48078383715631173,0.019058619693907018,0.7586206896551724,0.5229371921182266,0.4770628078817734
YML028W,-1,0.8725967714927232,66,3398,3098,21,0.4806319307306699,0.01905311778290993,0.7586206896551724,0.5230911330049262,0.4769088669950739
tE(UUC)C,-1,0.8723822590053991,66,3399,3097,21,0.4804800243050281,0.01904761904761905,0.7586206896551724,0.5232450738916257,0.4767549261083744
YOR002W,-1,0.8723490977037519,66,3400,3096,21,0.4803281178793863,0.019042123485285632,0.7586206896551724,0.5233990147783252,0.4766009852216749
YKL019W,-1,0.8722279339891016,66,3401,3095,21,0.4801762114537445,0.01903663109316412,0.7586206896551724,0.5235529556650246,0.47644704433497537
YLR097C,-1,0.8720990593477917,66,3402,3094,21,0.48002430502810267,0.01903114186851211,0.7586206896551724,0.5237068965517241,0.47629310344827586
tS(AGA)J,-1,0.8720974999637326,66,3403,3093,21,0.4798723986024609,0.01902565580859037,0.7586206896551724,0.5238608374384236,0.47613916256157635
YNL183C,-1,0.8720182543457542,66,3404,3092,21,0.47972049217681906,0.019020172910662825,0.7586206896551724,0.5240147783251231,0.47598522167487683
snR67,-1,0.871868479598668,66,3405,3091,21,0.4795685857511773,0.01901469317199654,0.7586206896551724,0.5241687192118226,0.4758312807881773
YJR005W,-1,0.8717819825952742,66,3406,3090,21,0.47941667932553544,0.019009216589861752,0.7586206896551724,0.5243226600985221,0.4756773399014778
YDR174W,-1,0.8716002019806852,66,3407,3089,21,0.47926477289989367,0.019003743161531816,0.7586206896551724,0.5244766009852216,0.4755233990147783
YDL125C,-1,0.8713757073955748,66,3408,3088,21,0.4791128664742519,0.018998272884283247,0.7586206896551724,0.5246305418719212,0.4753694581280788
YJL047C,-1,0.8713436288631893,66,3409,3087,21,0.47896096004861005,0.018992805755395685,0.7586206896551724,0.5247844827586207,0.47521551724137934
YDR179C,-1,0.8712552127461946,66,3410,3086,21,0.4788090536229683,0.0189873417721519,0.7586206896551724,0.5249384236453202,0.4750615763546798
YBR217W,-1,0.8710412854125997,66,3411,3085,21,0.47865714719732644,0.01898188093183779,0.7586206896551724,0.5250923645320197,0.4749076354679803
tR(CCU)J,-1,0.8701399316583138,66,3412,3084,21,0.47850524077168466,0.01897642323174238,0.7586206896551724,0.5252463054187192,0.4747536945812808
YOR122C,-1,0.8696097804762594,66,3413,3083,21,0.4783533343460428,0.018970968669157803,0.7586206896551724,0.5254002463054187,0.4745997536945813
YLR386W,-1,0.8696003298731204,66,3414,3082,21,0.47820142792040105,0.01896551724137931,0.7586206896551724,0.5255541871921182,0.4744458128078818
YPR141C,-1,0.869528045694392,66,3415,3081,21,0.4780495214947592,0.018960068945705257,0.7586206896551724,0.5257081280788177,0.4742918719211823
YEL027W,-1,0.8695266027459387,66,3416,3080,21,0.47789761506911743,0.018954623779437105,0.7586206896551724,0.5258620689655172,0.47413793103448276
YOR126C,-1,0.8693610874081183,66,3417,3079,21,0.4777457086434756,0.018949181739879414,0.7586206896551724,0.5260160098522167,0.47398399014778325
YDR027C,-1,0.8693148968769855,66,3418,3078,21,0.4775938022178338,0.01894374282433984,0.7586206896551724,0.5261699507389163,0.47383004926108374
YJR095W,-1,0.8691442980152795,66,3419,3077,21,0.477441895792192,0.018938307030129126,0.7586206896551724,0.5263238916256158,0.47367610837438423
YMR140W,-1,0.868772980190181,66,3420,3076,21,0.4772899893665502,0.0189328743545611,0.7586206896551724,0.5264778325123153,0.4735221674876847
YIL033C,-1,0.8679040161270806,66,3421,3075,21,0.4771380829409084,0.01892744479495268,0.7586206896551724,0.5266317733990148,0.4733682266009852
YOR064C,-1,0.8673470462820384,66,3422,3074,21,0.4769861765152666,0.018922018348623854,0.7586206896551724,0.5267857142857143,0.4732142857142857
YGL215W,-1,0.867240509116235,66,3423,3073,21,0.4768342700896248,0.018916595012897677,0.7586206896551724,0.5269396551724138,0.4730603448275862
YOR030W,-1,0.8671870885170553,66,3424,3072,21,0.476682363663983,0.018911174785100286,0.7586206896551724,0.5270935960591133,0.4729064039408867
YMR030W,-1,0.8670953081793118,66,3425,3071,21,0.4765304572383412,0.01890575766256087,0.7586206896551724,0.5272475369458128,0.47275246305418717
YDL216C,-1,0.8664996119881392,66,3426,3070,21,0.47637855081269936,0.018900343642611683,0.7586206896551724,0.5274014778325123,0.4725985221674877
YMR113W,-1,0.8664252903500743,66,3427,3069,21,0.4762266443870576,0.018894932722588034,0.7586206896551724,0.5275554187192119,0.4724445812807882
YBR130C,-1,0.8663209432536813,66,3428,3068,21,0.47607473796141575,0.018889524899828276,0.7586206896551724,0.5277093596059114,0.4722906403940887
YOR301W,-1,0.8662683020877184,66,3429,3067,21,0.47592283153577397,0.01888412017167382,0.7586206896551724,0.5278633004926109,0.4721366995073892
YOL004W,-1,0.866079246831095,66,3430,3066,21,0.47577092511013214,0.01887871853546911,0.7586206896551724,0.5280172413793104,0.47198275862068967
YJR052W,-1,0.8659743712613516,66,3431,3065,21,0.47561901868449036,0.018873319988561624,0.7586206896551724,0.5281711822660099,0.47182881773399016
YOR127W,-1,0.8659722825703945,66,3432,3064,21,0.4754671122588485,0.018867924528301886,0.7586206896551724,0.5283251231527094,0.47167487684729065
YJR050W,-1,0.8658109442582266,66,3433,3063,21,0.47531520583320674,0.01886253215204344,0.7586206896551724,0.5284790640394089,0.47152093596059114
YNL243W,-1,0.8656876620771459,66,3434,3062,21,0.47516329940756497,0.018857142857142857,0.7586206896551724,0.5286330049261084,0.4713669950738916
YBL051C,-1,0.8656096701912914,66,3435,3061,21,0.47501139298192313,0.018851756640959727,0.7586206896551724,0.5287869458128078,0.4712130541871921
YPL033C,-1,0.864644865178169,66,3436,3060,21,0.47485948655628135,0.018846373500856654,0.7586206896551724,0.5289408866995073,0.4710591133004926
YDR392W,-1,0.8643554683474856,66,3437,3059,21,0.4747075801306395,0.018840993434199257,0.7586206896551724,0.5290948275862069,0.4709051724137931
YDR461W,-1,0.8639217758588043,66,3438,3058,21,0.47455567370499774,0.018835616438356163,0.7586206896551724,0.5292487684729064,0.4707512315270936
YGR009C,-1,0.8638803459926974,66,3439,3057,21,0.4744037672793559,0.018830242510699,0.7586206896551724,0.5294027093596059,0.4705972906403941
YER159C,-1,0.8635127081412214,66,3440,3056,21,0.4742518608537141,0.018824871648602397,0.7586206896551724,0.5295566502463054,0.47044334975369456
YER045C,-1,0.8631234488385223,66,3441,3055,21,0.4740999544280723,0.018819503849443968,0.7586206896551724,0.5297105911330049,0.47028940886699505
YPR180W,-1,0.8630588814425529,66,3442,3054,21,0.4739480480024305,0.018814139110604332,0.7586206896551724,0.5298645320197044,0.47013546798029554
YPR154W,-1,0.8630119937153441,66,3443,3053,21,0.4737961415767887,0.018808777429467086,0.7586206896551724,0.5300184729064039,0.4699815270935961
YLR395C,-1,0.862997090577627,66,3444,3052,21,0.4736442351511469,0.018803418803418803,0.7586206896551724,0.5301724137931034,0.4698275862068966
YCL038C,-1,0.8625333668939638,66,3445,3051,21,0.47349232872550506,0.018798063229849046,0.7586206896551724,0.5303263546798029,0.46967364532019706
YHL027W,-1,0.8624871625780588,66,3446,3050,21,0.4733404222998633,0.01879271070615034,0.7586206896551724,0.5304802955665024,0.46951970443349755
YLR093C,-1,0.8624418425008067,66,3447,3049,21,0.4731885158742215,0.018787361229718188,0.7586206896551724,0.530634236453202,0.46936576354679804
YNL116W,-1,0.8624351097266422,66,3448,3048,21,0.47303660944857967,0.018782014797951052,0.7586206896551724,0.5307881773399015,0.46921182266009853
YMR319C,-1,0.8619246111432338,66,3449,3047,21,0.4728847030229379,0.018776671408250355,0.7586206896551724,0.530942118226601,0.469057881773399
YPR032W,-1,0.8617693199473843,66,3450,3046,21,0.47273279659729606,0.01877133105802048,0.7586206896551724,0.5310960591133005,0.4689039408866995
YPR122W,-1,0.8616854087172873,66,3451,3045,21,0.4725808901716543,0.018765993744668752,0.7586206896551724,0.53125,0.46875
YPL040C,-1,0.8615295423977951,66,3452,3044,21,0.47242898374601244,0.018760659465605456,0.7586206896551724,0.5314039408866995,0.4685960591133005
YCL014W,-1,0.8613655770463907,66,3453,3043,21,0.47227707732037066,0.01875532821824382,0.7586206896551724,0.531557881773399,0.468442118226601
YDR329C,-1,0.8610196801288587,66,3454,3042,21,0.47212517089472883,0.01875,0.7586206896551724,0.5317118226600985,0.46828817733990147
YJR017C,-1,0.8607863277955239,66,3455,3041,21,0.47197326446908705,0.0187446748082931,0.7586206896551724,0.531865763546798,0.46813423645320196
YPR025C,-1,0.8606440313718816,66,3456,3040,21,0.4718213580434452,0.018739352640545145,0.7586206896551724,0.5320197044334976,0.46798029556650245
YJL146W,-1,0.8605840580619144,66,3457,3039,21,0.47166945161780344,0.018734033494181096,0.7586206896551724,0.5321736453201971,0.46782635467980294
YGL075C,-1,0.8600388822602409,66,3458,3038,21,0.4715175451921616,0.01872871736662883,0.7586206896551724,0.5323275862068966,0.4676724137931034
YOR324C,-1,0.8599754496115316,66,3459,3037,21,0.4713656387665198,0.01872340425531915,0.7586206896551724,0.5324815270935961,0.4675184729064039
YGR270W,-1,0.8599021926164103,66,3460,3036,21,0.47121373234087804,0.01871809415768576,0.7586206896551724,0.5326354679802956,0.46736453201970446
YOL067C,-1,0.8598012818885481,66,3461,3035,21,0.4710618259152362,0.018712787071165297,0.7586206896551724,0.5327894088669951,0.46721059113300495
YOL126C,-1,0.859639276839965,66,3462,3034,21,0.47090991948959443,0.01870748299319728,0.7586206896551724,0.5329433497536946,0.46705665024630544
YMR072W,-1,0.8595481360431335,66,3463,3033,21,0.4707580130639526,0.018702181921224144,0.7586206896551724,0.5330972906403941,0.4669027093596059
YNR059W,-1,0.8593940451808939,66,3464,3032,21,0.4706061066383108,0.018696883852691217,0.7586206896551724,0.5332512315270936,0.4667487684729064
YGR260W,-1,0.8591982267650058,66,3465,3031,21,0.470454200212669,0.018691588785046728,0.7586206896551724,0.5334051724137931,0.4665948275862069
YJR060W,-1,0.8586108619488917,66,3466,3030,21,0.4703022937870272,0.01868629671574179,0.7586206896551724,0.5335591133004927,0.4664408866995074
YJR086W,-1,0.8585671522927214,66,3467,3029,21,0.47015038736138537,0.0186810076422304,0.7586206896551724,0.5337130541871922,0.4662869458128079
YNR055C,-1,0.8585353624303366,66,3468,3028,21,0.4699984809357436,0.01867572156196944,0.7586206896551724,0.5338669950738916,0.4661330049261084
YHR001W,-1,0.8580319380447923,66,3469,3027,21,0.46984657451010176,0.01867043847241867,0.7586206896551724,0.5340209359605911,0.46597906403940886
YJL029C,-1,0.8576231570713411,66,3470,3026,21,0.46969466808446,0.018665158371040724,0.7586206896551724,0.5341748768472906,0.46582512315270935
YBR260C,-1,0.8576113667425779,66,3471,3025,21,0.46954276165881814,0.018659881255301103,0.7586206896551724,0.5343288177339901,0.46567118226600984
YDR522C,-1,0.8575968409542781,66,3472,3024,21,0.46939085523317636,0.018654607122668174,0.7586206896551724,0.5344827586206896,0.46551724137931033
YPL098C,-1,0.8574389638330525,66,3473,3023,21,0.4692389488075346,0.01864933597061317,0.7586206896551724,0.5346366995073891,0.4653633004926108
YOL158C,-1,0.8566536321593508,66,3474,3022,21,0.46908704238189275,0.01864406779661017,0.7586206896551724,0.5347906403940886,0.4652093596059113
YDR424C,-1,0.8565973966936743,66,3475,3021,21,0.46893513595625097,0.01863880259813612,0.7586206896551724,0.5349445812807881,0.4650554187192118
YOR060C,-1,0.8560943023247296,66,3476,3020,21,0.46878322953060914,0.018633540372670808,0.7586206896551724,0.5350985221674877,0.4649014778325123
YGL023C,-1,0.8559600092789033,66,3477,3019,21,0.46863132310496736,0.018628281117696866,0.7586206896551724,0.5352524630541872,0.46474753694581283
YER132C,-1,0.8558156185481849,66,3478,3018,21,0.4684794166793255,0.018623024830699775,0.7586206896551724,0.5354064039408867,0.4645935960591133
YAL023C,-1,0.8553463658935236,66,3479,3017,21,0.46832751025368374,0.01861777150916784,0.7586206896551724,0.5355603448275862,0.4644396551724138
YPL166W,-1,0.8551704837322297,66,3480,3016,21,0.4681756038280419,0.018612521150592216,0.7586206896551724,0.5357142857142857,0.4642857142857143
YER106W,-1,0.8549473133104788,66,3481,3015,21,0.46802369740240013,0.018607273752466874,0.7586206896551724,0.5358682266009852,0.4641317733990148
YEL006W,-1,0.8542085913248244,66,3482,3014,21,0.4678717909767583,0.018602029312288614,0.7586206896551724,0.5360221674876847,0.4639778325123153
YGR257C,-1,0.853264514453242,66,3483,3013,21,0.4677198845511165,0.018596787827557058,0.7586206896551724,0.5361761083743842,0.46382389162561577
YNL201C,-1,0.8526407347018058,66,3484,3012,21,0.4675679781254747,0.018591549295774647,0.7586206896551724,0.5363300492610837,0.46366995073891626
YOL164W,-1,0.8523142050898299,66,3485,3011,21,0.4674160716998329,0.018586313714446634,0.7586206896551724,0.5364839901477833,0.46351600985221675
YKL152C,-1,0.8521665041708939,66,3486,3010,21,0.4672641652741911,0.018581081081081082,0.7586206896551724,0.5366379310344828,0.46336206896551724
YOR192C,-1,0.851985658148311,66,3487,3009,21,0.4671122588485493,0.018575851393188854,0.7586206896551724,0.5367918719211823,0.4632081280788177
YML067C,-1,0.851810088907959,66,3488,3008,21,0.4669603524229075,0.018570624648283626,0.7586206896551724,0.5369458128078818,0.4630541871921182
YJL128C,-1,0.8515243952244255,66,3489,3007,21,0.4668084459972657,0.018565400843881856,0.7586206896551724,0.5370997536945813,0.4629002463054187
YOR103C,-1,0.8514855511569952,66,3490,3006,21,0.4666565395716239,0.01856017997750281,0.7586206896551724,0.5372536945812808,0.4627463054187192
YPL214C,-1,0.8509004845728393,66,3491,3005,21,0.46650463314598206,0.018554962046668542,0.7586206896551724,0.5374076354679803,0.4625923645320197
YDL126C,-1,0.8508929449963776,66,3492,3004,21,0.4663527267203403,0.01854974704890388,0.7586206896551724,0.5375615763546798,0.4624384236453202
YMR011W,-1,0.8508648974403791,66,3493,3003,21,0.46620082029469845,0.018544534981736444,0.7586206896551724,0.5377155172413793,0.46228448275862066
YGL190C,-1,0.8507373982524598,66,3494,3002,21,0.46604891386905667,0.01853932584269663,0.7586206896551724,0.5378694581280788,0.4621305418719212
YJR074W,-1,0.8506287587045335,66,3495,3001,21,0.46589700744341483,0.018534119629317607,0.7586206896551724,0.5380233990147784,0.4619766009852217
YDR208W,-1,0.8504922234996396,66,3496,3000,21,0.46574510101777306,0.018528916339135316,0.7586206896551724,0.5381773399014779,0.4618226600985222
YOR290C,-1,0.8499479229058096,66,3497,2999,21,0.4655931945921312,0.018523715969688465,0.7586206896551724,0.5383312807881774,0.4616687192118227
YAL055W,-1,0.8496019832823273,66,3498,2998,21,0.46544128816648944,0.018518518518518517,0.7586206896551724,0.5384852216748769,0.46151477832512317
YPR200C,-1,0.8495833508572752,66,3499,2997,21,0.46528938174084766,0.018513323983169707,0.7586206896551724,0.5386391625615764,0.46136083743842365
YMR095C,-1,0.8488885353809666,66,3500,2996,21,0.46513747531520583,0.018508132361189006,0.7586206896551724,0.5387931034482759,0.46120689655172414
YBR067C,-1,0.8483653881254244,66,3501,2995,21,0.46498556888956405,0.018502943650126155,0.7586206896551724,0.5389470443349754,0.46105295566502463
YER177W,-1,0.8481302390017383,66,3502,2994,21,0.4648336624639222,0.018497757847533634,0.7586206896551724,0.5391009852216748,0.4608990147783251
YGR059W,-1,0.8479989154273986,66,3503,2993,21,0.46468175603828044,0.018492574950966657,0.7586206896551724,0.5392549261083743,0.4607450738916256
YCR039C,-1,0.8469035217818327,66,3504,2992,21,0.4645298496126386,0.018487394957983194,0.7586206896551724,0.5394088669950738,0.4605911330049261
YGR065C,-1,0.8467200499109138,66,3505,2991,21,0.4643779431869968,0.018482217866143937,0.7586206896551724,0.5395628078817734,0.4604371921182266
YMR280C,-1,0.8465910509902743,66,3506,2990,21,0.464226036761355,0.018477043673012318,0.7586206896551724,0.5397167487684729,0.4602832512315271
YPL139C,-1,0.846359639593392,66,3507,2989,21,0.4640741303357132,0.018471872376154493,0.7586206896551724,0.5398706896551724,0.46012931034482757
tR(UCU)K,-1,0.8460703569651753,66,3508,2988,21,0.4639222239100714,0.01846670397313934,0.7586206896551724,0.5400246305418719,0.45997536945812806
YKR089C,-1,0.8451604271563301,66,3509,2987,21,0.4637703174844296,0.018461538461538463,0.7586206896551724,0.5401785714285714,0.45982142857142855
YLR157C-B,-1,0.8438862837206843,66,3510,2986,21,0.46361841105878776,0.018456375838926176,0.7586206896551724,0.5403325123152709,0.45966748768472904
YPR095C,-1,0.8437614693037996,66,3511,2985,21,0.463466504633146,0.018451216102879506,0.7586206896551724,0.5404864532019704,0.4595135467980296
YEL064C,-1,0.8435755345403515,66,3512,2984,21,0.4633145982075042,0.0184460592509782,0.7586206896551724,0.5406403940886699,0.45935960591133007
YIL135C,-1,0.8432641218577923,66,3513,2983,21,0.46316269178186237,0.018440905280804692,0.7586206896551724,0.5407943349753694,0.45920566502463056
YNL039W,-1,0.8426605067011996,66,3514,2982,21,0.4630107853562206,0.018435754189944135,0.7586206896551724,0.540948275862069,0.45905172413793105
YOL155C,-1,0.8425414715550177,66,3515,2981,21,0.46285887893057875,0.018430605975984362,0.7586206896551724,0.5411022167487685,0.45889778325123154
YOL058W,-1,0.8423385411954909,66,3516,2980,21,0.462706972504937,0.018425460636515914,0.7586206896551724,0.541256157635468,0.45874384236453203
YPL084W,-1,0.8422285008855798,66,3517,2979,21,0.46255506607929514,0.018420318169132012,0.7586206896551724,0.5414100985221675,0.4585899014778325
YML045W,-1,0.8419380898543796,66,3518,2978,21,0.46240315965365336,0.018415178571428572,0.7586206896551724,0.541564039408867,0.458435960591133
YGR056W,-1,0.8417654005096195,66,3519,2977,21,0.4622512532280115,0.018410041841004185,0.7586206896551724,0.5417179802955665,0.4582820197044335
YER031C,-1,0.8415181210008783,66,3520,2976,21,0.46209934680236975,0.018404907975460124,0.7586206896551724,0.541871921182266,0.458128078817734
YOL075C,-1,0.8407226621313566,66,3521,2975,21,0.4619474403767279,0.018399776972400333,0.7586206896551724,0.5420258620689655,0.4579741379310345
YOR330C,-1,0.8399749978786355,66,3522,2974,21,0.46179553395108613,0.01839464882943144,0.7586206896551724,0.542179802955665,0.45782019704433496
YNL031C,-1,0.8395525936031263,66,3523,2973,21,0.4616436275254443,0.01838952354416272,0.7586206896551724,0.5423337438423645,0.45766625615763545
YDR486C,-1,0.8388643571566121,66,3524,2972,21,0.4614917210998025,0.01838440111420613,0.7586206896551724,0.5424876847290641,0.45751231527093594
YGL144C,-1,0.8387245955496273,66,3525,2971,21,0.46133981467416074,0.018379281537176273,0.7586206896551724,0.5426416256157636,0.45735837438423643
YLL015W,-1,0.8384252128299731,66,3526,2970,21,0.4611879082485189,0.018374164810690423,0.7586206896551724,0.5427955665024631,0.4572044334975369
YER011W,-1,0.8383427486762043,66,3527,2969,21,0.46103600182287713,0.018369050932368493,0.7586206896551724,0.5429495073891626,0.4570504926108374
YIR028W,-1,0.8383323261889367,66,3528,2968,21,0.4608840953972353,0.018363939899833055,0.7586206896551724,0.5431034482758621,0.45689655172413796
YPR159W,-1,0.8378011645695022,66,3529,2967,21,0.4607321889715935,0.018358831710709317,0.7586206896551724,0.5432573891625616,0.45674261083743845
YOR354C,-1,0.8374026353686521,66,3530,2966,21,0.4605802825459517,0.01835372636262514,0.7586206896551724,0.5434113300492611,0.45658866995073893
snR128,-1,0.8373951107353483,66,3531,2965,21,0.4604283761203099,0.01834862385321101,0.7586206896551724,0.5435652709359606,0.4564347290640394
YIL146C,-1,0.8372519427380958,66,3532,2964,21,0.46027646969466807,0.018343524180100056,0.7586206896551724,0.5437192118226601,0.4562807881773399
YNL239W,-1,0.8371289600010724,66,3533,2963,21,0.4601245632690263,0.018338427340928037,0.7586206896551724,0.5438731527093597,0.4561268472906404
YOR339C,-1,0.8369398079198883,66,3534,2962,21,0.45997265684338445,0.018333333333333333,0.7586206896551724,0.5440270935960592,0.4559729064039409
YNR072W,-1,0.8363978249267974,66,3535,2961,21,0.4598207504177427,0.018328242154956955,0.7586206896551724,0.5441810344827587,0.4558189655172414
YNL242W,-1,0.8363287471869851,66,3536,2960,21,0.45966884399210084,0.018323153803442533,0.7586206896551724,0.5443349753694581,0.45566502463054187
YHL020C,-1,0.8360759529228207,66,3537,2959,21,0.45951693756645906,0.018318068276436304,0.7586206896551724,0.5444889162561576,0.45551108374384236
YFR027W,-1,0.8360562139148565,66,3538,2958,21,0.4593650311408173,0.018312985571587125,0.7586206896551724,0.5446428571428571,0.45535714285714285
YOR373W,-1,0.8360527257546302,66,3539,2957,21,0.45921312471517545,0.018307905686546465,0.7586206896551724,0.5447967980295566,0.45520320197044334
YDL117W,-1,0.8358464570889742,66,3540,2956,21,0.45906121828953367,0.018302828618968387,0.7586206896551724,0.5449507389162561,0.45504926108374383
YPR079W,-1,0.8357370453153451,66,3541,2955,21,0.45890931186389183,0.018297754366509565,0.7586206896551724,0.5451046798029556,0.4548953201970443
YPR008W,-1,0.8352586212656424,66,3542,2954,21,0.45875740543825005,0.018292682926829267,0.7586206896551724,0.5452586206896551,0.4547413793103448
YGR222W,-1,0.8352548572385513,66,3543,2953,21,0.4586054990126082,0.01828761429758936,0.7586206896551724,0.5454125615763546,0.4545874384236453
snR78,-1,0.8351452635754728,66,3544,2952,21,0.45845359258696644,0.018282548476454295,0.7586206896551724,0.5455665024630542,0.4544334975369458
YJR148W,0,0.83408973963178,66,3544,2952,21,0.45845359258696644,0.018282548476454295,0.7586206896551724,0.5455665024630542,0.4544334975369458
YGL001C,-1,0.8340478370285448,66,3545,2951,21,0.4583016861613246,0.01827748546109111,0.7586206896551724,0.5457204433497537,0.45427955665024633
YCL075W,-1,0.8336779228148352,66,3546,2950,21,0.4581497797356828,0.018272425249169437,0.7586206896551724,0.5458743842364532,0.4541256157635468
YML051W,-1,0.8336123400698164,66,3547,2949,21,0.457997873310041,0.018267367838361474,0.7586206896551724,0.5460283251231527,0.4539716748768473
YPL176C,-1,0.8333401948536003,66,3548,2948,21,0.4578459668843992,0.018262313226342003,0.7586206896551724,0.5461822660098522,0.4538177339901478
YLR308W,-1,0.8332115226946409,66,3549,2947,21,0.4576940604587574,0.018257261410788383,0.7586206896551724,0.5463362068965517,0.4536637931034483
YLR262C,-1,0.8321529763827148,66,3550,2946,21,0.4575421540331156,0.01825221238938053,0.7586206896551724,0.5464901477832512,0.4535098522167488
YIL119C,-1,0.8314501210120653,66,3551,2945,21,0.4573902476074738,0.01824716615980094,0.7586206896551724,0.5466440886699507,0.45335591133004927
YDR034C,-1,0.8307312411345432,66,3552,2944,21,0.457238341181832,0.01824212271973466,0.7586206896551724,0.5467980295566502,0.45320197044334976
YMR216C,-1,0.8305159712133887,66,3553,2943,21,0.4570864347561902,0.0182370820668693,0.7586206896551724,0.5469519704433498,0.45304802955665024
YPL124W,-1,0.8304889404463527,66,3554,2942,21,0.4569345283305484,0.018232044198895028,0.7586206896551724,0.5471059113300493,0.45289408866995073
YOR090C,-1,0.8302429341109652,66,3555,2941,21,0.4567826219049066,0.018227009113504555,0.7586206896551724,0.5472598522167488,0.4527401477832512
YNR047W,-1,0.8293090105654856,66,3556,2940,21,0.45663071547926476,0.018221976808393152,0.7586206896551724,0.5474137931034483,0.4525862068965517
YGR097W,-1,0.828358229883801,66,3557,2939,21,0.456478809053623,0.018216947281258625,0.7586206896551724,0.5475677339901478,0.4524322660098522
YDR047W,-1,0.8280993296155984,66,3558,2938,21,0.45632690262798115,0.018211920529801324,0.7586206896551724,0.5477216748768473,0.4522783251231527
YOR231W,-1,0.8276379001865469,66,3559,2937,21,0.45617499620233937,0.01820689655172414,0.7586206896551724,0.5478756157635468,0.4521243842364532
YMR029C,-1,0.8268832485805923,66,3560,2936,21,0.45602308977669753,0.01820187534473249,0.7586206896551724,0.5480295566502463,0.45197044334975367
YMR043W,-1,0.8266066135420385,66,3561,2935,21,0.45587118335105575,0.018196856906534328,0.7586206896551724,0.5481834975369458,0.4518165024630542
YHR026W,-1,0.8265037840217038,66,3562,2934,21,0.4557192769254139,0.018191841234840134,0.7586206896551724,0.5483374384236454,0.4516625615763547
YDR141C,-1,0.8264763576159729,66,3563,2933,21,0.45556737049977214,0.01818682832736291,0.7586206896551724,0.5484913793103449,0.4515086206896552
YLR376C,-1,0.8257728638997874,66,3564,2932,21,0.45541546407413036,0.01818181818181818,0.7586206896551724,0.5486453201970444,0.4513546798029557
YOR110W,-1,0.8249681737086988,66,3565,2931,21,0.4552635576484885,0.018176810795923988,0.7586206896551724,0.5487992610837439,0.45120073891625617
YDR137W,-1,0.8249182278780107,66,3566,2930,21,0.45511165122284675,0.01817180616740088,0.7586206896551724,0.5489532019704434,0.45104679802955666
YHR086W,-1,0.8240546906753043,66,3567,2929,21,0.4549597447972049,0.018166804293971925,0.7586206896551724,0.5491071428571429,0.45089285714285715
YNL225C,-1,0.8239769043670586,66,3568,2928,21,0.45480783837156313,0.018161805173362685,0.7586206896551724,0.5492610837438424,0.45073891625615764
YLR024C,-1,0.8232204009871571,66,3569,2927,21,0.4546559319459213,0.018156808803301238,0.7586206896551724,0.5494150246305419,0.45058497536945813
YDR159W,-1,0.8229580670325639,66,3570,2926,21,0.4545040255202795,0.018151815181518153,0.7586206896551724,0.5495689655172413,0.4504310344827586
YHR092C,-1,0.8213140195358176,66,3571,2925,21,0.4543521190946377,0.018146824305746493,0.7586206896551724,0.5497229064039408,0.4502770935960591
YDR181C,-1,0.8210177639110505,66,3572,2924,21,0.4542002126689959,0.018141836173721827,0.7586206896551724,0.5498768472906403,0.4501231527093596
YJL173C,-1,0.820648654065677,66,3573,2923,21,0.45404830624335407,0.018136850783182192,0.7586206896551724,0.5500307881773399,0.4499692118226601
YOR332W,-1,0.8202622153900044,66,3574,2922,21,0.4538963998177123,0.018131868131868133,0.7586206896551724,0.5501847290640394,0.4498152709359606
YGR161C,0,0.8202036711842065,66,3574,2922,21,0.4538963998177123,0.018131868131868133,0.7586206896551724,0.5501847290640394,0.4498152709359606
YJR028W,-1,0.8199320205199458,66,3575,2921,21,0.45374449339207046,0.01812688821752266,0.7586206896551724,0.5503386699507389,0.44966133004926107
YPL259C,-1,0.8189887239658661,66,3576,2920,21,0.4535925869664287,0.018121911037891267,0.7586206896551724,0.5504926108374384,0.44950738916256155
YDR035W,0,0.8189123766559478,66,3576,2920,21,0.4535925869664287,0.018121911037891267,0.7586206896551724,0.5504926108374384,0.44950738916256155
YER179W,-1,0.818489067588526,66,3577,2919,21,0.4534406805407869,0.018116936590721933,0.7586206896551724,0.5506465517241379,0.44935344827586204
YOL001W,-1,0.8184059789085885,66,3578,2918,21,0.45328877411514507,0.018111964873765093,0.7586206896551724,0.5508004926108374,0.4491995073891626
YKR030W,-1,0.8178319399141774,66,3579,2917,21,0.4531368676895033,0.01810699588477366,0.7586206896551724,0.5509544334975369,0.4490455665024631
YLR394W,-1,0.8171619452705443,66,3580,2916,21,0.45298496126386145,0.018102029621503018,0.7586206896551724,0.5511083743842364,0.44889162561576357
YJR127C,-1,0.8166084582656878,66,3581,2915,21,0.4528330548382197,0.018097066081710994,0.7586206896551724,0.5512623152709359,0.44873768472906406
YMR068W,-1,0.8157982084328103,66,3582,2914,21,0.45268114841257784,0.018092105263157895,0.7586206896551724,0.5514162561576355,0.44858374384236455
YOR278W,-1,0.8146640817454958,66,3583,2913,21,0.45252924198693606,0.018087147163606467,0.7586206896551724,0.551570197044335,0.44842980295566504
YLR082C,0,0.8143954867460113,66,3583,2913,21,0.45252924198693606,0.018087147163606467,0.7586206896551724,0.551570197044335,0.44842980295566504
YLL041C,-1,0.814140446551837,66,3584,2912,21,0.4523773355612942,0.01808219178082192,0.7586206896551724,0.5517241379310345,0.4482758620689655
YFL059W,-1,0.8136937278433065,66,3585,2911,21,0.45222542913565245,0.018077239112571898,0.7586206896551724,0.551878078817734,0.448121921182266
YKL174C,-1,0.813543605001721,66,3586,2910,21,0.4520735227100106,0.018072289156626505,0.7586206896551724,0.5520320197044335,0.4479679802955665
YNL118C,-1,0.8130133491516005,66,3587,2909,21,0.45192161628436883,0.018067341910758282,0.7586206896551724,0.552185960591133,0.447814039408867
YOR177C,-1,0.8129857715640733,66,3588,2908,21,0.451769709858727,0.0180623973727422,0.7586206896551724,0.5523399014778325,0.4476600985221675
YGR147C,-1,0.8124415405695097,66,3589,2907,21,0.4516178034330852,0.018057455540355677,0.7586206896551724,0.552493842364532,0.44750615763546797
YJR120W,-1,0.8124228079672757,66,3590,2906,21,0.45146589700744344,0.018052516411378557,0.7586206896551724,0.5526477832512315,0.44735221674876846
YMR083W,-1,0.8115599121956004,66,3591,2905,21,0.4513139905818016,0.01804757998359311,0.7586206896551724,0.552801724137931,0.44719827586206895
YDR277C,-1,0.8106073546995165,66,3592,2904,21,0.4511620841561598,0.018042646254784037,0.7586206896551724,0.5529556650246306,0.44704433497536944
YBR008C,-1,0.8097963743678153,66,3593,2903,21,0.451010177730518,0.018037715222738452,0.7586206896551724,0.5531096059113301,0.44689039408866993
YKR042W,-1,0.8096855547357882,66,3594,2902,21,0.4508582713048762,0.018032786885245903,0.7586206896551724,0.5532635467980296,0.4467364532019704
YER030W,-1,0.8092484538245612,66,3595,2901,21,0.4507063648792344,0.018027861240098333,0.7586206896551724,0.5534174876847291,0.44658251231527096
YLR417W,-1,0.8084977904750521,66,3596,2900,21,0.4505544584535926,0.018022938285090113,0.7586206896551724,0.5535714285714286,0.44642857142857145
YAL058W,-1,0.8084823584555657,66,3597,2899,21,0.45040255202795076,0.018018018018018018,0.7586206896551724,0.5537253694581281,0.44627463054187194
YEL047C,-1,0.8082074207906778,66,3598,2898,21,0.450250645602309,0.018013100436681223,0.7586206896551724,0.5538793103448276,0.44612068965517243
YNR019W,-1,0.8079457098842796,66,3599,2897,21,0.45009873917666715,0.01800818553888131,0.7586206896551724,0.5540332512315271,0.4459667487684729
YML012W,-1,0.8059933840667721,66,3600,2896,21,0.44994683275102537,0.01800327332242226,0.7586206896551724,0.5541871921182266,0.4458128078817734
YGR197C,-1,0.8053731746293046,66,3601,2895,21,0.44979492632538354,0.017998363785110445,0.7586206896551724,0.5543411330049262,0.4456588669950739
YML036W,-1,0.8053639757540071,66,3602,2894,21,0.44964301989974176,0.017993456924754635,0.7586206896551724,0.5544950738916257,0.4455049261083744
YDL137W,-1,0.8048640963424969,66,3603,2893,21,0.4494911134741,0.017988552739165987,0.7586206896551724,0.5546490147783252,0.4453509852216749
YBL063W,-1,0.8047748938494357,66,3604,2892,21,0.44933920704845814,0.017983651226158037,0.7586206896551724,0.5548029556650246,0.44519704433497537
snR75,-1,0.8045928966568517,66,3605,2891,21,0.44918730062281637,0.017978752383546716,0.7586206896551724,0.5549568965517241,0.44504310344827586
YGL054C,-1,0.8043762769486601,66,3606,2890,21,0.44903539419717453,0.017973856209150325,0.7586206896551724,0.5551108374384236,0.44488916256157635
YMR106C,-1,0.8034241674381257,66,3607,2889,21,0.44888348777153275,0.017968962700789546,0.7586206896551724,0.5552647783251231,0.44473522167487683
YDR071C,-1,0.8028584471954976,66,3608,2888,21,0.4487315813458909,0.017964071856287425,0.7586206896551724,0.5554187192118226,0.4445812807881773
YAL067C,-1,0.8025237062655851,66,3609,2887,21,0.44857967492024914,0.017959183673469388,0.7586206896551724,0.5555726600985221,0.4444273399014778
YKR029C,-1,0.802483417256389,66,3610,2886,21,0.4484277684946073,0.017954298150163223,0.7586206896551724,0.5557266009852216,0.4442733990147783
YNL042W,-1,0.8022039828015427,66,3611,2885,21,0.4482758620689655,0.017949415284199074,0.7586206896551724,0.5558805418719212,0.4441194581280788
YBR221C,-1,0.8021680912253193,66,3612,2884,21,0.4481239556433237,0.01794453507340946,0.7586206896551724,0.5560344827586207,0.44396551724137934
YHR044C,-1,0.8018863166478392,66,3613,2883,21,0.4479720492176819,0.017939657515629245,0.7586206896551724,0.5561884236453202,0.4438115763546798
YGR138C,-1,0.8018135841975251,66,3614,2882,21,0.4478201427920401,0.017934782608695653,0.7586206896551724,0.5563423645320197,0.4436576354679803
YIL031W,-1,0.8005250356679783,66,3615,2881,21,0.4476682363663983,0.017929910350448247,0.7586206896551724,0.5564963054187192,0.4435036945812808
YER014W,-1,0.7984468173682265,66,3616,2880,21,0.4475163299407565,0.017925040738728953,0.7586206896551724,0.5566502463054187,0.4433497536945813
YBR050C,-1,0.7974267636353598,66,3617,2879,21,0.4473644235151147,0.017920173771382025,0.7586206896551724,0.5568041871921182,0.4431958128078818
YAL062W,-1,0.797412958278127,66,3618,2878,21,0.4472125170894729,0.017915309446254073,0.7586206896551724,0.5569581280788177,0.4430418719211823
YLR004C,-1,0.7968587384820383,66,3619,2877,21,0.44706061066383107,0.01791044776119403,0.7586206896551724,0.5571120689655172,0.44288793103448276
YGR180C,-1,0.7966953490956444,66,3620,2876,21,0.4469087042381893,0.017905588714053174,0.7586206896551724,0.5572660098522167,0.44273399014778325
YDR252W,-1,0.794932301591007,66,3621,2875,21,0.44675679781254746,0.01790073230268511,0.7586206896551724,0.5574199507389163,0.44258004926108374
YIR034C,-1,0.7948612077349657,66,3622,2874,21,0.4466048913869057,0.01789587852494577,0.7586206896551724,0.5575738916256158,0.44242610837438423
YHL047C,-1,0.7927661808108978,66,3623,2873,21,0.44645298496126384,0.017891027378693414,0.7586206896551724,0.5577278325123153,0.4422721674876847
YHL019C,-1,0.7914442665185804,66,3624,2872,21,0.44630107853562206,0.01788617886178862,0.7586206896551724,0.5578817733990148,0.4421182266009852
YBL058W,-1,0.791368851665995,66,3625,2871,21,0.44614917210998023,0.017881332972094283,0.7586206896551724,0.5580357142857143,0.4419642857142857
YKL041W,-1,0.7910951352877525,66,3626,2870,21,0.44599726568433845,0.017876489707475622,0.7586206896551724,0.5581896551724138,0.4418103448275862
YPL156C,-1,0.7909058390479102,66,3627,2869,21,0.4458453592586966,0.017871649065800164,0.7586206896551724,0.5583435960591133,0.4416564039408867
YJL108C,-1,0.7881539812707002,66,3628,2868,21,0.44569345283305484,0.017866811044937737,0.7586206896551724,0.5584975369458128,0.44150246305418717
YBR203W,-1,0.7865797092047937,66,3629,2867,21,0.44554154640741306,0.017861975642760486,0.7586206896551724,0.5586514778325123,0.4413485221674877
YJL026W,-1,0.7864852917230867,66,3630,2866,21,0.4453896399817712,0.017857142857142856,0.7586206896551724,0.5588054187192119,0.4411945812807882
YGR175C,-1,0.7856434674732442,66,3631,2865,21,0.44523773355612944,0.017852312685961592,0.7586206896551724,0.5589593596059114,0.4410406403940887
YJR117W,-1,0.7851377384184931,66,3632,2864,21,0.4450858271304876,0.017847485127095726,0.7586206896551724,0.5591133004926109,0.4408866995073892
YDR351W,-1,0.7851012752969575,66,3633,2863,21,0.44493392070484583,0.017842660178426603,0.7586206896551724,0.5592672413793104,0.44073275862068967
YER160C,-1,0.783795360538285,66,3634,2862,21,0.444782014279204,0.01783783783783784,0.7586206896551724,0.5594211822660099,0.44057881773399016
YER022W,-1,0.7831141038296812,66,3635,2861,21,0.4446301078535622,0.01783301810321535,0.7586206896551724,0.5595751231527094,0.44042487684729065
YBR065C,-1,0.7809853352880886,66,3636,2860,21,0.4444782014279204,0.017828200972447326,0.7586206896551724,0.5597290640394089,0.44027093596059114
YHR168W,-1,0.7808761461206541,66,3637,2859,21,0.4443262950022786,0.017823386443424252,0.7586206896551724,0.5598830049261084,0.4401169950738916
YLL013C,-1,0.7786252909062339,66,3638,2858,21,0.44417438857663677,0.017818574514038878,0.7586206896551724,0.5600369458128078,0.4399630541871921
YDL230W,-1,0.7772019736111608,66,3639,2857,21,0.444022482150995,0.017813765182186234,0.7586206896551724,0.5601908866995073,0.4398091133004926
YMR070W,-1,0.7740300244837751,66,3640,2856,21,0.44387057572535316,0.017808958445763627,0.7586206896551724,0.5603448275862069,0.4396551724137931
tA(AGC)K1,-1,0.7700881887849298,66,3641,2855,21,0.4437186692997114,0.017804154302670624,0.7586206896551724,0.5604987684729064,0.4395012315270936
YDR499W,-1,0.7693151525086815,66,3642,2854,21,0.4435667628740696,0.01779935275080906,0.7586206896551724,0.5606527093596059,0.4393472906403941
YIL069C,-1,0.7674111998483324,66,3643,2853,21,0.44341485644842776,0.01779455378808304,0.7586206896551724,0.5608066502463054,0.43919334975369456
YNL192W,-1,0.7673173578137268,66,3644,2852,21,0.443262950022786,0.01778975741239892,0.7586206896551724,0.5609605911330049,0.43903940886699505
YAL017W,-1,0.7641418105831816,66,3645,2851,21,0.44311104359714415,0.01778496362166532,0.7586206896551724,0.5611145320197044,0.43888546798029554
YGR006W,-1,0.7640553143243675,66,3646,2850,21,0.44295913717150237,0.017780172413793104,0.7586206896551724,0.5612684729064039,0.4387315270935961
YDR545W,-1,0.7632539515109095,66,3647,2849,21,0.44280723074586054,0.017775383786695395,0.7586206896551724,0.5614224137931034,0.4385775862068966
YML035C,-1,0.7626811559697856,66,3648,2848,21,0.44265532432021876,0.017770597738287562,0.7586206896551724,0.5615763546798029,0.43842364532019706
YFR032C-A,-1,0.7619572765673396,66,3649,2847,21,0.4425034178945769,0.017765814266487216,0.7586206896551724,0.5617302955665024,0.43826970443349755
YJR021C,-1,0.7616923832939115,66,3650,2846,21,0.44235151146893514,0.01776103336921421,0.7586206896551724,0.561884236453202,0.43811576354679804
YFL009W,-1,0.7605167929226587,66,3651,2845,21,0.4421996050432933,0.01775625504439064,0.7586206896551724,0.5620381773399015,0.43796182266009853
YKL011C,-1,0.7603268584806414,66,3652,2844,21,0.44204769861765153,0.01775147928994083,0.7586206896551724,0.562192118226601,0.437807881773399
YAL013W,-1,0.7594332229654773,66,3653,2843,21,0.4418957921920097,0.01774670610379134,0.7586206896551724,0.5623460591133005,0.4376539408866995
YIL015W,-1,0.7593741281544645,66,3654,2842,21,0.4417438857663679,0.017741935483870968,0.7586206896551724,0.5625,0.4375
YNL142W,-1,0.7587164507271194,66,3655,2841,21,0.44159197934072614,0.017737167428110722,0.7586206896551724,0.5626539408866995,0.4373460591133005
YJL034W,-1,0.7585775333246632,66,3656,2840,21,0.4414400729150843,0.017732401934443847,0.7586206896551724,0.562807881773399,0.437192118226601
YCL051W,-1,0.7582104142543733,66,3657,2839,21,0.4412881664894425,0.017727639000805803,0.7586206896551724,0.5629618226600985,0.43703817733990147
YKL182W,-1,0.7579358629458597,66,3658,2838,21,0.4411362600638007,0.017722878625134265,0.7586206896551724,0.563115763546798,0.43688423645320196
YGR279C,-1,0.7574852941327349,66,3659,2837,21,0.4409843536381589,0.017718120805369126,0.7586206896551724,0.5632697044334976,0.43673029556650245
YFL002W-A,-1,0.7557562306032339,66,3660,2836,21,0.4408324472125171,0.017713365539452495,0.7586206896551724,0.5634236453201971,0.43657635467980294
YAL040C,-1,0.7554692776926598,66,3661,2835,21,0.4406805407868753,0.017708612825328682,0.7586206896551724,0.5635775862068966,0.4364224137931034
YNL003C,-1,0.7514502573781228,66,3662,2834,21,0.44052863436123346,0.017703862660944206,0.7586206896551724,0.5637315270935961,0.4362684729064039
YNL280C,-1,0.7508374903784044,66,3663,2833,21,0.4403767279355917,0.017699115044247787,0.7586206896551724,0.5638854679802956,0.43611453201970446
YNL148C,-1,0.7505502975810903,66,3664,2832,21,0.44022482150994985,0.01769436997319035,0.7586206896551724,0.5640394088669951,0.43596059113300495
YOR081C,-1,0.7502516909906606,66,3665,2831,21,0.44007291508430807,0.01768962744572501,0.7586206896551724,0.5641933497536946,0.43580665024630544
YOL112W,-1,0.7500118675408076,66,3666,2830,21,0.43992100865866623,0.017684887459807074,0.7586206896551724,0.5643472906403941,0.4356527093596059
YOL072W,-1,0.7494846605219894,66,3667,2829,21,0.43976910223302446,0.017680150013394052,0.7586206896551724,0.5645012315270936,0.4354987684729064
YCR073W-A,-1,0.7486610202857487,66,3668,2828,21,0.4396171958073827,0.017675415104445636,0.7586206896551724,0.5646551724137931,0.4353448275862069
YCR088W,-1,0.748168964053737,66,3669,2827,21,0.43946528938174084,0.017670682730923693,0.7586206896551724,0.5648091133004927,0.4351908866995074
YDR498C,-1,0.7463205354817418,66,3670,2826,21,0.43931338295609906,0.017665952890792293,0.7586206896551724,0.5649630541871922,0.4350369458128079
YDL229W,-1,0.7457716268990046,66,3671,2825,21,0.43916147653045723,0.017661225582017662,0.7586206896551724,0.5651169950738916,0.4348830049261084
YOR033C,-1,0.7440098273818994,66,3672,2824,21,0.43900957010481545,0.01765650080256822,0.7586206896551724,0.5652709359605911,0.43472906403940886
YKL185W,-1,0.744006262437169,66,3673,2823,21,0.4388576636791736,0.01765177855041455,0.7586206896551724,0.5654248768472906,0.43457512315270935
YDR034C-D,-1,0.7411740660127671,66,3674,2822,21,0.43870575725353184,0.01764705882352941,0.7586206896551724,0.5655788177339901,0.43442118226600984
YNL054W,-1,0.7407894209879011,66,3675,2821,21,0.43855385082789,0.01764234161988773,0.7586206896551724,0.5657327586206896,0.43426724137931033
YOR112W,-1,0.7394744783492044,66,3676,2820,21,0.4384019444022482,0.017637626937466594,0.7586206896551724,0.5658866995073891,0.4341133004926108
YPR175W,-1,0.7385756887297954,66,3677,2819,21,0.4382500379766064,0.017632914774245258,0.7586206896551724,0.5660406403940886,0.4339593596059113
YEL065W,-1,0.7368063995822676,66,3678,2818,21,0.4380981315509646,0.017628205128205128,0.7586206896551724,0.5661945812807881,0.4338054187192118
YAL015C,-1,0.7364542451006421,66,3679,2817,21,0.4379462251253228,0.017623497997329773,0.7586206896551724,0.5663485221674877,0.4336514778325123
YAR035W,-1,0.7363805444211715,66,3680,2816,21,0.437794318699681,0.01761879337960491,0.7586206896551724,0.5665024630541872,0.43349753694581283
YDR284C,-1,0.7360281689182943,66,3681,2815,21,0.4376424122740392,0.017614091273018415,0.7586206896551724,0.5666564039408867,0.4333435960591133
tS(AGA)L,-1,0.7359371396067123,66,3682,2814,21,0.4374905058483974,0.017609391675560297,0.7586206896551724,0.5668103448275862,0.4331896551724138
YJR035W,-1,0.7346378906233413,66,3683,2813,21,0.4373385994227556,0.017604694585222725,0.7586206896551724,0.5669642857142857,0.4330357142857143
YGL124C,-1,0.7341367049512851,66,3684,2812,21,0.43718669299711377,0.0176,0.7586206896551724,0.5671182266009852,0.4328817733990148
YPR017C,-1,0.7336349858286844,66,3685,2811,21,0.437034786571472,0.017595307917888565,0.7586206896551724,0.5672721674876847,0.4327278325123153
YJR091C,-1,0.7335914755754339,66,3686,2810,21,0.43688288014583015,0.017590618336886993,0.7586206896551724,0.5674261083743842,0.43257389162561577
YGL022W,-1,0.7311237086590772,66,3687,2809,21,0.4367309737201884,0.017585931254996003,0.7586206896551724,0.5675800492610837,0.43241995073891626
YGL089C,-1,0.7299489959569854,66,3688,2808,21,0.43657906729454654,0.017581246670218435,0.7586206896551724,0.5677339901477833,0.43226600985221675
YER167W,-1,0.7293548728605244,66,3689,2807,21,0.43642716086890476,0.017576564580559253,0.7586206896551724,0.5678879310344828,0.43211206896551724
YJR125C,-1,0.7289312632884741,66,3690,2806,21,0.4362752544432629,0.01757188498402556,0.7586206896551724,0.5680418719211823,0.4319581280788177
YDR253C,-1,0.7278457134909909,66,3691,2805,21,0.43612334801762115,0.017567207878626565,0.7586206896551724,0.5681958128078818,0.4318041871921182
YPR066W,-1,0.7278198351025259,66,3692,2804,21,0.4359714415919793,0.017562533262373604,0.7586206896551724,0.5683497536945813,0.4316502463054187
YDR142C,-1,0.7276847201028025,66,3693,2803,21,0.43581953516633753,0.017557861133280128,0.7586206896551724,0.5685036945812808,0.4314963054187192
YPL089C,-1,0.7265827339109675,66,3694,2802,21,0.43566762874069576,0.017553191489361703,0.7586206896551724,0.5686576354679803,0.4313423645320197
YML016C,-1,0.7254633740451512,66,3695,2801,21,0.4355157223150539,0.017548524328636,0.7586206896551724,0.5688115763546798,0.4311884236453202
YJR110W,-1,0.7246430399964858,66,3696,2800,21,0.43536381588941214,0.017543859649122806,0.7586206896551724,0.5689655172413793,0.43103448275862066
tR(UCU)D,-1,0.7245961823471085,66,3697,2799,21,0.4352119094637703,0.017539197448844007,0.7586206896551724,0.5691194581280788,0.4308805418719212
YKR014C,-1,0.7244015946125567,66,3698,2798,21,0.43506000303812853,0.01753453772582359,0.7586206896551724,0.5692733990147784,0.4307266009852217
YGL256W,-1,0.7242037472559983,66,3699,2797,21,0.4349080966124867,0.01752988047808765,0.7586206896551724,0.5694273399014779,0.4305726600985222
YNR006W,-1,0.7227702870573455,66,3700,2796,21,0.4347561901868449,0.017525225703664365,0.7586206896551724,0.5695812807881774,0.4304187192118227
YIL068C,-1,0.722129319925428,66,3701,2795,21,0.4346042837612031,0.01752057340058402,0.7586206896551724,0.5697352216748769,0.43026477832512317
YDL128W,-1,0.7211822159046836,66,3702,2794,21,0.4344523773355613,0.01751592356687898,0.7586206896551724,0.5698891625615764,0.43011083743842365
YDR256C,-1,0.7196031525645004,66,3703,2793,21,0.43430047090991947,0.01751127620058371,0.7586206896551724,0.5700431034482759,0.42995689655172414
YGL127C,-1,0.7178967595080294,66,3704,2792,21,0.4341485644842777,0.01750663129973475,0.7586206896551724,0.5701970443349754,0.42980295566502463
YJL194W,-1,0.7177298839979707,66,3705,2791,21,0.43399665805863585,0.017501988862370723,0.7586206896551724,0.5703509852216748,0.4296490147783251
YGL213C,-1,0.7164548845549356,66,3706,2790,21,0.4338447516329941,0.017497348886532343,0.7586206896551724,0.5705049261083743,0.4294950738916256
YGL237C,-1,0.716297246991159,66,3707,2789,21,0.4336928452073523,0.01749271137026239,0.7586206896551724,0.5706588669950738,0.4293411330049261
YJL170C,-1,0.7158820040440989,66,3708,2788,21,0.43354093878171046,0.017488076311605722,0.7586206896551724,0.5708128078817734,0.4291871921182266
YJR077C,-1,0.7148102566057652,66,3709,2787,21,0.4333890323560687,0.017483443708609273,0.7586206896551724,0.5709667487684729,0.4290332512315271
YBR082C,-1,0.7134252350291156,66,3710,2786,21,0.43323712593042685,0.017478813559322032,0.7586206896551724,0.5711206896551724,0.42887931034482757
YLR190W,-1,0.7128535892383269,66,3711,2785,21,0.43308521950478507,0.017474185861795076,0.7586206896551724,0.5712746305418719,0.42872536945812806
YGR189C,-1,0.7121449939713995,66,3712,2784,21,0.43293331307914323,0.017469560614081524,0.7586206896551724,0.5714285714285714,0.42857142857142855
YLR134W,-1,0.7115535791807435,66,3713,2783,21,0.43278140665350145,0.01746493781423657,0.7586206896551724,0.5715825123152709,0.42841748768472904
YJL113W,-1,0.7114065578256425,66,3714,2782,21,0.4326295002278596,0.01746031746031746,0.7586206896551724,0.5717364532019704,0.4282635467980296
YDL118W,-1,0.7110674301202354,66,3715,2781,21,0.43247759380221784,0.017455699550383497,0.7586206896551724,0.5718903940886699,0.42810960591133007
YOL101C,-1,0.7107425281277248,66,3716,2780,21,0.432325687376576,0.017451084082496033,0.7586206896551724,0.5720443349753694,0.42795566502463056
YLR160C,-1,0.706034657759606,66,3717,2779,21,0.4321737809509342,0.017446471054718478,0.7586206896551724,0.572198275862069,0.42780172413793105
YMR091C,-1,0.7043468625713898,66,3718,2778,21,0.4320218745252924,0.01744186046511628,0.7586206896551724,0.5723522167487685,0.42764778325123154
YIL121W,-1,0.7037946124624157,66,3719,2777,21,0.4318699680996506,0.017437252311756937,0.7586206896551724,0.572506157635468,0.42749384236453203
YLR410W-B,-1,0.7036997180960478,66,3720,2776,21,0.43171806167400884,0.017432646592709985,0.7586206896551724,0.5726600985221675,0.4273399014778325
snR33,-1,0.7026796929639951,66,3721,2775,21,0.431566155248367,0.017428043306047004,0.7586206896551724,0.572814039408867,0.427185960591133
YER059W,-1,0.701413915941947,66,3722,2774,21,0.4314142488227252,0.017423442449841606,0.7586206896551724,0.5729679802955665,0.4270320197044335
YDL047W,-1,0.7013967042302625,66,3723,2773,21,0.4312623423970834,0.01741884402216944,0.7586206896551724,0.573121921182266,0.426878078817734
YCL008C,-1,0.7002796140927656,66,3724,2772,21,0.4311104359714416,0.017414248021108178,0.7586206896551724,0.5732758620689655,0.4267241379310345
YDR017C,-1,0.6997393037102032,66,3725,2771,21,0.4309585295457998,0.017409654444737535,0.7586206896551724,0.573429802955665,0.42657019704433496
YMR311C,-1,0.6987630738172723,66,3726,2770,21,0.430806623120158,0.01740506329113924,0.7586206896551724,0.5735837438423645,0.42641625615763545
YOR142W-B,-1,0.6937301602760052,66,3727,2769,21,0.43065471669451616,0.017400474558397046,0.7586206896551724,0.5737376847290641,0.42626231527093594
YPL120W,-1,0.6929920540208242,66,3728,2768,21,0.4305028102688744,0.01739588824459673,0.7586206896551724,0.5738916256157636,0.42610837438423643
YPL042C,-1,0.6925510130176018,66,3729,2767,21,0.43035090384323255,0.017391304347826087,0.7586206896551724,0.5740455665024631,0.4259544334975369
YCR098C,-1,0.6905870182223766,66,3730,2766,21,0.43019899741759077,0.01738672286617492,0.7586206896551724,0.5741995073891626,0.4258004926108374
YMR042W,-1,0.6892191432757073,66,3731,2765,21,0.43004709099194893,0.017382143797735054,0.7586206896551724,0.5743534482758621,0.42564655172413796
YER015W,-1,0.689215858786529,66,3732,2764,21,0.42989518456630715,0.017377567140600316,0.7586206896551724,0.5745073891625616,0.42549261083743845
YMR163C,-1,0.6859687047532725,66,3733,2763,21,0.4297432781406654,0.017372992892866545,0.7586206896551724,0.5746613300492611,0.42533866995073893
YBL017C,-1,0.6857047231003004,66,3734,2762,21,0.42959137171502354,0.017368421052631578,0.7586206896551724,0.5748152709359606,0.4251847290640394
YDR009W,-1,0.6845298071673237,66,3735,2761,21,0.42943946528938176,0.017363851617995266,0.7586206896551724,0.5749692118226601,0.4250307881773399
tS(AGA)E,-1,0.6841725576078181,66,3736,2760,21,0.4292875588637399,0.017359284587059442,0.7586206896551724,0.5751231527093597,0.4248768472906404
YLR141W,-1,0.6811461366481893,66,3737,2759,21,0.42913565243809815,0.017354719957927953,0.7586206896551724,0.5752770935960592,0.4247229064039409
tG(GCC)B,-1,0.6794983243462772,66,3738,2758,21,0.4289837460124563,0.017350157728706624,0.7586206896551724,0.5754310344827587,0.4245689655172414
YPL076W,-1,0.6787159727843584,66,3739,2757,21,0.42883183958681453,0.017345597897503284,0.7586206896551724,0.5755849753694581,0.42441502463054187
YDR363W-A,-1,0.6785864875321816,66,3740,2756,21,0.4286799331611727,0.017341040462427744,0.7586206896551724,0.5757389162561576,0.42426108374384236
snR50,-1,0.6728316510315863,66,3741,2755,21,0.4285280267355309,0.017336485421591805,0.7586206896551724,0.5758928571428571,0.42410714285714285
YAR014C,-1,0.6716196536606518,66,3742,2754,21,0.4283761203098891,0.017331932773109245,0.7586206896551724,0.5760467980295566,0.42395320197044334
YPL088W,-1,0.6710503370464799,66,3743,2753,21,0.4282242138842473,0.017327382515095826,0.7586206896551724,0.5762007389162561,0.42379926108374383
YDL116W,-1,0.6673568189337349,66,3744,2752,21,0.42807230745860547,0.01732283464566929,0.7586206896551724,0.5763546798029556,0.4236453201970443
YOL128C,-1,0.6630907571145525,66,3745,2751,21,0.4279204010329637,0.017318289162949356,0.7586206896551724,0.5765086206896551,0.4234913793103448
YGR057C,-1,0.6625808474547945,66,3746,2750,21,0.4277684946073219,0.017313746065057714,0.7586206896551724,0.5766625615763546,0.4233374384236453
YLR260W,-1,0.6618551910756074,66,3747,2749,21,0.4276165881816801,0.01730920535011802,0.7586206896551724,0.5768165024630542,0.4231834975369458
YGR211W,-1,0.6588585605995209,66,3748,2748,21,0.4274646817560383,0.0173046670162559,0.7586206896551724,0.5769704433497537,0.42302955665024633
YGL134W,-1,0.6586269290746084,66,3749,2747,21,0.42731277533039647,0.01730013106159895,0.7586206896551724,0.5771243842364532,0.4228756157635468
YLR450W,-1,0.6577107807279208,66,3750,2746,21,0.4271608689047547,0.01729559748427673,0.7586206896551724,0.5772783251231527,0.4227216748768473
snR43,-1,0.6568046687278187,66,3751,2745,21,0.42700896247911285,0.01729106628242075,0.7586206896551724,0.5774322660098522,0.4225677339901478
YIL133C,-1,0.6564349881247536,66,3752,2744,21,0.4268570560534711,0.017286537454164485,0.7586206896551724,0.5775862068965517,0.4224137931034483
YOR237W,-1,0.6550071100985851,66,3753,2743,21,0.42670514962782924,0.01728201099764336,0.7586206896551724,0.5777401477832512,0.4222598522167488
snR54,-1,0.6512487918359482,66,3754,2742,21,0.42655324320218746,0.017277486910994764,0.7586206896551724,0.5778940886699507,0.42210591133004927
YPL213W,-1,0.646119447315846,66,3755,2741,21,0.4264013367765456,0.017272965192358023,0.7586206896551724,0.5780480295566502,0.42195197044334976
YDR182W,-1,0.6457202455768295,66,3756,2740,21,0.42624943035090385,0.01726844583987441,0.7586206896551724,0.5782019704433498,0.42179802955665024
snR63,-1,0.6437694909859106,66,3757,2739,21,0.426097523925262,0.017263928851687156,0.7586206896551724,0.5783559113300493,0.42164408866995073
YKL005C,-1,0.6437464847263417,66,3758,2738,21,0.42594561749962023,0.017259414225941423,0.7586206896551724,0.5785098522167488,0.4214901477832512
YHR001W-A,-1,0.6427979593446419,66,3759,2737,21,0.42579371107397845,0.017254901960784313,0.7586206896551724,0.5786637931034483,0.4213362068965517
YJL052W,-1,0.6360394111105636,66,3760,2736,21,0.4256418046483366,0.017250392054364874,0.7586206896551724,0.5788177339901478,0.4211822660098522
YKL010C,-1,0.6336511912018999,66,3761,2735,21,0.42548989822269484,0.017245884504834073,0.7586206896551724,0.5789716748768473,0.4210283251231527
YER062C,-1,0.6312996231645551,66,3762,2734,21,0.425337991797053,0.017241379310344827,0.7586206896551724,0.5791256157635468,0.4208743842364532
YGR278W,-1,0.630021706129984,66,3763,2733,21,0.4251860853714112,0.017236876469051973,0.7586206896551724,0.5792795566502463,0.42072044334975367
YER018C,-1,0.6286619501440488,66,3764,2732,21,0.4250341789457694,0.01723237597911227,0.7586206896551724,0.5794334975369458,0.4205665024630542
YNL275W,-1,0.6285688467627935,66,3765,2731,21,0.4248822725201276,0.017227877838684416,0.7586206896551724,0.5795874384236454,0.4204125615763547
snR61,-1,0.6275005426954372,66,3766,2730,21,0.4247303660944858,0.01722338204592902,0.7586206896551724,0.5797413793103449,0.4202586206896552
YGR143W,-1,0.6237249035986125,66,3767,2729,21,0.424578459668844,0.017218888599008608,0.7586206896551724,0.5798953201970444,0.4201046798029557
YHR030C,-1,0.6234707915764969,66,3768,2728,21,0.42442655324320216,0.017214397496087636,0.7586206896551724,0.5800492610837439,0.41995073891625617
YGL058W,-1,0.6227846756437121,66,3769,2727,21,0.4242746468175604,0.017209908735332465,0.7586206896551724,0.5802032019704434,0.41979679802955666
YPR040W,-1,0.6215637381843043,66,3770,2726,21,0.42412274039191855,0.017205422314911366,0.7586206896551724,0.5803571428571429,0.41964285714285715
YLR237W,-1,0.6195864743745418,66,3771,2725,21,0.42397083396627677,0.017200938232994525,0.7586206896551724,0.5805110837438424,0.41948891625615764
YLR306W,-1,0.6191823522201707,66,3772,2724,21,0.423818927540635,0.017196456487754037,0.7586206896551724,0.5806650246305419,0.41933497536945813
YCR032W,-1,0.6180246711940603,66,3773,2723,21,0.42366702111499316,0.017191977077363897,0.7586206896551724,0.5808189655172413,0.4191810344827586
YNR058W,-1,0.6164111924292042,66,3774,2722,21,0.4235151146893514,0.0171875,0.7586206896551724,0.5809729064039408,0.4190270935960591
YFL034C-B,-1,0.6153553133279764,66,3775,2721,21,0.42336320826370955,0.017183025253840144,0.7586206896551724,0.5811268472906403,0.4188731527093596
YML010W,-1,0.6129846328081667,66,3776,2720,21,0.42321130183806777,0.01717855283706403,0.7586206896551724,0.5812807881773399,0.4187192118226601
YIL162W,-1,0.6110645527952243,66,3777,2719,21,0.42305939541242593,0.01717408274785324,0.7586206896551724,0.5814347290640394,0.4185652709359606
YBR161W,-1,0.6094970581794168,66,3778,2718,21,0.42290748898678415,0.01716961498439126,0.7586206896551724,0.5815886699507389,0.41841133004926107
YKR019C,-1,0.6088654160707587,66,3779,2717,21,0.4227555825611423,0.017165149544863458,0.7586206896551724,0.5817426108374384,0.41825738916256155
YDL120W,-1,0.604996152191811,66,3780,2716,21,0.42260367613550054,0.0171606864274571,0.7586206896551724,0.5818965517241379,0.41810344827586204
YDR178W,-1,0.6036135139916565,66,3781,2715,21,0.4224517697098587,0.01715622563036132,0.7586206896551724,0.5820504926108374,0.4179495073891626
snR68,-1,0.6030740482521916,66,3782,2714,21,0.4222998632842169,0.017151767151767153,0.7586206896551724,0.5822044334975369,0.4177955665024631
YLR301W,-1,0.6027168185228245,66,3783,2713,21,0.4221479568585751,0.0171473109898675,0.7586206896551724,0.5823583743842364,0.41764162561576357
tG(GCC)J2,-1,0.6013172021434445,66,3784,2712,21,0.4219960504329333,0.017142857142857144,0.7586206896551724,0.5825123152709359,0.41748768472906406
YGL198W,-1,0.5988002329330846,66,3785,2711,21,0.42184414400729153,0.017138405608932743,0.7586206896551724,0.5826662561576355,0.41733374384236455
YMR161W,-1,0.5987732629173166,66,3786,2710,21,0.4216922375816497,0.017133956386292833,0.7586206896551724,0.582820197044335,0.41717980295566504
tG(GCC)P1,-1,0.593611168238833,66,3787,2709,21,0.4215403311560079,0.017129509473137815,0.7586206896551724,0.5829741379310345,0.4170258620689655
tG(GCC)O2,-1,0.592665514641754,66,3788,2708,21,0.4213884247303661,0.017125064867669952,0.7586206896551724,0.583128078817734,0.416871921182266
YNR039C,-1,0.5896535311775968,66,3789,2707,21,0.4212365183047243,0.017120622568093387,0.7586206896551724,0.5832820197044335,0.4167179802955665
tQ(UUG)D1,-1,0.5889198387138056,66,3790,2706,21,0.42108461187908247,0.01711618257261411,0.7586206896551724,0.583435960591133,0.416564039408867
YOL103W-B,-1,0.5827937180148258,66,3791,2705,21,0.4209327054534407,0.01711174487943998,0.7586206896551724,0.5835899014778325,0.4164100985221675
YDR285W,-1,0.5819774673454667,66,3792,2704,21,0.42078079902779886,0.017107309486780714,0.7586206896551724,0.583743842364532,0.41625615763546797
YNL190W,-1,0.5790466342532319,66,3793,2703,21,0.4206288926021571,0.01710287639284789,0.7586206896551724,0.5838977832512315,0.41610221674876846
YML061C,-1,0.5784036318353004,66,3794,2702,21,0.42047698617651524,0.01709844559585492,0.7586206896551724,0.584051724137931,0.41594827586206895
snR6,-1,0.5778312648389766,66,3795,2701,21,0.42032507975087346,0.017094017094017096,0.7586206896551724,0.5842056650246306,0.41579433497536944
tI(AAU)L1,-1,0.5746072076991064,66,3796,2700,21,0.42017317332523163,0.017089590885551526,0.7586206896551724,0.5843596059113301,0.41564039408866993
YDR423C,-1,0.5743076880796396,66,3797,2699,21,0.42002126689958985,0.017085166968677193,0.7586206896551724,0.5845135467980296,0.4154864532019704
YDR380W,-1,0.5720721908414131,66,3798,2698,21,0.4198693604739481,0.017080745341614908,0.7586206896551724,0.5846674876847291,0.41533251231527096
YGL055W,-1,0.568964541268385,66,3799,2697,21,0.41971745404830624,0.017076326002587322,0.7586206896551724,0.5848214285714286,0.41517857142857145
YDR135C,-1,0.5682512880160768,66,3800,2696,21,0.41956554762266446,0.017071908949818936,0.7586206896551724,0.5849753694581281,0.41502463054187194
YNL038W,-1,0.5675188831271145,66,3801,2695,21,0.4194136411970226,0.017067494181536073,0.7586206896551724,0.5851293103448276,0.41487068965517243
YDL106C,-1,0.5673573581442642,66,3802,2694,21,0.41926173477138085,0.017063081695966906,0.7586206896551724,0.5852832512315271,0.4147167487684729
snR51,-1,0.5672176608502391,66,3803,2693,21,0.419109828345739,0.01705867149134143,0.7586206896551724,0.5854371921182266,0.4145628078817734
YDR261W-A,-1,0.5669299410181904,66,3804,2692,21,0.41895792192009723,0.017054263565891473,0.7586206896551724,0.5855911330049262,0.4144088669950739
YAL020C,-1,0.5664521789374817,66,3805,2691,21,0.4188060154944554,0.017049857917850686,0.7586206896551724,0.5857450738916257,0.4142549261083744
YDL059C,-1,0.5652800162944958,66,3806,2690,21,0.4186541090688136,0.017045454545454544,0.7586206896551724,0.5858990147783252,0.4141009852216749
YIL115C,-1,0.5626243498939832,66,3807,2689,21,0.4185022026431718,0.017041053446940357,0.7586206896551724,0.5860529556650246,0.41394704433497537
YER173W,-1,0.5617555450518009,66,3808,2688,21,0.41835029621753,0.017036654620547237,0.7586206896551724,0.5862068965517241,0.41379310344827586
YOR098C,-1,0.5608244368778633,66,3809,2687,21,0.41819838979188817,0.01703225806451613,0.7586206896551724,0.5863608374384236,0.41363916256157635
snR34,-1,0.5569794405625395,66,3810,2686,21,0.4180464833662464,0.017027863777089782,0.7586206896551724,0.5865147783251231,0.41348522167487683
YJR106W,-1,0.5557073641297785,66,3811,2685,21,0.4178945769406046,0.017023471756512767,0.7586206896551724,0.5866687192118226,0.4133312807881773
YOR362C,-1,0.5475914720145847,66,3812,2684,21,0.4177426705149628,0.01701908200103146,0.7586206896551724,0.5868226600985221,0.4131773399014778
YDR480W,-1,0.5433952129981333,66,3813,2683,21,0.417590764089321,0.017014694508894045,0.7586206896551724,0.5869766009852216,0.4130233990147783
YPL060C-A,-1,0.543279854883501,66,3814,2682,21,0.41743885766367916,0.017010309278350514,0.7586206896551724,0.5871305418719212,0.4128694581280788
YHR172W,-1,0.5429889584641087,66,3815,2681,21,0.4172869512380374,0.01700592630765267,0.7586206896551724,0.5872844827586207,0.41271551724137934
YJR104C,-1,0.5427830836182016,66,3816,2680,21,0.41713504481239555,0.017001545595054096,0.7586206896551724,0.5874384236453202,0.4125615763546798
YAL034W-A,-1,0.5423222948608267,66,3817,2679,21,0.41698313838675377,0.0169971671388102,0.7586206896551724,0.5875923645320197,0.4124076354679803
YBL074C,-1,0.5421535971631528,66,3818,2678,21,0.41683123196111194,0.016992790937178166,0.7586206896551724,0.5877463054187192,0.4122536945812808
YGL249W,-1,0.541520558071067,66,3819,2677,21,0.41667932553547016,0.01698841698841699,0.7586206896551724,0.5879002463054187,0.4120997536945813
tG(GCC)D1,-1,0.5362018852683924,66,3820,2676,21,0.4165274191098283,0.016984045290787442,0.7586206896551724,0.5880541871921182,0.4119458128078818
YLR466W,-1,0.5327232099995487,66,3821,2675,21,0.41637551268418654,0.016979675842552097,0.7586206896551724,0.5882081280788177,0.4117918719211823
YBR240C,-1,0.5308155517981014,66,3822,2674,21,0.4162236062585447,0.016975308641975308,0.7586206896551724,0.5883620689655172,0.41163793103448276
YDR170W-A,-1,0.5287399358238712,66,3823,2673,21,0.41607169983290293,0.016970943687323218,0.7586206896551724,0.5885160098522167,0.41148399014778325
YDR205W,-1,0.5263503302149145,66,3824,2672,21,0.41591979340726115,0.01696658097686375,0.7586206896551724,0.5886699507389163,0.41133004926108374
YDL015C,-1,0.5229234136599575,66,3825,2671,21,0.4157678869816193,0.016962220508866616,0.7586206896551724,0.5888238916256158,0.41117610837438423
YBR140C,-1,0.5220170303202846,66,3826,2670,21,0.41561598055597754,0.01695786228160329,0.7586206896551724,0.5889778325123153,0.4110221674876847
YBR160W,-1,0.5166760208221138,66,3827,2669,21,0.4154640741303357,0.016953506293347034,0.7586206896551724,0.5891317733990148,0.4108682266009852
YGL106W,-1,0.5132856440884085,66,3828,2668,21,0.4153121677046939,0.01694915254237288,0.7586206896551724,0.5892857142857143,0.4107142857142857
YMR232W,-1,0.5121350120969721,66,3829,2667,21,0.4151602612790521,0.016944801026957636,0.7586206896551724,0.5894396551724138,0.4105603448275862
YAR009C,-1,0.5113685570717907,66,3830,2666,21,0.4150083548534103,0.016940451745379878,0.7586206896551724,0.5895935960591133,0.4104064039408867
YDR073W,-1,0.5088087790562849,66,3831,2665,21,0.4148564484277685,0.016936104695919937,0.7586206896551724,0.5897475369458128,0.41025246305418717
YOR109W,-1,0.5085305381171364,66,3832,2664,21,0.4147045420021267,0.01693175987685993,0.7586206896551724,0.5899014778325123,0.4100985221674877
snR70,-1,0.5078969414917052,66,3833,2663,21,0.41455263557648486,0.016927417286483715,0.7586206896551724,0.5900554187192119,0.4099445812807882
tG(GCC)P2,-1,0.5050828996569247,66,3834,2662,21,0.4144007291508431,0.016923076923076923,0.7586206896551724,0.5902093596059114,0.4097906403940887
YPR173C,-1,0.5046700982542424,66,3835,2661,21,0.41424882272520125,0.016918738784926942,0.7586206896551724,0.5903633004926109,0.4096366995073892
YCR018C,-1,0.5044162618049539,66,3836,2660,21,0.41409691629955947,0.016914402870322913,0.7586206896551724,0.5905172413793104,0.40948275862068967
YML117W,0,0.5034052556053374,66,3836,2660,21,0.41409691629955947,0.016914402870322913,0.7586206896551724,0.5905172413793104,0.40948275862068967
YIL030C,-1,0.5001095190455246,66,3837,2659,21,0.4139450098739177,0.016910069177555727,0.7586206896551724,0.5906711822660099,0.40932881773399016
YOR180C,-1,0.5000071122129379,66,3838,2658,21,0.41379310344827586,0.016905737704918034,0.7586206896551724,0.5908251231527094,0.40917487684729065
YLR427W,-1,0.49948568859372705,66,3839,2657,21,0.4136411970226341,0.016901408450704224,0.7586206896551724,0.5909790640394089,0.40902093596059114
tN(GUU)C,-1,0.49903788599737586,66,3840,2656,21,0.41348929059699224,0.016897081413210446,0.7586206896551724,0.5911330049261084,0.4088669950738916
snR37,-1,0.49788890288385457,66,3841,2655,21,0.41333738417135046,0.016892756590734578,0.7586206896551724,0.5912869458128078,0.4087130541871921
YBR018C,-1,0.4966889770294154,66,3842,2654,21,0.41318547774570863,0.016888433981576252,0.7586206896551724,0.5914408866995073,0.4085591133004926
tV(UAC)B,-1,0.4946907747204394,66,3843,2653,21,0.41303357132006685,0.01688411358403684,0.7586206896551724,0.5915948275862069,0.4084051724137931
YIL005W,-1,0.49300664017100887,66,3844,2652,21,0.412881664894425,0.01687979539641944,0.7586206896551724,0.5917487684729064,0.4082512315270936
YDR464W,0,0.49228401890610507,66,3844,2652,21,0.412881664894425,0.01687979539641944,0.7586206896551724,0.5917487684729064,0.4082512315270936
YCR086W,-1,0.491844513744393,66,3845,2651,21,0.41272975846878324,0.016875479417028893,0.7586206896551724,0.5919027093596059,0.4080972906403941
YDR240C,-1,0.48918121327947583,66,3846,2650,21,0.4125778520431414,0.01687116564417178,0.7586206896551724,0.5920566502463054,0.40794334975369456
YDR310C,-1,0.4884535004564393,66,3847,2649,21,0.4124259456174996,0.0168668540761564,0.7586206896551724,0.5922105911330049,0.40778940886699505
YNL265C,-1,0.4867261664973139,66,3848,2648,21,0.4122740391918578,0.016862544711292796,0.7586206896551724,0.5923645320197044,0.40763546798029554
YDR500C,-1,0.4841070505771522,66,3849,2647,21,0.412122132766216,0.01685823754789272,0.7586206896551724,0.5925184729064039,0.4074815270935961
YDR072C,-1,0.483223860852174,66,3850,2646,21,0.41197022634057423,0.016853932584269662,0.7586206896551724,0.5926724137931034,0.4073275862068966
YHR200W,-1,0.48295980139498806,66,3851,2645,21,0.4118183199149324,0.01684962981873883,0.7586206896551724,0.5928263546798029,0.40717364532019706
tR(ACG)K,-1,0.48156469546643593,66,3852,2644,21,0.4116664134892906,0.016845329249617153,0.7586206896551724,0.5929802955665024,0.40701970443349755
YPL170W,-1,0.48062586420610165,66,3853,2643,21,0.4115145070636488,0.016841030875223272,0.7586206896551724,0.593134236453202,0.40686576354679804
YPR052C,-1,0.48026962056635153,66,3854,2642,21,0.411362600638007,0.01683673469387755,0.7586206896551724,0.5932881773399015,0.40671182266009853
YFL054C,-1,0.4790515853688244,66,3855,2641,21,0.41121069421236517,0.016832440703902066,0.7586206896551724,0.593442118226601,0.406557881773399
YJL130C,-1,0.47883275526698005,66,3856,2640,21,0.4110587877867234,0.016828148903620603,0.7586206896551724,0.5935960591133005,0.4064039408866995
snR8,-1,0.47873676605812665,66,3857,2639,21,0.41090688136108156,0.016823859291358653,0.7586206896551724,0.59375,0.40625
YKL053C-A,-1,0.4774457601200541,66,3858,2638,21,0.4107549749354398,0.016819571865443424,0.7586206896551724,0.5939039408866995,0.4060960591133005
YAL051W,-1,0.47728778563479096,66,3859,2637,21,0.41060306850979794,0.016815286624203823,0.7586206896551724,0.594057881773399,0.405942118226601
YDR386W,-1,0.4761333131759786,66,3860,2636,21,0.41045116208415616,0.016811003565970453,0.7586206896551724,0.5942118226600985,0.40578817733990147
YNR049C,-1,0.4759608880426223,66,3861,2635,21,0.41029925565851433,0.01680672268907563,0.7586206896551724,0.594365763546798,0.40563423645320196
YDR007W,-1,0.4748286495152604,66,3862,2634,21,0.41014734923287255,0.01680244399185336,0.7586206896551724,0.5945197044334976,0.40548029556650245
YLR106C,-1,0.47372887905124644,66,3863,2633,21,0.40999544280723077,0.016798167472639347,0.7586206896551724,0.5946736453201971,0.40532635467980294
YMR020W,-1,0.47359778493620075,66,3864,2632,21,0.40984353638158894,0.016793893129770993,0.7586206896551724,0.5948275862068966,0.4051724137931034
YLL042C,-1,0.47176116137049134,66,3865,2631,21,0.40969162995594716,0.01678962096158738,0.7586206896551724,0.5949815270935961,0.4050184729064039
YOR014W,-1,0.4701679523118982,66,3866,2630,21,0.4095397235303053,0.0167853509664293,0.7586206896551724,0.5951354679802956,0.40486453201970446
YAR031W,-1,0.468613442851368,66,3867,2629,21,0.40938781710466354,0.016781083142639208,0.7586206896551724,0.5952894088669951,0.40471059113300495
YCL073C,-1,0.46636844608453365,66,3868,2628,21,0.4092359106790217,0.01677681748856126,0.7586206896551724,0.5954433497536946,0.40455665024630544
YAL009W,-1,0.4652668461391039,66,3869,2627,21,0.40908400425337993,0.016772554002541296,0.7586206896551724,0.5955972906403941,0.4044027093596059
YGL122C,-1,0.46456816846877164,66,3870,2626,21,0.4089320978277381,0.01676829268292683,0.7586206896551724,0.5957512315270936,0.4042487684729064
YMR306W,-1,0.4643798184258926,66,3871,2625,21,0.4087801914020963,0.016764033528067056,0.7586206896551724,0.5959051724137931,0.4040948275862069
YPR075C,-1,0.4634372562546346,66,3872,2624,21,0.4086282849764545,0.01675977653631285,0.7586206896551724,0.5960591133004927,0.4039408866995074
YNL229C,-1,0.4616738530895564,66,3873,2623,21,0.4084763785508127,0.016755521706016754,0.7586206896551724,0.5962130541871922,0.4037869458128079
YNL253W,-1,0.46111964143374984,66,3874,2622,21,0.40832447212517087,0.016751269035532996,0.7586206896551724,0.5963669950738916,0.4036330049261084
YJL114W,-1,0.4609660945652644,66,3875,2621,21,0.4081725656995291,0.016747018523217458,0.7586206896551724,0.5965209359605911,0.40347906403940886
YDR323C,-1,0.45933971350359704,66,3876,2620,21,0.4080206592738873,0.0167427701674277,0.7586206896551724,0.5966748768472906,0.40332512315270935
YML095C,-1,0.4589005664150059,66,3877,2619,21,0.4078687528482455,0.016738523966522954,0.7586206896551724,0.5968288177339901,0.40317118226600984
snR38,-1,0.45821907091913183,66,3878,2618,21,0.4077168464226037,0.016734279918864097,0.7586206896551724,0.5969827586206896,0.40301724137931033
YKR001C,-1,0.45655689364203433,66,3879,2617,21,0.40756493999696186,0.016730038022813688,0.7586206896551724,0.5971366995073891,0.4028633004926108
YBR264C,-1,0.4563087561447579,66,3880,2616,21,0.4074130335713201,0.016725798276735936,0.7586206896551724,0.5972906403940886,0.4027093596059113
snR73,-1,0.45313199806458293,66,3881,2615,21,0.40726112714567825,0.016721560678996706,0.7586206896551724,0.5974445812807881,0.4025554187192118
YHR183W,-1,0.45217750509135624,66,3882,2614,21,0.40710922072003647,0.016717325227963525,0.7586206896551724,0.5975985221674877,0.4024014778325123
snR71,-1,0.451550170396887,66,3883,2613,21,0.40695731429439463,0.016713091922005572,0.7586206896551724,0.5977524630541872,0.40224753694581283
YOR245C,-1,0.45152726041526786,66,3884,2612,21,0.40680540786875286,0.016708860759493672,0.7586206896551724,0.5979064039408867,0.4020935960591133
YCL067C,-1,0.4492136364722707,66,3885,2611,21,0.406653501443111,0.016704631738800303,0.7586206896551724,0.5980603448275862,0.4019396551724138
YLR381W,-1,0.4487216449542637,66,3886,2610,21,0.40650159501746924,0.016700404858299597,0.7586206896551724,0.5982142857142857,0.4017857142857143
YDL207W,-1,0.4477659842507303,66,3887,2609,21,0.4063496885918274,0.016696180116367317,0.7586206896551724,0.5983682266009852,0.4016317733990148
YOL011W,-1,0.44680304363584233,66,3888,2608,21,0.40619778216618563,0.01669195751138088,0.7586206896551724,0.5985221674876847,0.4014778325123153
YLR373C,-1,0.4464477799960778,66,3889,2607,21,0.40604587574054385,0.01668773704171934,0.7586206896551724,0.5986761083743842,0.40132389162561577
YML085C,-1,0.44534242409105645,66,3890,2606,21,0.405893969314902,0.016683518705763397,0.7586206896551724,0.5988300492610837,0.40116995073891626
YDL159W,-1,0.4452994531191454,66,3891,2605,21,0.40574206288926024,0.016679302501895376,0.7586206896551724,0.5989839901477833,0.40101600985221675
snR69,-1,0.44296750418425507,66,3892,2604,21,0.4055901564636184,0.01667508842849924,0.7586206896551724,0.5991379310344828,0.40086206896551724
YCR077C,-1,0.4405172548308535,66,3893,2603,21,0.4054382500379766,0.016670876483960595,0.7586206896551724,0.5992918719211823,0.4007081280788177
YNL046W,-1,0.43979099070416156,66,3894,2602,21,0.4052863436123348,0.016666666666666666,0.7586206896551724,0.5994458128078818,0.4005541871921182
YGR007W,-1,0.4383985204539156,66,3895,2601,21,0.405134437186693,0.01666245897500631,0.7586206896551724,0.5995997536945813,0.4004002463054187
YCR028C,-1,0.43423782436813557,66,3896,2600,21,0.4049825307610512,0.016658253407370014,0.7586206896551724,0.5997536945812808,0.4002463054187192
YLR013W,-1,0.43398435127661833,66,3897,2599,21,0.4048306243354094,0.016654049962149888,0.7586206896551724,0.5999076354679803,0.4000923645320197
YCR017C,-1,0.4332109950830189,66,3898,2598,21,0.40467871790976756,0.016649848637739658,0.7586206896551724,0.6000615763546798,0.3999384236453202
YPR135W,-1,0.433198529474116,66,3899,2597,21,0.4045268114841258,0.01664564943253468,0.7586206896551724,0.6002155172413793,0.39978448275862066
tL(GAG)G,-1,0.43256961895596524,66,3900,2596,21,0.40437490505848395,0.01664145234493192,0.7586206896551724,0.6003694581280788,0.3996305418719212
YBR200W,-1,0.43123317401017774,66,3901,2595,21,0.40422299863284217,0.016637257373329974,0.7586206896551724,0.6005233990147784,0.3994766009852217
YKR035W-A,-1,0.4300117723600985,66,3902,2594,21,0.4040710922072004,0.01663306451612903,0.7586206896551724,0.6006773399014779,0.3993226600985222
YMR017W,-1,0.4275285216402027,66,3903,2593,21,0.40391918578155855,0.016628873771730914,0.7586206896551724,0.6008312807881774,0.3991687192118227
YMR062C,0,0.4267247097834296,66,3903,2593,21,0.40391918578155855,0.016628873771730914,0.7586206896551724,0.6008312807881774,0.3991687192118227
YML034W,-1,0.42350126916921754,66,3904,2592,21,0.4037672793559168,0.01662468513853904,0.7586206896551724,0.6009852216748769,0.39901477832512317
YNL052W,-1,0.4217190168211495,66,3905,2591,21,0.40361537293027494,0.01662049861495845,0.7586206896551724,0.6011391625615764,0.39886083743842365
YJR090C,-1,0.4204140388977388,66,3906,2590,21,0.40346346650463316,0.01661631419939577,0.7586206896551724,0.6012931034482759,0.39870689655172414
YMR094W,-1,0.41460978966756173,66,3907,2589,21,0.4033115600789913,0.01661213189025925,0.7586206896551724,0.6014470443349754,0.39855295566502463
snR189,-1,0.41083202274969616,66,3908,2588,21,0.40315965365334955,0.01660795168595873,0.7586206896551724,0.6016009852216748,0.3983990147783251
YJL062W,-1,0.41074134517303235,66,3909,2587,21,0.4030077472277077,0.01660377358490566,0.7586206896551724,0.6017549261083743,0.3982450738916256
YPR029C,-1,0.4092082677298599,66,3910,2586,21,0.40285584080206593,0.01659959758551308,0.7586206896551724,0.6019088669950738,0.3980911330049261
YER078C,-1,0.40882461315766433,66,3911,2585,21,0.4027039343764241,0.016595423686195626,0.7586206896551724,0.6020628078817734,0.3979371921182266
YNL173C,-1,0.40449071363010286,66,3912,2584,21,0.4025520279507823,0.016591251885369532,0.7586206896551724,0.6022167487684729,0.3977832512315271
YDR207C,-1,0.4025643537227334,66,3913,2583,21,0.4024001215251405,0.016587082181452627,0.7586206896551724,0.6023706896551724,0.39762931034482757
YIL048W,-1,0.4013876520830799,66,3914,2582,21,0.4022482150994987,0.016582914572864323,0.7586206896551724,0.6025246305418719,0.39747536945812806
YER026C,-1,0.4012203376647571,66,3915,2581,21,0.40209630867385693,0.016578749058025623,0.7586206896551724,0.6026785714285714,0.39732142857142855
YMR186W,-1,0.4005541499286307,66,3916,2580,21,0.4019444022482151,0.016574585635359115,0.7586206896551724,0.6028325123152709,0.39716748768472904
YKL086W,-1,0.3989646403940149,66,3917,2579,21,0.4017924958225733,0.016570424303288978,0.7586206896551724,0.6029864532019704,0.3970135467980296
YHL040C,-1,0.39863674595607207,66,3918,2578,21,0.4016405893969315,0.016566265060240965,0.7586206896551724,0.6031403940886699,0.39685960591133007
YLR467W,-1,0.39828350408947677,66,3919,2577,21,0.4014886829712897,0.01656210790464241,0.7586206896551724,0.6032943349753694,0.39670566502463056
YDR263C,-1,0.396634109841148,66,3920,2576,21,0.40133677654564787,0.01655795283492223,0.7586206896551724,0.603448275862069,0.39655172413793105
YHR012W,-1,0.396243616795933,66,3921,2575,21,0.4011848701200061,0.01655379984951091,0.7586206896551724,0.6036022167487685,0.39639778325123154
tR(UCU)J2,-1,0.3961359164668445,66,3922,2574,21,0.40103296369436425,0.016549648946840523,0.7586206896551724,0.603756157635468,0.39624384236453203
YPR028W,-1,0.39459611909996306,66,3923,2573,21,0.4008810572687225,0.016545500125344698,0.7586206896551724,0.6039100985221675,0.3960899014778325
YMR045C,-1,0.3941861708809022,66,3924,2572,21,0.40072915084308064,0.016541353383458645,0.7586206896551724,0.604064039408867,0.395935960591133
tQ(UUG)D3,-1,0.39332099020738304,66,3925,2571,21,0.40057724441743886,0.016537208719619143,0.7586206896551724,0.6042179802955665,0.3957820197044335
YML116W,-1,0.3932593365398412,66,3926,2570,21,0.400425337991797,0.016533066132264528,0.7586206896551724,0.604371921182266,0.395628078817734
YFR048W,-1,0.3929808206008095,66,3927,2569,21,0.40027343156615525,0.01652892561983471,0.7586206896551724,0.6045258620689655,0.3954741379310345
YDL054C,-1,0.3922777407110277,66,3928,2568,21,0.40012152514051347,0.016524787180771158,0.7586206896551724,0.604679802955665,0.39532019704433496
YBR237W,-1,0.39178380678308466,66,3929,2567,21,0.39996961871487163,0.016520650813516898,0.7586206896551724,0.6048337438423645,0.39516625615763545
YGR060W,-1,0.3913463517862944,66,3930,2566,21,0.39981771228922985,0.016516516516516516,0.7586206896551724,0.6049876847290641,0.39501231527093594
YKL203C,-1,0.38784322542796673,66,3931,2565,21,0.399665805863588,0.01651238428821616,0.7586206896551724,0.6051416256157636,0.39485837438423643
YGR292W,-1,0.3872807157609891,66,3932,2564,21,0.39951389943794624,0.016508254127063533,0.7586206896551724,0.6052955665024631,0.3947044334975369
YMR201C,-1,0.38396132200544,66,3933,2563,21,0.3993619930123044,0.016504126031507877,0.7586206896551724,0.6054495073891626,0.3945504926108374
YNL233W,-1,0.3829538423067622,66,3934,2562,21,0.3992100865866626,0.0165,0.7586206896551724,0.6056034482758621,0.39439655172413796
YPR049C,-1,0.3825527866208326,66,3935,2561,21,0.3990581801610208,0.016495876030992253,0.7586206896551724,0.6057573891625616,0.39424261083743845
tE(UUC)B,-1,0.3811222176396166,66,3936,2560,21,0.398906273735379,0.01649175412293853,0.7586206896551724,0.6059113300492611,0.39408866995073893
YML052W,-1,0.3809826667766849,66,3937,2559,21,0.3987543673097372,0.01648763427429428,0.7586206896551724,0.6060652709359606,0.3939347290640394
YIL154C,-1,0.3808827428541934,66,3938,2558,21,0.3986024608840954,0.016483516483516484,0.7586206896551724,0.6062192118226601,0.3937807881773399
YIL168W,-1,0.37970800430798135,66,3939,2557,21,0.39845055445845357,0.01647940074906367,0.7586206896551724,0.6063731527093597,0.3936268472906404
YNL029C,-1,0.3787585008268504,66,3940,2556,21,0.3982986480328118,0.016475287069395907,0.7586206896551724,0.6065270935960592,0.3934729064039409
YDR359C,-1,0.3765577749887939,66,3941,2555,21,0.39814674160717,0.016471175442974793,0.7586206896551724,0.6066810344827587,0.3933189655172414
YDR243C,-1,0.3759615454882561,66,3942,2554,21,0.3979948351815282,0.016467065868263474,0.7586206896551724,0.6068349753694581,0.39316502463054187
YMR041C,-1,0.3753860048495846,66,3943,2553,21,0.3978429287558864,0.016462958343726616,0.7586206896551724,0.6069889162561576,0.39301108374384236
YKL096W-A,-1,0.37457963206529504,66,3944,2552,21,0.39769102233024456,0.016458852867830425,0.7586206896551724,0.6071428571428571,0.39285714285714285
YPL161C,-1,0.3726438859995281,66,3945,2551,21,0.3975391159046028,0.016454749439042633,0.7586206896551724,0.6072967980295566,0.39270320197044334
YDL171C,-1,0.37205587290527303,66,3946,2550,21,0.39738720947896095,0.016450648055832504,0.7586206896551724,0.6074507389162561,0.39254926108374383
YHR079C-A,-1,0.37046151513080744,66,3947,2549,21,0.39723530305331917,0.016446548716670818,0.7586206896551724,0.6076046798029556,0.3923953201970443
YLR368W,-1,0.3703824898657871,66,3948,2548,21,0.39708339662767733,0.016442451420029897,0.7586206896551724,0.6077586206896551,0.3922413793103448
YDR092W,-1,0.36981442909364076,66,3949,2547,21,0.39693149020203555,0.01643835616438356,0.7586206896551724,0.6079125615763546,0.3920874384236453
YPR068C,-1,0.369754391858251,66,3950,2546,21,0.3967795837763937,0.01643426294820717,0.7586206896551724,0.6080665024630542,0.3919334975369458
YER159C-A,-1,0.3640640041467257,66,3951,2545,21,0.39662767735075194,0.016430171769977596,0.7586206896551724,0.6082204433497537,0.39177955665024633
YFL027C,-1,0.3632804202606774,66,3952,2544,21,0.3964757709251101,0.01642608262817322,0.7586206896551724,0.6083743842364532,0.3916256157635468
YDR246W,-1,0.36310664664423725,66,3953,2543,21,0.3963238644994683,0.01642199552127395,0.7586206896551724,0.6085283251231527,0.3914716748768473
YEL020W-A,-1,0.3613162337683647,66,3954,2542,21,0.39617195807382655,0.016417910447761194,0.7586206896551724,0.6086822660098522,0.3913177339901478
YDL100C,-1,0.35835988784069595,66,3955,2541,21,0.3960200516481847,0.01641382740611788,0.7586206896551724,0.6088362068965517,0.3911637931034483
YMR050C,-1,0.3583461697522507,66,3956,2540,21,0.39586814522254293,0.016409746394828444,0.7586206896551724,0.6089901477832512,0.3910098522167488
YOR383C,-1,0.3575694602495984,66,3957,2539,21,0.3957162387969011,0.01640566741237882,0.7586206896551724,0.6091440886699507,0.39085591133004927
YCR097W,-1,0.35569266338366784,66,3958,2538,21,0.3955643323712593,0.016401590457256462,0.7586206896551724,0.6092980295566502,0.39070197044334976
tA(AGC)M2,-1,0.35499752997281075,66,3959,2537,21,0.3954124259456175,0.01639751552795031,0.7586206896551724,0.6094519704433498,0.39054802955665024
snR39B,-1,0.35491428040865824,66,3960,2536,21,0.3952605195199757,0.01639344262295082,0.7586206896551724,0.6096059113300493,0.39039408866995073
YOR356W,-1,0.354004981902095,66,3961,2535,21,0.39510861309433387,0.016389371740749937,0.7586206896551724,0.6097598522167488,0.3902401477832512
YPL181W,-1,0.353929794660838,66,3962,2534,21,0.3949567066686921,0.01638530287984111,0.7586206896551724,0.6099137931034483,0.3900862068965517
YIL073C,-1,0.35353359554919395,66,3963,2533,21,0.39480480024305026,0.016381236038719285,0.7586206896551724,0.6100677339901478,0.3899322660098522
YBR024W,-1,0.35345999344907686,66,3964,2532,21,0.3946528938174085,0.016377171215880892,0.7586206896551724,0.6102216748768473,0.3897783251231527
YGR109W-B,-1,0.3532569024848462,66,3965,2531,21,0.39450098739176664,0.016373108409823867,0.7586206896551724,0.6103756157635468,0.3896243842364532
YHR072W-A,-1,0.35073857107617995,66,3966,2530,21,0.39434908096612487,0.01636904761904762,0.7586206896551724,0.6105295566502463,0.38947044334975367
tQ(UUG)C,-1,0.3506912929647062,66,3967,2529,21,0.3941971745404831,0.016364988842053063,0.7586206896551724,0.6106834975369458,0.3893165024630542
YMR022W,-1,0.3460952346900405,66,3968,2528,21,0.39404526811484125,0.01636093207734259,0.7586206896551724,0.6108374384236454,0.3891625615763547
YHR005C-A,-1,0.345681464885158,66,3969,2527,21,0.3938933616891995,0.016356877323420074,0.7586206896551724,0.6109913793103449,0.3890086206896552
YML126C,-1,0.34328616646968657,66,3970,2526,21,0.39374145526355764,0.01635282457879088,0.7586206896551724,0.6111453201970444,0.3888546798029557
YOR348C,-1,0.33919494357159524,66,3971,2525,21,0.39358954883791586,0.01634877384196185,0.7586206896551724,0.6112992610837439,0.38870073891625617
YGL175C,-1,0.3386203419681439,66,3972,2524,21,0.393437642412274,0.01634472511144131,0.7586206896551724,0.6114532019704434,0.38854679802955666
YPR105C,-1,0.33831978589862216,66,3973,2523,21,0.39328573598663225,0.016340678385739046,0.7586206896551724,0.6116071428571429,0.38839285714285715
YKL020C,-1,0.3380473904868461,66,3974,2522,21,0.3931338295609904,0.016336633663366337,0.7586206896551724,0.6117610837438424,0.38823891625615764
snR57,-1,0.3367717311659822,66,3975,2521,21,0.39298192313534863,0.016332590942835932,0.7586206896551724,0.6119150246305419,0.38808497536945813
YDR146C,-1,0.33670273287232366,66,3976,2520,21,0.3928300167097068,0.01632855022266205,0.7586206896551724,0.6120689655172413,0.3879310344827586
snR39,-1,0.33643434399681726,66,3977,2519,21,0.392678110284065,0.016324511501360377,0.7586206896551724,0.6122229064039408,0.3877770935960591
YCL039W,-1,0.3309479192649343,66,3978,2518,21,0.3925262038584232,0.016320474777448073,0.7586206896551724,0.6123768472906403,0.3876231527093596
YOR197W,-1,0.3305841316213851,66,3979,2517,21,0.3923742974327814,0.016316440049443756,0.7586206896551724,0.6125307881773399,0.3874692118226601
YOL147C,-1,0.3303411035903726,66,3980,2516,21,0.3922223910071396,0.016312407315867524,0.7586206896551724,0.6126847290640394,0.3873152709359606
YMR175W,-1,0.3296421832790367,66,3981,2515,21,0.3920704845814978,0.01630837657524092,0.7586206896551724,0.6128386699507389,0.38716133004926107
YBR198C,-1,0.32936970415533834,66,3982,2514,21,0.391918578155856,0.016304347826086956,0.7586206896551724,0.6129926108374384,0.38700738916256155
YCR010C,-1,0.32647816415908,66,3983,2513,21,0.3917666717302142,0.016300321066930107,0.7586206896551724,0.6131465517241379,0.38685344827586204
tA(AGC)K2,-1,0.3216512771372764,66,3984,2512,21,0.3916147653045724,0.016296296296296295,0.7586206896551724,0.6133004926108374,0.3866995073891626
YAL063C,-1,0.31709969084386996,66,3985,2511,21,0.39146285887893056,0.01629227351271291,0.7586206896551724,0.6134544334975369,0.3865455665024631
YER133W,-1,0.31631446032411187,66,3986,2510,21,0.3913109524532888,0.016288252714708785,0.7586206896551724,0.6136083743842364,0.38639162561576357
YDR484W,-1,0.31371478069050834,66,3987,2509,21,0.39115904602764695,0.01628423390081421,0.7586206896551724,0.6137623152709359,0.38623768472906406
YGR004W,-1,0.31151063504363663,66,3988,2508,21,0.39100713960200517,0.016280217069560926,0.7586206896551724,0.6139162561576355,0.38608374384236455
YPL125W,-1,0.3085788698517436,66,3989,2507,21,0.39085523317636334,0.01627620221948212,0.7586206896551724,0.614070197044335,0.38592980295566504
YBR012W-A,-1,0.3083194540697736,66,3990,2506,21,0.39070332675072156,0.016272189349112426,0.7586206896551724,0.6142241379310345,0.3857758620689655
YMR231W,-1,0.3079868609028554,66,3991,2505,21,0.3905514203250797,0.01626817845698792,0.7586206896551724,0.614378078817734,0.385621921182266
YGL229C,-1,0.30725249888226014,66,3992,2504,21,0.39039951389943794,0.016264169541646133,0.7586206896551724,0.6145320197044335,0.3854679802955665
YDR150W,-1,0.3043269002318313,66,3993,2503,21,0.39024760747379617,0.016260162601626018,0.7586206896551724,0.614685960591133,0.385314039408867
YER155C,-1,0.30423156660575545,66,3994,2502,21,0.39009570104815433,0.01625615763546798,0.7586206896551724,0.6148399014778325,0.3851600985221675
YLR429W,-1,0.3020857014481015,66,3995,2501,21,0.38994379462251255,0.016252154641713864,0.7586206896551724,0.614993842364532,0.38500615763546797
tA(AGC)P,-1,0.3009943864244537,66,3996,2500,21,0.3897918881968707,0.01624815361890694,0.7586206896551724,0.6151477832512315,0.38485221674876846
YMR166C,-1,0.30088074110705265,66,3997,2499,21,0.38963998177122894,0.016244154565591928,0.7586206896551724,0.615301724137931,0.38469827586206895
tT(CGU)K,-1,0.2987703591750458,66,3998,2498,21,0.3894880753455871,0.01624015748031496,0.7586206896551724,0.6154556650246306,0.38454433497536944
YMR266W,-1,0.29814277777870307,66,3999,2497,21,0.3893361689199453,0.016236162361623615,0.7586206896551724,0.6156096059113301,0.38439039408866993
tR(UCU)M2,-1,0.29526777325114256,66,4000,2496,21,0.3891842624943035,0.016232169208066895,0.7586206896551724,0.6157635467980296,0.3842364532019704
YAL054C,-1,0.291966641958596,66,4001,2495,21,0.3890323560686617,0.01622817801819523,0.7586206896551724,0.6159174876847291,0.38408251231527096
YHR006W,-1,0.2910529899724758,66,4002,2494,21,0.3888804496430199,0.016224188790560472,0.7586206896551724,0.6160714285714286,0.38392857142857145
YJL089W,-1,0.28930169378998705,66,4003,2493,21,0.3887285432173781,0.0162202015237159,0.7586206896551724,0.6162253694581281,0.38377463054187194
YDL097C,-1,0.2877180489032036,66,4004,2492,21,0.38857663679173626,0.016216216216216217,0.7586206896551724,0.6163793103448276,0.38362068965517243
YDR523C,-1,0.28770943938845206,66,4005,2491,21,0.3884247303660945,0.016212232866617538,0.7586206896551724,0.6165332512315271,0.3834667487684729
YGR230W,-1,0.2824982450461237,66,4006,2490,21,0.3882728239404527,0.016208251473477406,0.7586206896551724,0.6166871921182266,0.3833128078817734
YGL141W,-1,0.2788034385274865,66,4007,2489,21,0.38812091751481087,0.016204272035354777,0.7586206896551724,0.6168411330049262,0.3831588669950739
YDR236C,-1,0.27735618008006346,66,4008,2488,21,0.3879690110891691,0.016200294550810016,0.7586206896551724,0.6169950738916257,0.3830049261083744
YGL180W,-1,0.27511041257920715,66,4009,2487,21,0.38781710466352726,0.016196319018404907,0.7586206896551724,0.6171490147783252,0.3828509852216749
YLR452C,-1,0.2726597435311206,66,4010,2486,21,0.3876651982378855,0.01619234543670265,0.7586206896551724,0.6173029556650246,0.38269704433497537
YCR063W,-1,0.27252971144968674,66,4011,2485,21,0.38751329181224364,0.016188373804267846,0.7586206896551724,0.6174568965517241,0.38254310344827586
YDR192C,-1,0.27245490122453153,66,4012,2484,21,0.38736138538660186,0.016184404119666502,0.7586206896551724,0.6176108374384236,0.38238916256157635
YGL205W,-1,0.27211960086638615,66,4013,2483,21,0.38720947896096003,0.016180436381466046,0.7586206896551724,0.6177647783251231,0.38223522167487683
YGR172C,-1,0.2704817963173452,66,4014,2482,21,0.38705757253531825,0.016176470588235296,0.7586206896551724,0.6179187192118226,0.3820812807881773
YIL009C-A,-1,0.2683808212082027,66,4015,2481,21,0.3869056661096764,0.016172506738544475,0.7586206896551724,0.6180726600985221,0.3819273399014778
YBL088C,-1,0.2678922934148399,66,4016,2480,21,0.38675375968403464,0.016168544830965213,0.7586206896551724,0.6182266009852216,0.3817733990147783
YPR201W,-1,0.26471943924966873,66,4017,2479,21,0.3866018532583928,0.016164584864070537,0.7586206896551724,0.6183805418719212,0.3816194581280788
YLL050C,-1,0.264223197801143,66,4018,2478,21,0.386449946832751,0.016160626836434867,0.7586206896551724,0.6185344827586207,0.38146551724137934
YOR149C,-1,0.2634204602398996,66,4019,2477,21,0.38629804040710924,0.016156670746634027,0.7586206896551724,0.6186884236453202,0.3813115763546798
YGL166W,-1,0.26308397818221163,66,4020,2476,21,0.3861461339814674,0.016152716593245228,0.7586206896551724,0.6188423645320197,0.3811576354679803
snR48,-1,0.2627367038947673,66,4021,2475,21,0.38599422755582563,0.016148764374847076,0.7586206896551724,0.6189963054187192,0.3810036945812808
YPL167C,-1,0.2601583573013222,66,4022,2474,21,0.3858423211301838,0.01614481409001957,0.7586206896551724,0.6191502463054187,0.3808497536945813
snR47,-1,0.25974050147169575,66,4023,2473,21,0.385690414704542,0.016140865737344093,0.7586206896551724,0.6193041871921182,0.3806958128078818
snR44,-1,0.25916473093861464,66,4024,2472,21,0.3855385082789002,0.01613691931540342,0.7586206896551724,0.6194581280788177,0.3805418719211823
YGR217W,-1,0.25881939722158703,66,4025,2471,21,0.3853866018532584,0.016132974822781716,0.7586206896551724,0.6196120689655172,0.38038793103448276
YNL263C,-1,0.2583580009269611,66,4026,2470,21,0.38523469542761657,0.016129032258064516,0.7586206896551724,0.6197660098522167,0.38023399014778325
YBR218C,-1,0.2576617107719247,66,4027,2469,21,0.3850827890019748,0.016125091619838747,0.7586206896551724,0.6199199507389163,0.38008004926108374
YFR009W,-1,0.25757051506849554,66,4028,2468,21,0.38493088257633296,0.01612115290669272,0.7586206896551724,0.6200738916256158,0.37992610837438423
YIL112W,-1,0.2574269302809552,66,4029,2467,21,0.3847789761506912,0.01611721611721612,0.7586206896551724,0.6202278325123153,0.3797721674876847
YCL074W,-1,0.2550578047522671,66,4030,2466,21,0.38462706972504934,0.01611328125,0.7586206896551724,0.6203817733990148,0.3796182266009852
YDR393W,-1,0.25133185619553455,66,4031,2465,21,0.38447516329940756,0.016109348303636806,0.7586206896551724,0.6205357142857143,0.3794642857142857
YNL097C,-1,0.24464035841239842,66,4032,2464,21,0.3843232568737658,0.016105417276720352,0.7586206896551724,0.6206896551724138,0.3793103448275862
YOR377W,-1,0.24256651959682343,66,4033,2463,21,0.38417135044812395,0.016101488167845818,0.7586206896551724,0.6208435960591133,0.3791564039408867
tA(AGC)M1,-1,0.24100504628116895,66,4034,2462,21,0.38401944402248217,0.016097560975609757,0.7586206896551724,0.6209975369458128,0.37900246305418717
YOR071C,-1,0.23973691994648863,66,4035,2461,21,0.38386753759684034,0.016093635698610095,0.7586206896551724,0.6211514778325123,0.3788485221674877
YLL043W,-1,0.23837157164614445,66,4036,2460,21,0.38371563117119856,0.016089712335446125,0.7586206896551724,0.6213054187192119,0.3786945812807882
YNL281W,-1,0.23372360312982682,66,4037,2459,21,0.3835637247455567,0.0160857908847185,0.7586206896551724,0.6214593596059114,0.3785406403940887
YOR353C,-1,0.23260215097546574,66,4038,2458,21,0.38341181831991494,0.01608187134502924,0.7586206896551724,0.6216133004926109,0.3783866995073892
tR(ACG)J,-1,0.23205162719038436,66,4039,2457,21,0.3832599118942731,0.01607795371498173,0.7586206896551724,0.6217672413793104,0.37823275862068967
YOL165C,-1,0.2296779281930543,66,4040,2456,21,0.38310800546863133,0.01607403799318071,0.7586206896551724,0.6219211822660099,0.37807881773399016
YPR129W,-1,0.22906735556888008,66,4041,2455,21,0.3829560990429895,0.016070124178232285,0.7586206896551724,0.6220751231527094,0.37792487684729065
YHR142W,-1,0.2284411999873343,66,4042,2454,21,0.3828041926173477,0.016066212268743916,0.7586206896551724,0.6222290640394089,0.37777093596059114
YJR160C,-1,0.22767866553042915,66,4043,2453,21,0.3826522861917059,0.01606230226332441,0.7586206896551724,0.6223830049261084,0.3776169950738916
YLL033W,-1,0.22714452572710006,66,4044,2452,21,0.3825003797660641,0.016058394160583942,0.7586206896551724,0.6225369458128078,0.3774630541871921
YMR012W,-1,0.2240632731668162,66,4045,2451,21,0.3823484733404223,0.016054487959134032,0.7586206896551724,0.6226908866995073,0.3773091133004926
snR62,-1,0.22393238588971853,66,4046,2450,21,0.3821965669147805,0.016050583657587547,0.7586206896551724,0.6228448275862069,0.3771551724137931
YPL219W,-1,0.22291131670945258,66,4047,2449,21,0.3820446604891387,0.016046681254558718,0.7586206896551724,0.6229987684729064,0.3770012315270936
YDR093W,-1,0.22153212982663645,66,4048,2448,21,0.3818927540634969,0.016042780748663103,0.7586206896551724,0.6231527093596059,0.3768472906403941
YDL077C,-1,0.22145826596142149,66,4049,2447,21,0.3817408476378551,0.01603888213851762,0.7586206896551724,0.6233066502463054,0.37669334975369456
YER162C,-1,0.22093861903448653,66,4050,2446,21,0.38158894121221326,0.016034985422740525,0.7586206896551724,0.6234605911330049,0.37653940886699505
YGR296W,-1,0.21956025068946547,66,4051,2445,21,0.3814370347865715,0.01603109059995142,0.7586206896551724,0.6236145320197044,0.37638546798029554
YNL106C,-1,0.21794088331320446,66,4052,2444,21,0.38128512836092965,0.016027197668771247,0.7586206896551724,0.6237684729064039,0.3762315270935961
YOR275C,-1,0.2178656540685429,66,4053,2443,21,0.38113322193528787,0.016023306627822288,0.7586206896551724,0.6239224137931034,0.3760775862068966
YML127W,-1,0.21360258532299384,66,4054,2442,21,0.38098131550964603,0.016019417475728156,0.7586206896551724,0.6240763546798029,0.37592364532019706
YBR173C,-1,0.21168342030345247,66,4055,2441,21,0.38082940908400426,0.016015530211113807,0.7586206896551724,0.6242302955665024,0.37576970443349755
YKL055C,-1,0.2075587925282431,66,4056,2440,21,0.3806775026583624,0.01601164483260553,0.7586206896551724,0.624384236453202,0.37561576354679804
YLR390W,-1,0.20737766040747732,66,4057,2439,21,0.38052559623272064,0.016007761338830948,0.7586206896551724,0.6245381773399015,0.37546182266009853
YPL019C,-1,0.2073619455969005,66,4058,2438,21,0.38037368980707886,0.01600387972841901,0.7586206896551724,0.624692118226601,0.375307881773399
YOR065W,-1,0.20734053932322088,66,4059,2437,21,0.38022178338143703,0.016,0.7586206896551724,0.6248460591133005,0.3751539408866995
YKL032C,-1,0.20648460037447208,66,4060,2436,21,0.38006987695579525,0.015996122152205527,0.7586206896551724,0.625,0.375
YCR009C,-1,0.2064703665997951,66,4061,2435,21,0.3799179705301534,0.015992246183668523,0.7586206896551724,0.6251539408866995,0.3748460591133005
YJL004C,-1,0.2055256894414861,66,4062,2434,21,0.37976606410451164,0.015988372093023256,0.7586206896551724,0.625307881773399,0.374692118226601
YPR149W,-1,0.20534670266261554,66,4063,2433,21,0.3796141576788698,0.015984499878905305,0.7586206896551724,0.6254618226600985,0.37453817733990147
YJL127C,-1,0.20511832417286538,66,4064,2432,21,0.379462251253228,0.015980629539951573,0.7586206896551724,0.625615763546798,0.37438423645320196
YML066C,-1,0.20486573744796563,66,4065,2431,21,0.3793103448275862,0.01597676107480029,0.7586206896551724,0.6257697044334976,0.37423029556650245
YPL092W,-1,0.20375663823276158,66,4066,2430,21,0.3791584384019444,0.015972894482090997,0.7586206896551724,0.6259236453201971,0.37407635467980294
YPL113C,-1,0.20239596215701608,66,4067,2429,21,0.3790065319763026,0.015969029760464555,0.7586206896551724,0.6260775862068966,0.3739224137931034
YDR158W,-1,0.19919140210698297,66,4068,2428,21,0.3788546255506608,0.015965166908563134,0.7586206896551724,0.6262315270935961,0.3737684729064039
YLR318W,-1,0.19867004908729616,66,4069,2427,21,0.37870271912501896,0.015961305925030228,0.7586206896551724,0.6263854679802956,0.37361453201970446
YLR206W,-1,0.19734673153491214,66,4070,2426,21,0.3785508126993772,0.015957446808510637,0.7586206896551724,0.6265394088669951,0.37346059113300495
YLR035C-A,-1,0.19731050962386282,66,4071,2425,21,0.3783989062737354,0.01595358955765047,0.7586206896551724,0.6266933497536946,0.37330665024630544
YPR189W,-1,0.1955502181923013,66,4072,2424,21,0.37824699984809357,0.015949734171097147,0.7586206896551724,0.6268472906403941,0.3731527093596059
YKL006C-A,-1,0.19496563170015344,66,4073,2423,21,0.3780950934224518,0.015945880647499397,0.7586206896551724,0.6270012315270936,0.3729987684729064
snR9,-1,0.1946950803682509,66,4074,2422,21,0.37794318699680995,0.015942028985507246,0.7586206896551724,0.6271551724137931,0.3728448275862069
YEL017C-A,-1,0.19396571772504845,66,4075,2421,21,0.3777912805711682,0.015938179183772036,0.7586206896551724,0.6273091133004927,0.3726908866995074
YKL109W,-1,0.19299031445041326,66,4076,2420,21,0.37763937414552634,0.0159343312409464,0.7586206896551724,0.6274630541871922,0.3725369458128079
YNL074C,-1,0.1924552714738727,66,4077,2419,21,0.37748746771988456,0.015930485155684286,0.7586206896551724,0.6276169950738916,0.3723830049261084
YLR081W,-1,0.1924319173198009,66,4078,2418,21,0.3773355612942427,0.015926640926640926,0.7586206896551724,0.6277709359605911,0.37222906403940886
YDR420W,-1,0.19164860155868157,66,4079,2417,21,0.37718365486860095,0.015922798552472858,0.7586206896551724,0.6279248768472906,0.37207512315270935
YFR024C-A,-1,0.19152204064916417,66,4080,2416,21,0.3770317484429591,0.015918958031837915,0.7586206896551724,0.6280788177339901,0.37192118226600984
YCR031C,-1,0.1912821680747256,66,4081,2415,21,0.37687984201731733,0.015915119363395226,0.7586206896551724,0.6282327586206896,0.37176724137931033
YOL078W,-1,0.1909709917087447,66,4082,2414,21,0.3767279355916755,0.01591128254580521,0.7586206896551724,0.6283866995073891,0.3716133004926108
tN(GUU)K,-1,0.19077990253102026,66,4083,2413,21,0.3765760291660337,0.015907447577729574,0.7586206896551724,0.6285406403940886,0.3714593596059113
YPL231W,-1,0.18897581254412832,66,4084,2412,21,0.37642412274039194,0.015903614457831325,0.7586206896551724,0.6286945812807881,0.3713054187192118
tA(AGC)D,-1,0.18773982866538666,66,4085,2411,21,0.3762722163147501,0.01589978318477475,0.7586206896551724,0.6288485221674877,0.3711514778325123
YKL025C,-1,0.18566143013349218,66,4086,2410,21,0.37612030988910833,0.015895953757225433,0.7586206896551724,0.6290024630541872,0.37099753694581283
YKR027W,-1,0.18481448245942403,66,4087,2409,21,0.3759684034634665,0.01589212617385023,0.7586206896551724,0.6291564039408867,0.3708435960591133
YDR224C,-1,0.1847922592409008,66,4088,2408,21,0.3758164970378247,0.015888300433317286,0.7586206896551724,0.6293103448275862,0.3706896551724138
YHR165C,-1,0.18431536667582563,66,4089,2407,21,0.3756645906121829,0.01588447653429603,0.7586206896551724,0.6294642857142857,0.3705357142857143
YNL041C,-1,0.18378331261777783,66,4090,2406,21,0.3755126841865411,0.01588065447545717,0.7586206896551724,0.6296182266009852,0.3703817733990148
snR76,-1,0.18343153659276829,66,4091,2405,21,0.37536077776089927,0.015876834255472698,0.7586206896551724,0.6297721674876847,0.3702278325123153
YDR409W,-1,0.18303644443370107,66,4092,2404,21,0.3752088713352575,0.015873015873015872,0.7586206896551724,0.6299261083743842,0.37007389162561577
YHR188C,-1,0.18299865351095634,66,4093,2403,21,0.37505696490961565,0.01586919932676124,0.7586206896551724,0.6300800492610837,0.36991995073891626
YBR136W,-1,0.1820402907086671,66,4094,2402,21,0.3749050584839739,0.015865384615384615,0.7586206896551724,0.6302339901477833,0.36976600985221675
YPL242C,-1,0.18133663074581363,66,4095,2401,21,0.3747531520583321,0.015861571737563085,0.7586206896551724,0.6303879310344828,0.36961206896551724
YFL002W-B,-1,0.18061428395529405,66,4096,2400,21,0.37460124563269026,0.01585776069197501,0.7586206896551724,0.6305418719211823,0.3694581280788177
YPL248C,-1,0.18022104342590067,66,4097,2399,21,0.3744493392070485,0.015853951477300024,0.7586206896551724,0.6306958128078818,0.3693041871921182
YMR264W,-1,0.17977544080926294,66,4098,2398,21,0.37429743278140665,0.01585014409221902,0.7586206896551724,0.6308497536945813,0.3691502463054187
snR3,-1,0.178478083806392,66,4099,2397,21,0.37414552635576487,0.015846338535414166,0.7586206896551724,0.6310036945812808,0.3689963054187192
snR55,-1,0.1770837061914336,66,4100,2396,21,0.37399361993012303,0.01584253480556889,0.7586206896551724,0.6311576354679803,0.3688423645320197
YHR214C-B,-1,0.17692737107333328,66,4101,2395,21,0.37384171350448125,0.01583873290136789,0.7586206896551724,0.6313115763546798,0.3686884236453202
YIL071C,-1,0.1762297893734898,66,4102,2394,21,0.3736898070788394,0.01583493282149712,0.7586206896551724,0.6314655172413793,0.36853448275862066
YDL119C,-1,0.17454477036424257,66,4103,2393,21,0.37353790065319764,0.0158311345646438,0.7586206896551724,0.6316194581280788,0.3683805418719212
YPR168W,-1,0.17362034941320345,66,4104,2392,21,0.3733859942275558,0.015827338129496403,0.7586206896551724,0.6317733990147784,0.3682266009852217
YOR129C,-1,0.1735917209679875,66,4105,2391,21,0.373234087801914,0.015823543514744666,0.7586206896551724,0.6319273399014779,0.3680726600985222
YOR124C,-1,0.17153619925366465,66,4106,2390,21,0.3730821813762722,0.015819750719079578,0.7586206896551724,0.6320812807881774,0.3679187192118227
YMR314W,-1,0.1714564081473035,66,4107,2389,21,0.3729302749506304,0.015815959741193385,0.7586206896551724,0.6322352216748769,0.36776477832512317
YML007W,-1,0.17095623985880815,66,4108,2388,21,0.37277836852498863,0.01581217057977959,0.7586206896551724,0.6323891625615764,0.36761083743842365
YIR008C,-1,0.1701387965103023,66,4109,2387,21,0.3726264620993468,0.015808383233532935,0.7586206896551724,0.6325431034482759,0.36745689655172414
tD(GUC)J1,-1,0.16987248645456227,66,4110,2386,21,0.372474555673705,0.015804597701149427,0.7586206896551724,0.6326970443349754,0.36730295566502463
YPL053C,-1,0.16888988850759004,66,4111,2385,21,0.3723226492480632,0.015800813981326312,0.7586206896551724,0.6328509852216748,0.3671490147783251
YPR121W,-1,0.16785772031253005,66,4112,2384,21,0.3721707428224214,0.015797032072762087,0.7586206896551724,0.6330049261083743,0.3669950738916256
YOR020C,-1,0.16779667466283538,66,4113,2383,21,0.3720188363967796,0.015793251974156496,0.7586206896551724,0.6331588669950738,0.3668411330049261
YDL133C-A,-1,0.16635189924338256,66,4114,2382,21,0.3718669299711378,0.015789473684210527,0.7586206896551724,0.6333128078817734,0.3666871921182266
YCR026C,-1,0.16627310611266755,66,4115,2381,21,0.37171502354549596,0.015785697201626404,0.7586206896551724,0.6334667487684729,0.3665332512315271
YKR054C,-1,0.16338334786983147,66,4116,2380,21,0.3715631171198542,0.015781922525107604,0.7586206896551724,0.6336206896551724,0.36637931034482757
YPL153C,-1,0.16336541588273581,66,4117,2379,21,0.37141121069421235,0.015778149653358834,0.7586206896551724,0.6337746305418719,0.36622536945812806
YPR042C,-1,0.16250221042937518,66,4118,2378,21,0.37125930426857057,0.01577437858508604,0.7586206896551724,0.6339285714285714,0.36607142857142855
YHR067W,-1,0.16226739021942396,66,4119,2377,21,0.37110739784292873,0.015770609318996417,0.7586206896551724,0.6340825123152709,0.36591748768472904
YFL017W-A,-1,0.16157471534240708,66,4120,2376,21,0.37095549141728695,0.015766841853798376,0.7586206896551724,0.6342364532019704,0.3657635467980296
YCL048W,-1,0.16090641038510015,66,4121,2375,21,0.3708035849916452,0.015763076188201577,0.7586206896551724,0.6343903940886699,0.36560960591133007
YNL244C,-1,0.16047702973577588,66,4122,2374,21,0.37065167856600334,0.015759312320916905,0.7586206896551724,0.6345443349753694,0.36545566502463056
YBL047C,-1,0.15999940316408234,66,4123,2373,21,0.37049977214036156,0.015755550250656482,0.7586206896551724,0.634698275862069,0.36530172413793105
YOL081W,-1,0.1599912324228456,66,4124,2372,21,0.3703478657147197,0.015751789976133652,0.7586206896551724,0.6348522167487685,0.36514778325123154
YBR038W,-1,0.15993337903805774,66,4125,2371,21,0.37019595928907795,0.015748031496062992,0.7586206896551724,0.635006157635468,0.36499384236453203
YDR050C,-1,0.15988853186449745,66,4126,2370,21,0.3700440528634361,0.015744274809160304,0.7586206896551724,0.6351600985221675,0.3648399014778325
YML039W,-1,0.15985667387487598,66,4127,2369,21,0.36989214643779433,0.015740519914142617,0.7586206896551724,0.635314039408867,0.364685960591133
YOR058C,-1,0.15933475730512497,66,4128,2368,21,0.3697402400121525,0.015736766809728183,0.7586206896551724,0.6354679802955665,0.3645320197044335
YGR284C,-1,0.1586467118741893,66,4129,2367,21,0.3695883335865107,0.015733015494636474,0.7586206896551724,0.635621921182266,0.364378078817734
YGL226C-A,-1,0.1585440458279002,66,4130,2366,21,0.3694364271608689,0.01572926596758818,0.7586206896551724,0.6357758620689655,0.3642241379310345
YIR032C,-1,0.158402810052823,66,4131,2365,21,0.3692845207352271,0.015725518227305217,0.7586206896551724,0.635929802955665,0.36407019704433496
YKL043W,-1,0.15838456589162273,66,4132,2364,21,0.36913261430958527,0.01572177227251072,0.7586206896551724,0.6360837438423645,0.36391625615763545
YJR066W,-1,0.15814532779945475,66,4133,2363,21,0.3689807078839435,0.01571802810192903,0.7586206896551724,0.6362376847290641,0.36376231527093594
YDR457W,-1,0.15733665670651953,66,4134,2362,21,0.3688288014583017,0.015714285714285715,0.7586206896551724,0.6363916256157636,0.36360837438423643
YKR072C,-1,0.157253461134593,66,4135,2361,21,0.3686768950326599,0.015710545108307546,0.7586206896551724,0.6365455665024631,0.3634544334975369
YIR006C,-1,0.15723708698634462,66,4136,2360,21,0.3685249886070181,0.015706806282722512,0.7586206896551724,0.6366995073891626,0.3633004926108374
YHR143W,-1,0.15688363793344012,66,4137,2359,21,0.36837308218137627,0.015703069236259814,0.7586206896551724,0.6368534482758621,0.36314655172413796
YAR002C-A,-1,0.156841009646727,66,4138,2358,21,0.3682211757557345,0.01569933396764986,0.7586206896551724,0.6370073891625616,0.36299261083743845
YGL206C,-1,0.15679932953668263,66,4139,2357,21,0.36806926933009265,0.015695600475624256,0.7586206896551724,0.6371613300492611,0.36283866995073893
YER183C,-1,0.15673928339253942,66,4140,2356,21,0.3679173629044509,0.015691868758915834,0.7586206896551724,0.6373152709359606,0.3626847290640394
YBR286W,-1,0.15654959158094994,66,4141,2355,21,0.36776545647880904,0.015688138816258617,0.7586206896551724,0.6374692118226601,0.3625307881773399
YMR256C,-1,0.15640756388258772,66,4142,2354,21,0.36761355005316726,0.01568441064638783,0.7586206896551724,0.6376231527093597,0.3623768472906404
YNL172W,-1,0.15615372954091522,66,4143,2353,21,0.3674616436275254,0.015680684248039915,0.7586206896551724,0.6377770935960592,0.3622229064039409
YMR162C,-1,0.15555074874345534,66,4144,2352,21,0.36730973720188365,0.015676959619952493,0.7586206896551724,0.6379310344827587,0.3620689655172414
YJR135W-A,-1,0.155443554791302,66,4145,2351,21,0.3671578307762418,0.015673236760864403,0.7586206896551724,0.6380849753694581,0.36191502463054187
YCL026C-A,-1,0.15533328908193458,66,4146,2350,21,0.36700592435060003,0.01566951566951567,0.7586206896551724,0.6382389162561576,0.36176108374384236
YIL126W,-1,0.15528959773609882,66,4147,2349,21,0.36685401792495825,0.015665796344647518,0.7586206896551724,0.6383928571428571,0.36160714285714285
YJL205C,0,0.1552894846391179,66,4147,2349,21,0.36685401792495825,0.015665796344647518,0.7586206896551724,0.6383928571428571,0.36160714285714285
YDL138W,-1,0.15527524854183278,66,4148,2348,21,0.3667021114993164,0.01566207878500237,0.7586206896551724,0.6385467980295566,0.36145320197044334
YPL147W,-1,0.15521581443321808,66,4149,2347,21,0.36655020507367464,0.015658362989323844,0.7586206896551724,0.6387007389162561,0.36129926108374383
YLR256W,-1,0.15520720805182858,66,4150,2346,21,0.3663982986480328,0.015654648956356737,0.7586206896551724,0.6388546798029556,0.3611453201970443
YNL302C,-1,0.15519164272387082,66,4151,2345,21,0.366246392222391,0.015650936684847048,0.7586206896551724,0.6390086206896551,0.3609913793103448
YFR019W,-1,0.15493773004384814,66,4152,2344,21,0.3660944857967492,0.015647226173541962,0.7586206896551724,0.6391625615763546,0.3608374384236453
YMR117C,-1,0.15458620649547358,66,4153,2343,21,0.3659425793711074,0.015643517421189856,0.7586206896551724,0.6393165024630542,0.3606834975369458
YFL057C,-1,0.15456326304399498,66,4154,2342,21,0.3657906729454656,0.015639810426540283,0.7586206896551724,0.6394704433497537,0.36052955665024633
YCR033W,-1,0.1544343150625248,66,4155,2341,21,0.3656387665198238,0.015636105188343994,0.7586206896551724,0.6396243842364532,0.3603756157635468
YDL035C,-1,0.1543213522593425,66,4156,2340,21,0.36548686009418196,0.015632401705352912,0.7586206896551724,0.6397783251231527,0.3602216748768473
YLR131C,-1,0.15419172049163632,66,4157,2339,21,0.3653349536685402,0.015628699976320153,0.7586206896551724,0.6399322660098522,0.3600677339901478
YAL021C,-1,0.15416757053216612,66,4158,2338,21,0.36518304724289835,0.015625,0.7586206896551724,0.6400862068965517,0.3599137931034483
YFL010W-A,-1,0.15415266530336447,66,4159,2337,21,0.36503114081725657,0.015621301775147929,0.7586206896551724,0.6402401477832512,0.3597598522167488
YAL001C,-1,0.15412649454513408,66,4160,2336,21,0.3648792343916148,0.015617605300520587,0.7586206896551724,0.6403940886699507,0.35960591133004927
YAL068C,-1,0.15412261118553583,66,4161,2335,21,0.36472732796597296,0.015613910574875798,0.7586206896551724,0.6405480295566502,0.35945197044334976
YPL085W,-1,0.15408336312843088,66,4162,2334,21,0.3645754215403312,0.015610217596972564,0.7586206896551724,0.6407019704433498,0.35929802955665024
YOR349W,-1,0.15408000028698393,66,4163,2333,21,0.36442351511468934,0.015606526365571057,0.7586206896551724,0.6408559113300493,0.35914408866995073
YIR019C,-1,0.15406340100517937,66,4164,2332,21,0.36427160868904757,0.015602836879432624,0.7586206896551724,0.6410098522167488,0.3589901477832512
YGR254W,-1,0.1540633404040002,66,4165,2331,21,0.36411970226340573,0.015599149137319782,0.7586206896551724,0.6411637931034483,0.3588362068965517
YDR232W,-1,0.1540611011001387,66,4166,2330,21,0.36396779583776395,0.015595463137996219,0.7586206896551724,0.6413177339901478,0.3586822660098522
YDR247W,-1,0.15405982666245627,66,4167,2329,21,0.3638158894121221,0.01559177888022679,0.7586206896551724,0.6414716748768473,0.3585283251231527
YDR030C,-1,0.15258506084718795,66,4168,2328,21,0.36366398298648034,0.015588096362777516,0.7586206896551724,0.6416256157635468,0.3583743842364532
YGR135W,-1,0.15124015587415973,66,4169,2327,21,0.3635120765608385,0.015584415584415584,0.7586206896551724,0.6417795566502463,0.35822044334975367
YOL113W,-1,0.14956612920853699,66,4170,2326,21,0.3633601701351967,0.015580736543909348,0.7586206896551724,0.6419334975369458,0.3580665024630542
YLR115W,-1,0.14930543986881348,66,4171,2325,21,0.3632082637095549,0.015577059240028323,0.7586206896551724,0.6420874384236454,0.3579125615763547
YOR106W,-1,0.14566998572419737,66,4172,2324,21,0.3630563572839131,0.01557338367154318,0.7586206896551724,0.6422413793103449,0.3577586206896552
YLR369W,-1,0.13359130556967913,66,4173,2323,21,0.36290445085827133,0.01556970983722576,0.7586206896551724,0.6423953201970444,0.3576046798029557
YJL165C,-1,0.13223069887967637,66,4174,2322,21,0.3627525444326295,0.015566037735849057,0.7586206896551724,0.6425492610837439,0.35745073891625617
YKL214C,-1,0.13222268186317754,66,4175,2321,21,0.3626006380069877,0.01556236736618722,0.7586206896551724,0.6427032019704434,0.35729679802955666
YNL126W,-1,0.13155460416663634,66,4176,2320,21,0.3624487315813459,0.015558698727015558,0.7586206896551724,0.6428571428571429,0.35714285714285715
YGR036C,-1,0.13089939960411318,66,4177,2319,21,0.3622968251557041,0.015555031817110534,0.7586206896551724,0.6430110837438424,0.35698891625615764
YBL089W,-1,0.12519648211305223,66,4178,2318,21,0.36214491873006227,0.015551366635249765,0.7586206896551724,0.6431650246305419,0.35683497536945813
YLR457C,-1,0.12305095150579332,66,4179,2317,21,0.3619930123044205,0.015547703180212015,0.7586206896551724,0.6433189655172413,0.3566810344827586
YIL105C,-1,0.12118367952701574,66,4180,2316,21,0.36184110587877866,0.015544041450777202,0.7586206896551724,0.6434729064039408,0.3565270935960591
YOR380W,-1,0.12093365397587154,66,4181,2315,21,0.3616891994531369,0.015540381445726396,0.7586206896551724,0.6436268472906403,0.3563731527093596
YOL156W,-1,0.1197569223097239,66,4182,2314,21,0.36153729302749504,0.015536723163841809,0.7586206896551724,0.6437807881773399,0.3562192118226601
YGR121C,-1,0.11874635757785501,66,4183,2313,21,0.36138538660185326,0.015533066603906801,0.7586206896551724,0.6439347290640394,0.3560652709359606
YOR123C,-1,0.11745444095508696,66,4184,2312,21,0.36123348017621143,0.015529411764705882,0.7586206896551724,0.6440886699507389,0.35591133004926107
YIL007C,0,0.11554791029161865,66,4184,2312,21,0.36123348017621143,0.015529411764705882,0.7586206896551724,0.6440886699507389,0.35591133004926107
YKL117W,-1,0.1142516599798367,66,4185,2311,21,0.36108157375056965,0.015525758645024701,0.7586206896551724,0.6442426108374384,0.35575738916256155
YIL043C,-1,0.11225449693869888,66,4186,2310,21,0.36092966732492787,0.015522107243650047,0.7586206896551724,0.6443965517241379,0.35560344827586204
YDR487C,-1,0.11021346665849918,66,4187,2309,21,0.36077776089928604,0.015518457559369857,0.7586206896551724,0.6445504926108374,0.3554495073891626
YBR289W,-1,0.10590973907579178,66,4188,2308,21,0.36062585447364426,0.015514809590973202,0.7586206896551724,0.6447044334975369,0.3552955665024631
YCR061W,0,0.10546454506654841,66,4188,2308,21,0.36062585447364426,0.015514809590973202,0.7586206896551724,0.6447044334975369,0.3552955665024631
YBR131W,-1,0.10529132681184272,66,4189,2307,21,0.3604739480480024,0.015511163337250293,0.7586206896551724,0.6448583743842364,0.35514162561576357
YER013W,-1,0.10457841031935844,66,4190,2306,21,0.36032204162236064,0.01550751879699248,0.7586206896551724,0.6450123152709359,0.35498768472906406
YAR050W,-1,0.09750299346950735,66,4191,2305,21,0.3601701351967188,0.015503875968992248,0.7586206896551724,0.6451662561576355,0.35483374384236455
YDL188C,-1,0.09750230576706422,66,4192,2304,21,0.36001822877107703,0.015500234852043212,0.7586206896551724,0.645320197044335,0.35467980295566504
YBR243C,-1,0.09649966195296847,66,4193,2303,21,0.3598663223454352,0.015496595444940127,0.7586206896551724,0.6454741379310345,0.3545258620689655
YCR012W,-1,0.09627638677703247,66,4194,2302,21,0.3597144159197934,0.015492957746478873,0.7586206896551724,0.645628078817734,0.354371921182266
YER063W,-1,0.09532145555943389,66,4195,2301,21,0.3595625094941516,0.015489321755456465,0.7586206896551724,0.6457820197044335,0.3542179802955665
YLR107W,-1,0.09287613092142681,66,4196,2300,21,0.3594106030685098,0.015485687470671047,0.7586206896551724,0.645935960591133,0.354064039408867
YDL067C,-1,0.09163337569893551,66,4197,2299,21,0.35925869664286797,0.015482054890921885,0.7586206896551724,0.6460899014778325,0.3539100985221675
YBR118W,-1,0.09086376081147055,66,4198,2298,21,0.3591067902172262,0.01547842401500938,0.7586206896551724,0.646243842364532,0.35375615763546797
YFL045C,-1,0.08578829831099267,66,4199,2297,21,0.3589548837915844,0.015474794841735053,0.7586206896551724,0.6463977832512315,0.35360221674876846
YER147C,-1,0.08094908567491281,66,4200,2296,21,0.3588029773659426,0.015471167369901548,0.7586206896551724,0.646551724137931,0.35344827586206895
YMR219W,-1,0.08005478407496247,66,4201,2295,21,0.3586510709403008,0.015467541598312632,0.7586206896551724,0.6467056650246306,0.35329433497536944
YIR002C,-1,0.07696913121454242,66,4202,2294,21,0.35849916451465896,0.015463917525773196,0.7586206896551724,0.6468596059113301,0.35314039408866993
YBR083W,-1,0.07443829070531675,66,4203,2293,21,0.3583472580890172,0.015460295151089248,0.7586206896551724,0.6470135467980296,0.3529864532019704
YIL132C,-1,0.07413458476097903,66,4204,2292,21,0.35819535166337535,0.015456674473067917,0.7586206896551724,0.6471674876847291,0.35283251231527096
YOR337W,-1,0.07295211735155194,66,4205,2291,21,0.35804344523773357,0.015453055490517443,0.7586206896551724,0.6473214285714286,0.35267857142857145
YOR087W,-1,0.07247303866380733,66,4206,2290,21,0.35789153881209174,0.01544943820224719,0.7586206896551724,0.6474753694581281,0.35252463054187194
YNL202W,-1,0.07039951063846042,66,4207,2289,21,0.35773963238644996,0.015445822607067634,0.7586206896551724,0.6476293103448276,0.35237068965517243
YCL019W,-1,0.06990395627794897,66,4208,2288,21,0.3575877259608081,0.01544220870379036,0.7586206896551724,0.6477832512315271,0.3522167487684729
YDL174C,-1,0.06965109931780081,66,4209,2287,21,0.35743581953516634,0.015438596491228071,0.7586206896551724,0.6479371921182266,0.3520628078817734
YBR180W,-1,0.06937304388489998,66,4210,2286,21,0.3572839131095245,0.015434985968194575,0.7586206896551724,0.6480911330049262,0.3519088669950739
YER129W,-1,0.06746648437171451,66,4211,2285,21,0.35713200668388273,0.015431377133504794,0.7586206896551724,0.6482450738916257,0.3517549261083744
YGL251C,-1,0.06652572308850395,66,4212,2284,21,0.35698010025824095,0.015427769985974754,0.7586206896551724,0.6483990147783252,0.3516009852216749
YGL115W,-1,0.06436825429631804,66,4213,2283,21,0.3568281938325991,0.015424164524421594,0.7586206896551724,0.6485529556650246,0.35144704433497537
YGL233W,-1,0.06370529389457,66,4214,2282,21,0.35667628740695734,0.01542056074766355,0.7586206896551724,0.6487068965517241,0.35129310344827586
YGR281W,-1,0.06266258801257826,66,4215,2281,21,0.3565243809813155,0.015416958654519973,0.7586206896551724,0.6488608374384236,0.35113916256157635
YFL056C,-1,0.06163674680335728,66,4216,2280,21,0.3563724745556737,0.015413358243811303,0.7586206896551724,0.6490147783251231,0.35098522167487683
YJL116C,-1,0.061127378946159945,66,4217,2279,21,0.3562205681300319,0.015409759514359094,0.7586206896551724,0.6491687192118226,0.3508312807881773
YMR112C,-1,0.05881230181518267,66,4218,2278,21,0.3560686617043901,0.015406162464985995,0.7586206896551724,0.6493226600985221,0.3506773399014778
YNL264C,-1,0.054032880544860856,66,4219,2277,21,0.3559167552787483,0.015402567094515752,0.7586206896551724,0.6494766009852216,0.3505233990147783
YGL174W,-1,0.05066656778248882,66,4220,2276,21,0.3557648488531065,0.015398973401773215,0.7586206896551724,0.6496305418719212,0.3503694581280788
YJR152W,-1,0.0494432062023407,66,4221,2275,21,0.35561294242746466,0.015395381385584325,0.7586206896551724,0.6497844827586207,0.35021551724137934
YOR163W,-1,0.04935247945411171,66,4222,2274,21,0.3554610360018229,0.015391791044776119,0.7586206896551724,0.6499384236453202,0.3500615763546798
YGR204W,-1,0.0491800266624584,66,4223,2273,21,0.35530912957618105,0.015388202378176731,0.7586206896551724,0.6500923645320197,0.3499076354679803
YML047C,-1,0.04909729931641573,66,4224,2272,21,0.35515722315053927,0.015384615384615385,0.7586206896551724,0.6502463054187192,0.3497536945812808
YBR097W,-1,0.04904177351871965,66,4225,2271,21,0.3550053167248975,0.015381030062922395,0.7586206896551724,0.6504002463054187,0.3495997536945813
YMR101C,-1,0.04896078453189,66,4226,2270,21,0.35485341029925566,0.01537744641192917,0.7586206896551724,0.6505541871921182,0.3494458128078818
YJL013C,-1,0.04878929123094978,66,4227,2269,21,0.3547015038736139,0.015373864430468204,0.7586206896551724,0.6507081280788177,0.3492918719211823
YHR090C,-1,0.04546441365469639,66,4228,2268,21,0.35454959744797204,0.015370284117373078,0.7586206896551724,0.6508620689655172,0.34913793103448276
YPR069C,-1,0.04297467082585622,66,4229,2267,21,0.35439769102233026,0.015366705471478464,0.7586206896551724,0.6510160098522167,0.34898399014778325
YHR023W,-1,0.04239119876424534,66,4230,2266,21,0.35424578459668843,0.015363128491620111,0.7586206896551724,0.6511699507389163,0.34883004926108374
YLR132C,-1,0.04158283578624454,66,4231,2265,21,0.35409387817104665,0.015359553176634861,0.7586206896551724,0.6513238916256158,0.34867610837438423
YFL016C,-1,0.0409143081916555,66,4232,2264,21,0.3539419717454048,0.015355979525360632,0.7586206896551724,0.6514778325123153,0.3485221674876847
YFL038C,-1,0.0392439904107233,66,4233,2263,21,0.35379006531976304,0.015352407536636426,0.7586206896551724,0.6516317733990148,0.3483682266009852
YER104W,-1,0.03923035628684642,66,4234,2262,21,0.3536381588941212,0.015348837209302326,0.7586206896551724,0.6517857142857143,0.3482142857142857
YCR107W,-1,0.03897792415156147,66,4235,2261,21,0.3534862524684794,0.015345268542199489,0.7586206896551724,0.6519396551724138,0.3480603448275862
YPL045W,-1,0.03789399171698008,66,4236,2260,21,0.3533343460428376,0.015341701534170154,0.7586206896551724,0.6520935960591133,0.3479064039408867
YKR086W,-1,0.037330926315143,66,4237,2259,21,0.3531824396171958,0.015338136184057634,0.7586206896551724,0.6522475369458128,0.34775246305418717
YMR198W,-1,0.03596659801835418,66,4238,2258,21,0.35303053319155403,0.01533457249070632,0.7586206896551724,0.6524014778325123,0.3475985221674877
YOR043W,-1,0.03441274033372227,66,4239,2257,21,0.3528786267659122,0.015331010452961672,0.7586206896551724,0.6525554187192119,0.3474445812807882
YDR016C,-1,0.033766301743338306,66,4240,2256,21,0.3527267203402704,0.015327450069670227,0.7586206896551724,0.6527093596059114,0.3472906403940887
YLR095C,-1,0.032314702639742406,66,4241,2255,21,0.3525748139146286,0.015323891339679591,0.7586206896551724,0.6528633004926109,0.3471366995073892
YMR207C,-1,0.03195710836624236,66,4242,2254,21,0.3524229074889868,0.01532033426183844,0.7586206896551724,0.6530172413793104,0.34698275862068967
YGL009C,-1,0.030900631029541284,66,4243,2253,21,0.35227100106334497,0.01531677883499652,0.7586206896551724,0.6531711822660099,0.34682881773399016
YMR184W,-1,0.030397831116451276,66,4244,2252,21,0.3521190946377032,0.01531322505800464,0.7586206896551724,0.6533251231527094,0.34667487684729065
YPL233W,-1,0.03007125697692854,66,4245,2251,21,0.35196718821206135,0.015309672929714684,0.7586206896551724,0.6534790640394089,0.34652093596059114
YHR039C,-1,0.02909635530665082,66,4246,2250,21,0.3518152817864196,0.015306122448979591,0.7586206896551724,0.6536330049261084,0.3463669950738916
YPR070W,-1,0.02900235278861389,66,4247,2249,21,0.35166337536077774,0.015302573614653373,0.7586206896551724,0.6537869458128078,0.3462130541871921
YMR164C,-1,0.02842698907153664,66,4248,2248,21,0.35151146893513596,0.015299026425591099,0.7586206896551724,0.6539408866995073,0.3460591133004926
YIR010W,-1,0.028371977134062896,66,4249,2247,21,0.3513595625094941,0.0152954808806489,0.7586206896551724,0.6540948275862069,0.3459051724137931
YMR273C,-1,0.027865750827686865,66,4250,2246,21,0.35120765608385235,0.015291936978683966,0.7586206896551724,0.6542487684729064,0.3457512315270936
YIL026C,-1,0.026859612653611004,66,4251,2245,21,0.35105574965821057,0.015288394718554551,0.7586206896551724,0.6544027093596059,0.3455972906403941
YOR010C,-1,0.02627875610698514,66,4252,2244,21,0.35090384323256874,0.015284854099119963,0.7586206896551724,0.6545566502463054,0.34544334975369456
YJL212C,-1,0.025949146097160147,66,4253,2243,21,0.35075193680692696,0.015281315119240566,0.7586206896551724,0.6547105911330049,0.34528940886699505
YOL059W,-1,0.024677763074967503,66,4254,2242,21,0.3506000303812851,0.015277777777777777,0.7586206896551724,0.6548645320197044,0.34513546798029554
YGR233C,-1,0.024400432492102445,66,4255,2241,21,0.35044812395564334,0.015274242073594076,0.7586206896551724,0.6550184729064039,0.3449815270935961
YER094C,-1,0.02415304889618881,66,4256,2240,21,0.3502962175300015,0.015270708005552984,0.7586206896551724,0.6551724137931034,0.3448275862068966
YLR403W,-1,0.023960549051112928,66,4257,2239,21,0.35014431110435973,0.015267175572519083,0.7586206896551724,0.6553263546798029,0.34467364532019706
YDR014W,-1,0.023683836061002966,66,4258,2238,21,0.3499924046787179,0.015263644773358002,0.7586206896551724,0.6554802955665024,0.34451970443349755
YGR027C,-1,0.020247066533423806,66,4259,2237,21,0.3498404982530761,0.015260115606936415,0.7586206896551724,0.655634236453202,0.34436576354679804
YJL093C,-1,0.019779760679957896,66,4260,2236,21,0.3496885918274343,0.015256588072122053,0.7586206896551724,0.6557881773399015,0.34421182266009853
YPL253C,-1,0.01948935086350425,66,4261,2235,21,0.3495366854017925,0.015253062167783684,0.7586206896551724,0.655942118226601,0.344057881773399
YGR184C,-1,0.019049942058931017,66,4262,2234,21,0.34938477897615067,0.015249537892791128,0.7586206896551724,0.6560960591133005,0.3439039408866995
YLR148W,-1,0.018866708063535263,66,4263,2233,21,0.3492328725505089,0.015246015246015246,0.7586206896551724,0.65625,0.34375
YPL015C,-1,0.018760668091168765,66,4264,2232,21,0.3490809661248671,0.015242494226327945,0.7586206896551724,0.6564039408866995,0.3435960591133005
YOL002C,-1,0.01802899366970956,66,4265,2231,21,0.3489290596992253,0.01523897483260217,0.7586206896551724,0.656557881773399,0.343442118226601
YDR151C,-1,0.018011237389948018,66,4266,2230,21,0.3487771532735835,0.015235457063711912,0.7586206896551724,0.6567118226600985,0.34328817733990147
YJL100W,-1,0.017655260430815844,66,4267,2229,21,0.34862524684794166,0.015231940918532194,0.7586206896551724,0.656865763546798,0.34313423645320196
YFL007W,-1,0.01692557654654154,66,4268,2228,21,0.3484733404222999,0.015228426395939087,0.7586206896551724,0.6570197044334976,0.34298029556650245
YBL100W-B,-1,0.01606488370303385,66,4269,2227,21,0.34832143399665805,0.01522491349480969,0.7586206896551724,0.6571736453201971,0.34282635467980294
YEL032W,-1,0.0159406836172336,66,4270,2226,21,0.34816952757101627,0.01522140221402214,0.7586206896551724,0.6573275862068966,0.3426724137931034
YMR120C,-1,0.015821254324425185,66,4271,2225,21,0.34801762114537443,0.015217892552455614,0.7586206896551724,0.6574815270935961,0.3425184729064039
YPL115C,-1,0.015738025715479945,66,4272,2224,21,0.34786571471973265,0.015214384508990318,0.7586206896551724,0.6576354679802956,0.34236453201970446
YDL101C,-1,0.0149731073621909,66,4273,2223,21,0.3477138082940908,0.015210878082507491,0.7586206896551724,0.6577894088669951,0.34221059113300495
YPL018W,-1,0.014229381642946806,66,4274,2222,21,0.34756190186844904,0.015207373271889401,0.7586206896551724,0.6579433497536946,0.34205665024630544
YGL158W,-1,0.01398626275506973,66,4275,2221,21,0.3474099954428072,0.01520387007601935,0.7586206896551724,0.6580972906403941,0.3419027093596059
YBR081C,-1,0.013824781501428176,66,4276,2220,21,0.34725808901716543,0.015200368493781667,0.7586206896551724,0.6582512315270936,0.3417487684729064
YCR093W,-1,0.012946975653001808,66,4277,2219,21,0.34710618259152365,0.015196868524061708,0.7586206896551724,0.6584051724137931,0.3415948275862069
YER166W,-1,0.012638427146008203,66,4278,2218,21,0.3469542761658818,0.015193370165745856,0.7586206896551724,0.6585591133004927,0.3414408866995074
YJL059W,-1,0.012401286381992413,66,4279,2217,21,0.34680236974024004,0.015189873417721518,0.7586206896551724,0.6587130541871922,0.3412869458128079
YGL194C,-1,0.012293996460317152,66,4280,2216,21,0.3466504633145982,0.015186378278877128,0.7586206896551724,0.6588669950738916,0.3411330049261084
YOR027W,-1,0.012234000259849814,66,4281,2215,21,0.3464985568889564,0.01518288474810214,0.7586206896551724,0.6590209359605911,0.34097906403940886
YDL161W,-1,0.012073721310609365,66,4282,2214,21,0.3463466504633146,0.01517939282428703,0.7586206896551724,0.6591748768472906,0.34082512315270935
YML130C,-1,0.01204902176589562,66,4283,2213,21,0.3461947440376728,0.015175902506323292,0.7586206896551724,0.6593288177339901,0.34067118226600984
YKL108W,-1,0.011786951956530019,66,4284,2212,21,0.346042837612031,0.015172413793103448,0.7586206896551724,0.6594827586206896,0.34051724137931033
YMR302C,-1,0.011392618602038208,66,4285,2211,21,0.3458909311863892,0.015168926683521029,0.7586206896551724,0.6596366995073891,0.3403633004926108
YLL040C,-1,0.011250361521774995,66,4286,2210,21,0.34573902476074736,0.015165441176470588,0.7586206896551724,0.6597906403940886,0.3402093596059113
YCL009C,0,0.010735720292301007,66,4286,2210,21,0.34573902476074736,0.015165441176470588,0.7586206896551724,0.6597906403940886,0.3402093596059113
YLR087C,-1,0.010706469715135229,66,4287,2209,21,0.3455871183351056,0.015161957270847692,0.7586206896551724,0.6599445812807881,0.3400554187192118
YDL215C,-1,0.010669764570053213,66,4288,2208,21,0.34543521190946375,0.01515847496554892,0.7586206896551724,0.6600985221674877,0.3399014778325123
YIR015W,-1,0.010619109976022244,66,4289,2207,21,0.34528330548382197,0.01515499425947187,0.7586206896551724,0.6602524630541872,0.33974753694581283
YDR443C,-1,0.010371251392871423,66,4290,2206,21,0.3451313990581802,0.015151515151515152,0.7586206896551724,0.6604064039408867,0.3395935960591133
YHR039C-A,-1,0.009960090118167418,66,4291,2205,21,0.34497949263253835,0.01514803764057838,0.7586206896551724,0.6605603448275862,0.3394396551724138
YER044C-A,-1,0.00949943450978746,66,4292,2204,21,0.3448275862068966,0.015144561725562184,0.7586206896551724,0.6607142857142857,0.3392857142857143
YKR004C,-1,0.009160757778564458,66,4293,2203,21,0.34467567978125474,0.015141087405368204,0.7586206896551724,0.6608682266009852,0.3391317733990148
YNL267W,-1,0.00911452267012234,66,4294,2202,21,0.34452377335561296,0.015137614678899083,0.7586206896551724,0.6610221674876847,0.3389778325123153
YMR004W,-1,0.009057873108052679,66,4295,2201,21,0.3443718669299711,0.015134143545058473,0.7586206896551724,0.6611761083743842,0.33882389162561577
YLR343W,-1,0.008519585085302074,66,4296,2200,21,0.34421996050432935,0.015130674002751032,0.7586206896551724,0.6613300492610837,0.33866995073891626
YPL137C,-1,0.008282556576746586,66,4297,2199,21,0.3440680540786875,0.01512720605088242,0.7586206896551724,0.6614839901477833,0.33851600985221675
YOL089C,-1,0.00820174602197819,66,4298,2198,21,0.34391614765304573,0.015123739688359304,0.7586206896551724,0.6616379310344828,0.33836206896551724
YIL037C,-1,0.007787274393236412,66,4299,2197,21,0.3437642412274039,0.015120274914089347,0.7586206896551724,0.6617918719211823,0.3382081280788177
YAR071W,-1,0.007604800704712266,66,4300,2196,21,0.3436123348017621,0.015116811726981219,0.7586206896551724,0.6619458128078818,0.3380541871921182
YNL210W,-1,0.007472759278092712,66,4301,2195,21,0.3434604283761203,0.015113350125944584,0.7586206896551724,0.6620997536945813,0.3379002463054187
YFL018C,-1,0.006676423026867697,66,4302,2194,21,0.3433085219504785,0.01510989010989011,0.7586206896551724,0.6622536945812808,0.3377463054187192
YGR209C,-1,0.006611916032363882,66,4303,2193,21,0.34315661552483673,0.015106431677729458,0.7586206896551724,0.6624076354679803,0.3375923645320197
YLR266C,-1,0.006349548361336648,66,4304,2192,21,0.3430047090991949,0.015102974828375287,0.7586206896551724,0.6625615763546798,0.3374384236453202
YOR125C,-1,0.005876343936649853,66,4305,2191,21,0.3428528026735531,0.015099519560741249,0.7586206896551724,0.6627155172413793,0.33728448275862066
YJL207C,-1,0.005858595403486871,66,4306,2190,21,0.3427008962479113,0.015096065873741994,0.7586206896551724,0.6628694581280788,0.3371305418719212
YKR039W,-1,0.0058482898771634925,66,4307,2189,21,0.3425489898222695,0.015092613766293162,0.7586206896551724,0.6630233990147784,0.3369766009852217
YNL330C,-1,0.005576311277035589,66,4308,2188,21,0.34239708339662767,0.015089163237311385,0.7586206896551724,0.6631773399014779,0.3368226600985222
YOL091W,-1,0.005399095147080973,66,4309,2187,21,0.3422451769709859,0.015085714285714286,0.7586206896551724,0.6633312807881774,0.3366687192118227
YHR098C,-1,0.005388046118191265,66,4310,2186,21,0.34209327054534405,0.015082266910420476,0.7586206896551724,0.6634852216748769,0.33651477832512317
YLR035C,-1,0.005353675979319711,66,4311,2185,21,0.3419413641197023,0.015078821110349555,0.7586206896551724,0.6636391625615764,0.33636083743842365
YJL030W,-1,0.005316075459144478,66,4312,2184,21,0.34178945769406044,0.01507537688442211,0.7586206896551724,0.6637931034482759,0.33620689655172414
YNL167C,-1,0.005211077494064263,66,4313,2183,21,0.34163755126841866,0.015071934231559716,0.7586206896551724,0.6639470443349754,0.33605295566502463
YPR128C,-1,0.005123307080790261,66,4314,2182,21,0.3414856448427768,0.015068493150684932,0.7586206896551724,0.6641009852216748,0.3358990147783251
YER174C,-1,0.004986825544584803,66,4315,2181,21,0.34133373841713505,0.015065053640721297,0.7586206896551724,0.6642549261083743,0.3357450738916256
YGL163C,-1,0.004691359996301406,66,4316,2180,21,0.34118183199149327,0.015061615700593337,0.7586206896551724,0.6644088669950738,0.3355911330049261
YNL083W,-1,0.004508926419538329,66,4317,2179,21,0.34102992556585143,0.015058179329226557,0.7586206896551724,0.6645628078817734,0.3354371921182266
YNL289W,-1,0.004501090520119927,66,4318,2178,21,0.34087801914020965,0.015054744525547446,0.7586206896551724,0.6647167487684729,0.3352832512315271
YKL189W,-1,0.004101395858084389,66,4319,2177,21,0.3407261127145678,0.015051311288483466,0.7586206896551724,0.6648706896551724,0.33512931034482757
YLR155C,-1,0.003710535220970831,66,4320,2176,21,0.34057420628892604,0.015047879616963064,0.7586206896551724,0.6650246305418719,0.33497536945812806
YBR066C,-1,0.003694586773995152,66,4321,2175,21,0.3404222998632842,0.01504444950991566,0.7586206896551724,0.6651785714285714,0.33482142857142855
YBL080C,-1,0.003648761423367187,66,4322,2174,21,0.3402703934376424,0.01504102096627165,0.7586206896551724,0.6653325123152709,0.33466748768472904
YOL135C,-1,0.00350005450000592,66,4323,2173,21,0.3401184870120006,0.015037593984962405,0.7586206896551724,0.6654864532019704,0.3345135467980296
YHR136C,-1,0.0033710441004576016,66,4324,2172,21,0.3399665805863588,0.015034168564920273,0.7586206896551724,0.6656403940886699,0.33435960591133007
YOR327C,-1,0.0032804803113982337,66,4325,2171,21,0.339814674160717,0.01503074470507857,0.7586206896551724,0.6657943349753694,0.33420566502463056
YLR246W,-1,0.0032587104391507363,66,4326,2170,21,0.3396627677350752,0.015027322404371584,0.7586206896551724,0.665948275862069,0.33405172413793105
YAL032C,-1,0.0031974866802356172,66,4327,2169,21,0.33951086130943336,0.015023901661734578,0.7586206896551724,0.6661022167487685,0.33389778325123154
YDR356W,-1,0.003170537079797566,66,4328,2168,21,0.3393589548837916,0.015020482476103778,0.7586206896551724,0.666256157635468,0.33374384236453203
YOR136W,-1,0.0029722366090956867,66,4329,2167,21,0.3392070484581498,0.015017064846416382,0.7586206896551724,0.6664100985221675,0.3335899014778325
YOL063C,-1,0.002907107169788917,66,4330,2166,21,0.339055142032508,0.015013648771610554,0.7586206896551724,0.666564039408867,0.333435960591133
YAL022C,-1,0.0028068125294915336,66,4331,2165,21,0.3389032356068662,0.015010234250625426,0.7586206896551724,0.6667179802955665,0.3332820197044335
YGL049C,-1,0.002801360467752928,66,4332,2164,21,0.33875132918122436,0.015006821282401092,0.7586206896551724,0.666871921182266,0.333128078817734
YLR406C,-1,0.0027213835950471335,66,4333,2163,21,0.3385994227555826,0.015003409865878609,0.7586206896551724,0.6670258620689655,0.3329741379310345
YMR136W,-1,0.0026140966983210796,66,4334,2162,21,0.33844751632994075,0.015,0.7586206896551724,0.667179802955665,0.33282019704433496
YPL116W,-1,0.002147931025404201,66,4335,2161,21,0.33829560990429897,0.014996591683708248,0.7586206896551724,0.6673337438423645,0.33266625615763545
YKR061W,-1,0.0021273279900998346,66,4336,2160,21,0.33814370347865713,0.014993184915947297,0.7586206896551724,0.6674876847290641,0.33251231527093594
YDR402C,-1,0.0020847931561365847,66,4337,2159,21,0.33799179705301535,0.014989779695662049,0.7586206896551724,0.6676416256157636,0.33235837438423643
YDR040C,-1,0.0020639546050629856,66,4338,2158,21,0.3378398906273735,0.014986376021798364,0.7586206896551724,0.6677955665024631,0.3322044334975369
YAL056W,-1,0.0019254160014589127,66,4339,2157,21,0.33768798420173174,0.014982973893303065,0.7586206896551724,0.6679495073891626,0.3320504926108374
YKL201C,-1,0.0019172904401505552,66,4340,2156,21,0.3375360777760899,0.014979573309123922,0.7586206896551724,0.6681034482758621,0.33189655172413796
YMR016C,-1,0.001857200103158781,66,4341,2155,21,0.3373841713504481,0.014976174268209666,0.7586206896551724,0.6682573891625616,0.33174261083743845
YBL006C,-1,0.001848390620084589,66,4342,2154,21,0.33723226492480635,0.014972776769509982,0.7586206896551724,0.6684113300492611,0.33158866995073893
YBR201W,-1,0.0018247634982164,66,4343,2153,21,0.3370803584991645,0.014969380811975505,0.7586206896551724,0.6685652709359606,0.3314347290640394
YNL071W,-1,0.0017888512545754663,66,4344,2152,21,0.33692845207352273,0.014965986394557823,0.7586206896551724,0.6687192118226601,0.3312807881773399
YPL177C,-1,0.0017728415910592062,66,4345,2151,21,0.3367765456478809,0.014962593516209476,0.7586206896551724,0.6688731527093597,0.3311268472906404
YOL138C,-1,0.0017462610433993395,66,4346,2150,21,0.3366246392222391,0.014959202175883953,0.7586206896551724,0.6690270935960592,0.3309729064039409
YOR257W,-1,0.0017355259408537015,66,4347,2149,21,0.3364727327965973,0.01495581237253569,0.7586206896551724,0.6691810344827587,0.3308189655172414
YLL052C,-1,0.0016814358765026708,66,4348,2148,21,0.3363208263709555,0.014952424105120073,0.7586206896551724,0.6693349753694581,0.33066502463054187
YNL214W,-1,0.0016668885341741889,66,4349,2147,21,0.33616891994531367,0.014949037372593432,0.7586206896551724,0.6694889162561576,0.33051108374384236
YMR168C,-1,0.0015667243321121137,66,4350,2146,21,0.3360170135196719,0.014945652173913044,0.7586206896551724,0.6696428571428571,0.33035714285714285
YER044C,-1,0.0015463407789731661,66,4351,2145,21,0.33586510709403006,0.01494226850803713,0.7586206896551724,0.6697967980295566,0.33020320197044334
YML111W,-1,0.0015071868371774005,66,4352,2144,21,0.3357132006683883,0.014938886373924853,0.7586206896551724,0.6699507389162561,0.33004926108374383
YJR139C,-1,0.0014584742521931654,66,4353,2143,21,0.33556129424274644,0.01493550577053632,0.7586206896551724,0.6701046798029556,0.3298953201970443
YNL180C,-1,0.0013427677699570642,66,4354,2142,21,0.33540938781710466,0.01493212669683258,0.7586206896551724,0.6702586206896551,0.3297413793103448
YLR346C,0,0.0013273731168752564,66,4354,2142,21,0.33540938781710466,0.01493212669683258,0.7586206896551724,0.6702586206896551,0.3297413793103448
YHR108W,-1,0.0012848958027798806,66,4355,2141,21,0.3352574813914629,0.014928749151775616,0.7586206896551724,0.6704125615763546,0.3295874384236453
YLR233C,-1,0.0011872922131577856,66,4356,2140,21,0.33510557496582105,0.014925373134328358,0.7586206896551724,0.6705665024630542,0.3294334975369458
YGR116W,-1,0.0010841965539747926,66,4357,2139,21,0.3349536685401793,0.014921998643454669,0.7586206896551724,0.6707204433497537,0.32927955665024633
YPR160W,-1,0.000956757497017111,66,4358,2138,21,0.33480176211453744,0.014918625678119348,0.7586206896551724,0.6708743842364532,0.3291256157635468
YDR495C,-1,0.0009548836466134397,66,4359,2137,21,0.33464985568889566,0.014915254237288136,0.7586206896551724,0.6710283251231527,0.3289716748768473
YLR307W,-1,0.0009342702675271712,66,4360,2136,21,0.3344979492632538,0.0149118843199277,0.7586206896551724,0.6711822660098522,0.3288177339901478
YDR155C,-1,0.0009131969259000962,66,4361,2135,21,0.33434604283761205,0.014908515925005647,0.7586206896551724,0.6713362068965517,0.3286637931034483
YOR191W,-1,0.0008962939959801493,66,4362,2134,21,0.3341941364119702,0.014905149051490514,0.7586206896551724,0.6714901477832512,0.3285098522167488
YKL059C,-1,0.000833624663019281,66,4363,2133,21,0.33404222998632843,0.014901783698351772,0.7586206896551724,0.6716440886699507,0.32835591133004927
YDR483W,-1,0.0008267069136861884,66,4364,2132,21,0.3338903235606866,0.014898419864559819,0.7586206896551724,0.6717980295566502,0.32820197044334976
YFR040W,-1,0.0008072681451508,66,4365,2131,21,0.3337384171350448,0.014895057549085985,0.7586206896551724,0.6719519704433498,0.32804802955665024
YNL271C,-1,0.0007690878424474615,66,4366,2130,21,0.333586510709403,0.014891696750902527,0.7586206896551724,0.6721059113300493,0.32789408866995073
YCR040W,-1,0.0007247636134467146,66,4367,2129,21,0.3334346042837612,0.01488833746898263,0.7586206896551724,0.6722598522167488,0.3277401477832512
YIL084C,-1,0.0007132490885244009,66,4368,2128,21,0.3332826978581194,0.014884979702300407,0.7586206896551724,0.6724137931034483,0.3275862068965517
YOR128C,-1,0.0006799404772991524,66,4369,2127,21,0.3331307914324776,0.014881623449830891,0.7586206896551724,0.6725677339901478,0.3274322660098522
YPL036W,-1,0.0006457660589198557,66,4370,2126,21,0.3329788850068358,0.014878268710550046,0.7586206896551724,0.6727216748768473,0.3272783251231527
YDL231C,-1,0.0006396689542070844,66,4371,2125,21,0.332826978581194,0.014874915483434753,0.7586206896551724,0.6728756157635468,0.3271243842364532
YOR338W,-1,0.000591169510541932,66,4372,2124,21,0.3326750721555522,0.014871563767462822,0.7586206896551724,0.6730295566502463,0.32697044334975367
YGL126W,-1,0.0005886835313628776,66,4373,2123,21,0.33252316572991036,0.014868213561612977,0.7586206896551724,0.6731834975369458,0.3268165024630542
YMR204C,-1,0.0004799684554989465,66,4374,2122,21,0.3323712593042686,0.014864864864864866,0.7586206896551724,0.6733374384236454,0.3266625615763547
YPR199C,-1,0.000434400951658055,66,4375,2121,21,0.33221935287862675,0.014861517676199055,0.7586206896551724,0.6734913793103449,0.3265086206896552
YNL007C,-1,0.0004207847688546937,66,4376,2120,21,0.33206744645298497,0.014858171994597028,0.7586206896551724,0.6736453201970444,0.3263546798029557
YBR245C,-1,0.00039243272740921073,66,4377,2119,21,0.33191554002734314,0.014854827819041188,0.7586206896551724,0.6737992610837439,0.32620073891625617
YGR247W,-1,0.0003801595532074033,66,4378,2118,21,0.33176363360170136,0.01485148514851485,0.7586206896551724,0.6739532019704434,0.32604679802955666
YHL025W,-1,0.0003779369088975318,66,4379,2117,21,0.3316117271760595,0.01484814398200225,0.7586206896551724,0.6741071428571429,0.32589285714285715
YFL055W,-1,0.0003705784980952762,66,4380,2116,21,0.33145982075041774,0.014844804318488529,0.7586206896551724,0.6742610837438424,0.32573891625615764
YNL135C,-1,0.0003592364570358316,66,4381,2115,21,0.33130791432477597,0.014841466156959748,0.7586206896551724,0.6744150246305419,0.32558497536945813
YOR008C-A,0,0.00032013318448482076,66,4381,2115,21,0.33130791432477597,0.014841466156959748,0.7586206896551724,0.6744150246305419,0.32558497536945813
YER138C,-1,0.0002734878399660059,66,4382,2114,21,0.33115600789913413,0.014838129496402877,0.7586206896551724,0.6745689655172413,0.3254310344827586
YAL024C,-1,0.0002598190433698367,66,4383,2113,21,0.33100410147349235,0.014834794335805798,0.7586206896551724,0.6747229064039408,0.3252770935960591
YDL039C,0,0.00025925521314052716,66,4383,2113,21,0.33100410147349235,0.014834794335805798,0.7586206896551724,0.6747229064039408,0.3252770935960591
YDL140C,-1,0.000257085529808404,66,4384,2112,21,0.3308521950478505,0.014831460674157304,0.7586206896551724,0.6748768472906403,0.3251231527093596
YLR189C,-1,0.00025664241685812133,66,4385,2111,21,0.33070028862220874,0.01482812851044709,0.7586206896551724,0.6750307881773399,0.3249692118226601
YPR138C,-1,0.0002466774534267678,66,4386,2110,21,0.3305483821965669,0.014824797843665768,0.7586206896551724,0.6751847290640394,0.3248152709359606
YNL053W,-1,0.00024127498459169562,66,4387,2109,21,0.3303964757709251,0.01482146867280485,0.7586206896551724,0.6753386699507389,0.32466133004926107
YOR172W,-1,0.00023628763259423343,66,4388,2108,21,0.3302445693452833,0.014818140996856757,0.7586206896551724,0.6754926108374384,0.32450738916256155
YGR218W,-1,0.00023406413302865407,66,4389,2107,21,0.3300926629196415,0.014814814814814815,0.7586206896551724,0.6756465517241379,0.32435344827586204
YNL104C,0,0.00023383845562232952,66,4389,2107,21,0.3300926629196415,0.014814814814814815,0.7586206896551724,0.6756465517241379,0.32435344827586204
YPR191W,-1,0.00022327087654315785,66,4390,2106,21,0.3299407564939997,0.01481149012567325,0.7586206896551724,0.6758004926108374,0.3241995073891626
YDR213W,-1,0.00021782805141138984,66,4391,2105,21,0.3297888500683579,0.014808166928427194,0.7586206896551724,0.6759544334975369,0.3240455665024631
YOR302W,0,0.00020844793365752855,66,4391,2105,21,0.3297888500683579,0.014808166928427194,0.7586206896551724,0.6759544334975369,0.3240455665024631
YLL024C,-1,0.00020577097779971715,66,4392,2104,21,0.32963694364271606,0.014804845222072678,0.7586206896551724,0.6761083743842364,0.32389162561576357
YGR002C,-1,0.00020544787031274354,66,4393,2103,21,0.3294850372170743,0.014801525005606638,0.7586206896551724,0.6762623152709359,0.32373768472906406
YCR005C,-1,0.00019642659297840103,66,4394,2102,21,0.3293331307914325,0.014798206278026907,0.7586206896551724,0.6764162561576355,0.32358374384236455
YNL251C,-1,0.00019378478932356721,66,4395,2101,21,0.32918122436579067,0.014794889038332213,0.7586206896551724,0.676570197044335,0.32342980295566504
YLR298C,-1,0.0001740209523614539,66,4396,2100,21,0.3290293179401489,0.014791573285522188,0.7586206896551724,0.6767241379310345,0.3232758620689655
YDR328C,-1,0.00016940615809177338,66,4397,2099,21,0.32887741151450706,0.014788259018597356,0.7586206896551724,0.676878078817734,0.323121921182266
YKL164C,-1,0.00015639313758361568,66,4398,2098,21,0.3287255050888653,0.01478494623655914,0.7586206896551724,0.6770320197044335,0.3229679802955665
YOR025W,-1,0.00012922197087321546,66,4399,2097,21,0.32857359866322344,0.014781634938409855,0.7586206896551724,0.677185960591133,0.322814039408867
YOR351C,-1,0.00011485144298634722,66,4400,2096,21,0.32842169223758166,0.014778325123152709,0.7586206896551724,0.6773399014778325,0.3226600985221675
YAR042W,-1,0.00011385068432894598,66,4401,2095,21,0.32826978581193983,0.014775016789791807,0.7586206896551724,0.677493842364532,0.32250615763546797
YOL005C,-1,9.785587354307469e-05,66,4402,2094,21,0.32811787938629805,0.01477170993733214,0.7586206896551724,0.6776477832512315,0.32235221674876846
YDL232W,-1,8.74091449573636e-05,66,4403,2093,21,0.3279659729606562,0.014768404564779593,0.7586206896551724,0.677801724137931,0.32219827586206895
YPL026C,-1,8.471606845457538e-05,66,4404,2092,21,0.32781406653501444,0.01476510067114094,0.7586206896551724,0.6779556650246306,0.32204433497536944
YOR211C,-1,7.304918755652139e-05,66,4405,2091,21,0.3276621601093726,0.014761798255423843,0.7586206896551724,0.6781096059113301,0.32189039408866993
YMR182C,-1,6.841476168161394e-05,66,4406,2090,21,0.3275102536837308,0.014758497316636851,0.7586206896551724,0.6782635467980296,0.3217364532019704
YDL227C,-1,6.838352913269687e-05,66,4407,2089,21,0.32735834725808904,0.014755197853789403,0.7586206896551724,0.6784174876847291,0.32158251231527096
YOR147W,-1,6.338828162747477e-05,66,4408,2088,21,0.3272064408324472,0.014751899865891819,0.7586206896551724,0.6785714285714286,0.32142857142857145
YNL103W,-1,5.299502347817443e-05,66,4409,2087,21,0.32705453440680543,0.014748603351955308,0.7586206896551724,0.6787253694581281,0.32127463054187194
YGL173C,-1,4.190526850765437e-05,66,4410,2086,21,0.3269026279811636,0.014745308310991957,0.7586206896551724,0.6788793103448276,0.32112068965517243
YIL082W-A,-1,3.8110686565368616e-05,66,4411,2085,21,0.3267507215555218,0.014742014742014743,0.7586206896551724,0.6790332512315271,0.3209667487684729
YPR124W,-1,3.0188405697664688e-05,66,4412,2084,21,0.32659881512988,0.014738722644037517,0.7586206896551724,0.6791871921182266,0.3208128078817734
YGR183C,-1,2.5709061036124943e-05,66,4413,2083,21,0.3264469087042382,0.014735432016075016,0.7586206896551724,0.6793411330049262,0.3206588669950739
YOR382W,-1,2.3811161483288685e-05,66,4414,2082,21,0.32629500227859637,0.014732142857142857,0.7586206896551724,0.6794950738916257,0.3205049261083744
YOR099W,-1,2.307972463083485e-05,66,4415,2081,21,0.3261430958529546,0.014728855166257531,0.7586206896551724,0.6796490147783252,0.3203509852216749
YCL043C,-1,1.791415497316844e-05,66,4416,2080,21,0.32599118942731276,0.014725568942436412,0.7586206896551724,0.6798029556650246,0.32019704433497537
YGR013W,-1,1.617631500621371e-05,66,4417,2079,21,0.325839283001671,0.014722284184697747,0.7586206896551724,0.6799568965517241,0.32004310344827586
YIL122W,-1,1.4214648499347145e-05,66,4418,2078,21,0.32568737657602914,0.014719000892060661,0.7586206896551724,0.6801108374384236,0.31988916256157635
YEL071W,-1,1.128315359967874e-05,66,4419,2077,21,0.32553547015038736,0.01471571906354515,0.7586206896551724,0.6802647783251231,0.31973522167487683
YPL283C,-1,1.0538473025029946e-05,66,4420,2076,21,0.3253835637247456,0.014712438698172091,0.7586206896551724,0.6804187192118226,0.3195812807881773
YJR026W,-1,1.0190594332191997e-05,66,4421,2075,21,0.32523165729910375,0.014709159794963227,0.7586206896551724,0.6805726600985221,0.3194273399014778
YLR110C,-1,8.252059603417813e-06,66,4422,2074,21,0.32507975087346197,0.014705882352941176,0.7586206896551724,0.6807266009852216,0.3192733990147783
YPL049C,-1,6.462907595276117e-06,66,4423,2073,21,0.32492784444782014,0.014702606371129428,0.7586206896551724,0.6808805418719212,0.3191194581280788
YPR181C,-1,5.853353983272489e-06,66,4424,2072,21,0.32477593802217836,0.014699331848552339,0.7586206896551724,0.6810344827586207,0.31896551724137934
YHR099W,-1,4.767492833411983e-06,66,4425,2071,21,0.3246240315965365,0.014696058784235137,0.7586206896551724,0.6811884236453202,0.3188115763546798
YPR065W,-1,4.408250816160309e-06,66,4426,2070,21,0.32447212517089474,0.014692787177203919,0.7586206896551724,0.6813423645320197,0.3186576354679803
YPR156C,-1,4.233279439813317e-06,66,4427,2069,21,0.3243202187452529,0.014689517026485644,0.7586206896551724,0.6814963054187192,0.3185036945812808
YGL035C,-1,2.402578271499327e-06,66,4428,2068,21,0.32416831231961113,0.014686248331108143,0.7586206896551724,0.6816502463054187,0.3183497536945813
YFL039C,-1,2.1602386885128656e-06,66,4429,2067,21,0.3240164058939693,0.01468298109010011,0.7586206896551724,0.6818041871921182,0.3181958128078818
YLR043C,-1,1.9938724230137775e-06,66,4430,2066,21,0.3238644994683275,0.014679715302491103,0.7586206896551724,0.6819581280788177,0.3180418719211823
YPR165W,-1,1.8004213150572343e-06,66,4431,2065,21,0.3237125930426857,0.01467645096731154,0.7586206896551724,0.6821120689655172,0.31788793103448276
YPR035W,-1,1.7753206221118365e-06,66,4432,2064,21,0.3235606866170439,0.014673188083592708,0.7586206896551724,0.6822660098522167,0.31773399014778325
YBR233W-A,-1,1.747342205377935e-06,66,4433,2063,21,0.3234087801914021,0.014669926650366748,0.7586206896551724,0.6824199507389163,0.31758004926108374
YBR058C-A,-1,1.4239116944741753e-06,66,4434,2062,21,0.3232568737657603,0.014666666666666666,0.7586206896551724,0.6825738916256158,0.31742610837438423
YOL104C,-1,1.3182780989779223e-06,66,4435,2061,21,0.3231049673401185,0.014663408131526327,0.7586206896551724,0.6827278325123153,0.3172721674876847
YCR020W-B,-1,1.2772089140916265e-06,66,4436,2060,21,0.3229530609144767,0.014660151043980453,0.7586206896551724,0.6828817733990148,0.3171182266009852
tP(AGG)C,-1,9.968484938071432e-07,66,4437,2059,21,0.3228011544888349,0.014656895403064623,0.7586206896551724,0.6830357142857143,0.3169642857142857
snR64,-1,9.238007019660317e-07,66,4438,2058,21,0.32264924806319306,0.014653641207815276,0.7586206896551724,0.6831896551724138,0.3168103448275862
YER048W-A,-1,6.607334182757027e-07,66,4439,2057,21,0.3224973416375513,0.0146503884572697,0.7586206896551724,0.6833435960591133,0.3166564039408867
tG(GCC)M,-1,5.529720364796638e-07,66,4440,2056,21,0.32234543521190945,0.014647137150466045,0.7586206896551724,0.6834975369458128,0.31650246305418717
tS(UGA)P,-1,4.2158055069171874e-07,66,4441,2055,21,0.32219352878626767,0.01464388728644331,0.7586206896551724,0.6836514778325123,0.3163485221674877
YNR032C-A,-1,4.004020994621225e-07,66,4442,2054,21,0.32204162236062583,0.014640638864241348,0.7586206896551724,0.6838054187192119,0.3161945812807882
snR7-L,-1,3.1225537790765777e-07,66,4443,2053,21,0.32188971593498406,0.014637391882900865,0.7586206896551724,0.6839593596059114,0.3160406403940887
snR79,-1,3.047742392739408e-07,66,4444,2052,21,0.3217378095093422,0.014634146341463415,0.7586206896551724,0.6841133004926109,0.3158866995073892
tG(GCC)J1,-1,2.917787571356768e-07,66,4445,2051,21,0.32158590308370044,0.014630902238971403,0.7586206896551724,0.6842672413793104,0.31573275862068967
YOR089C,-1,2.3031718715772635e-07,66,4446,2050,21,0.32143399665805866,0.014627659574468085,0.7586206896551724,0.6844211822660099,0.31557881773399016
snR11,-1,2.231425109829328e-07,66,4447,2049,21,0.32128209023241683,0.014624418346997563,0.7586206896551724,0.6845751231527094,0.31542487684729065
tG(UCC)N,-1,2.1427491434070586e-07,66,4448,2048,21,0.32113018380677505,0.014621178555604785,0.7586206896551724,0.6847290640394089,0.31527093596059114
SUC4,-1,1.9166194714718662e-07,66,4449,2047,21,0.3209782773811332,0.014617940199335547,0.7586206896551724,0.6848830049261084,0.3151169950738916
YKL060C,-1,1.6595723390946765e-07,66,4450,2046,21,0.32082637095549144,0.014614703277236492,0.7586206896551724,0.6850369458128078,0.3149630541871921
snR5,-1,1.425468479186889e-07,66,4451,2045,21,0.3206744645298496,0.014611467788355103,0.7586206896551724,0.6851908866995073,0.3148091133004926
RPR1,-1,1.2873135629514194e-07,66,4452,2044,21,0.3205225581042078,0.014608233731739707,0.7586206896551724,0.6853448275862069,0.3146551724137931
tE(UUC)E1,-1,1.2781947691723622e-07,66,4453,2043,21,0.320370651678566,0.014605001106439478,0.7586206896551724,0.6854987684729064,0.3145012315270936
YBR112C,-1,1.2327337926162677e-07,66,4454,2042,21,0.3202187452529242,0.014601769911504425,0.7586206896551724,0.6856527093596059,0.3143472906403941
tA(UGC)A,-1,1.0328428887073589e-07,66,4455,2041,21,0.3200668388272824,0.014598540145985401,0.7586206896551724,0.6858066502463054,0.31419334975369456
YER087C-B,-1,1.0046154773484625e-07,66,4456,2040,21,0.3199149324016406,0.0145953118089341,0.7586206896551724,0.6859605911330049,0.31403940886699505
tA(AGC)J,-1,8.990025836139698e-08,66,4457,2039,21,0.31976302597599876,0.01459208489940305,0.7586206896551724,0.6861145320197044,0.31388546798029554
YLR262C-A,-1,8.5432135940848e-08,66,4458,2038,21,0.319611119550357,0.014588859416445624,0.7586206896551724,0.6862684729064039,0.3137315270935961
tM(CAU)J1,-1,6.95436843189234e-08,66,4459,2037,21,0.3194592131247152,0.014585635359116023,0.7586206896551724,0.6864224137931034,0.3135775862068966
tH(GUG)M,-1,6.828659349928681e-08,66,4460,2036,21,0.31930730669907337,0.014582412726469289,0.7586206896551724,0.6865763546798029,0.31342364532019706
tH(GUG)K,-1,5.998223676263662e-08,66,4461,2035,21,0.3191554002734316,0.0145791915175613,0.7586206896551724,0.6867302955665024,0.31326970443349755
tR(UCU)M1,-1,5.7282556745267194e-08,66,4462,2034,21,0.31900349384778975,0.014575971731448763,0.7586206896551724,0.686884236453202,0.31311576354679804
snR52,-1,5.594936341221001e-08,66,4463,2033,21,0.318851587422148,0.014572753367189224,0.7586206896551724,0.6870381773399015,0.31296182266009853
tS(AGA)D1,-1,5.4174261820569176e-08,66,4464,2032,21,0.31869968099650614,0.01456953642384106,0.7586206896551724,0.687192118226601,0.312807881773399
tQ(CUG)M,-1,4.539974313734257e-08,66,4465,2031,21,0.31854777457086436,0.014566320900463474,0.7586206896551724,0.6873460591133005,0.3126539408866995
tT(UGU)P,-1,3.923307917527901e-08,66,4466,2030,21,0.3183958681452225,0.014563106796116505,0.7586206896551724,0.6875,0.3125
snR14,-1,3.433325164128045e-08,66,4467,2029,21,0.31824396171958075,0.01455989410986102,0.7586206896551724,0.6876539408866995,0.3123460591133005
tG(GCC)D2,-1,3.171145239784718e-08,66,4468,2028,21,0.3180920552939389,0.014556682840758712,0.7586206896551724,0.687807881773399,0.312192118226601
YER178W,-1,3.129234639207011e-08,66,4469,2027,21,0.31794014886829713,0.014553472987872107,0.7586206896551724,0.6879618226600985,0.31203817733990147
tR(ACG)D,-1,3.000397103085984e-08,66,4470,2026,21,0.3177882424426553,0.01455026455026455,0.7586206896551724,0.688115763546798,0.31188423645320196
YPR164W,-1,2.769742540252001e-08,66,4471,2025,21,0.3176363360170135,0.01454705752700022,0.7586206896551724,0.6882697044334976,0.31173029556650245
tG(GCC)E,-1,2.543903884765427e-08,66,4472,2024,21,0.31748442959137174,0.014543851917144116,0.7586206896551724,0.6884236453201971,0.31157635467980294
tT(AGU)J,-1,2.3539487736117046e-08,66,4473,2023,21,0.3173325231657299,0.014540647719762063,0.7586206896551724,0.6885775862068966,0.3114224137931034
snR72,-1,2.347171365876232e-08,66,4474,2022,21,0.31718061674008813,0.014537444933920705,0.7586206896551724,0.6887315270935961,0.3112684729064039
tQ(UUG)E1,-1,2.139629149988797e-08,66,4475,2021,21,0.3170287103144463,0.014534243558687513,0.7586206896551724,0.6888854679802956,0.31111453201970446
snR59,-1,2.07078252036595e-08,66,4476,2020,21,0.3168768038888045,0.01453104359313078,0.7586206896551724,0.6890394088669951,0.31096059113300495
tR(UCU)J1,-1,1.7999222995699613e-08,66,4477,2019,21,0.3167248974631627,0.014527845036319613,0.7586206896551724,0.6891933497536946,0.31080665024630544
tD(GUC)I1,-1,1.4796301267550048e-08,66,4478,2018,21,0.3165729910375209,0.014524647887323943,0.7586206896551724,0.6893472906403941,0.3106527093596059
YPR036W-A,-1,1.4796301267550048e-08,66,4479,2017,21,0.31642108461187907,0.014521452145214522,0.7586206896551724,0.6895012315270936,0.3104987684729064
OSR10,-1,1.4796301267550048e-08,66,4480,2016,21,0.3162691781862373,0.014518257809062912,0.7586206896551724,0.6896551724137931,0.3103448275862069
tT(UGU)H,-1,1.4796301267550048e-08,66,4481,2015,21,0.31611727176059545,0.0145150648779415,0.7586206896551724,0.6898091133004927,0.3101908866995074
snR20,-1,1.4796301267550048e-08,66,4482,2014,21,0.3159653653349537,0.014511873350923483,0.7586206896551724,0.6899630541871922,0.3100369458128079
tD(GUC)J2,-1,1.4796301267550048e-08,66,4483,2013,21,0.31581345890931184,0.014508683227082875,0.7586206896551724,0.6901169950738916,0.3098830049261084
tW(CCA)K,-1,1.4796301267550048e-08,66,4484,2012,21,0.31566155248367006,0.014505494505494506,0.7586206896551724,0.6902709359605911,0.30972906403940886
tM(CAU)O1,-1,1.4796301267550048e-08,66,4485,2011,21,0.3155096460580283,0.014502307185234015,0.7586206896551724,0.6904248768472906,0.30957512315270935
tG(GCC)F2,-1,1.4796301267550048e-08,66,4486,2010,21,0.31535773963238645,0.014499121265377855,0.7586206896551724,0.6905788177339901,0.30942118226600984
tC(GCA)Q,-1,1.4796301267550048e-08,66,4487,2009,21,0.31520583320674467,0.014495936745003294,0.7586206896551724,0.6907327586206896,0.30926724137931033
snR40,-1,1.4796301267550048e-08,66,4488,2008,21,0.31505392678110283,0.014492753623188406,0.7586206896551724,0.6908866995073891,0.3091133004926108
tS(GCU)F,-1,1.4796301267550048e-08,66,4489,2007,21,0.31490202035546105,0.014489571899012075,0.7586206896551724,0.6910406403940886,0.3089593596059113
tV(AAC)G1,-1,1.4796301267550048e-08,66,4490,2006,21,0.3147501139298192,0.014486391571553995,0.7586206896551724,0.6911945812807881,0.3088054187192118
tD(GUC)D,-1,1.4796301267550048e-08,66,4491,2005,21,0.31459820750417744,0.014483212639894667,0.7586206896551724,0.6913485221674877,0.3086514778325123
tG(GCC)G1,-1,1.4796301267550048e-08,66,4492,2004,21,0.3144463010785356,0.014480035103115402,0.7586206896551724,0.6915024630541872,0.30849753694581283
tK(UUU)D,-1,1.4796301267550048e-08,66,4493,2003,21,0.3142943946528938,0.014476858960298312,0.7586206896551724,0.6916564039408867,0.3083435960591133
HRA1,-1,1.4796301267550048e-08,66,4494,2002,21,0.314142488227252,0.014473684210526316,0.7586206896551724,0.6918103448275862,0.3081896551724138
snR24,-1,1.4796301267550048e-08,66,4495,2001,21,0.3139905818016102,0.01447051085288314,0.7586206896551724,0.6919642857142857,0.3080357142857143
tX(XXX)D,-1,1.4796301267550048e-08,66,4496,2000,21,0.3138386753759684,0.01446733888645331,0.7586206896551724,0.6921182266009852,0.3078817733990148
Q0050,-1,1.4796301267550048e-08,66,4497,1999,21,0.3136867689503266,0.014464168310322156,0.7586206896551724,0.6922721674876847,0.3077278325123153
tL(UAA)K,-1,1.4796301267550048e-08,66,4498,1998,21,0.3135348625246848,0.014460999123575811,0.7586206896551724,0.6924261083743842,0.30757389162561577
URR3,-1,1.4796301267550048e-08,66,4499,1997,21,0.313382956099043,0.014457831325301205,0.7586206896551724,0.6925800492610837,0.30741995073891626
tN(GUU)Q,-1,1.4796301267550048e-08,66,4500,1996,21,0.3132310496734012,0.01445466491458607,0.7586206896551724,0.6927339901477833,0.30726600985221675
tR(UCU)G2,-1,1.4796301267550048e-08,66,4501,1995,21,0.3130791432477594,0.01445149989051894,0.7586206896551724,0.6928879310344828,0.30711206896551724
tN(GUU)F,-1,1.4796301267550048e-08,66,4502,1994,21,0.3129272368221176,0.014448336252189142,0.7586206896551724,0.6930418719211823,0.3069581280788177
GRD4,-1,1.4796301267550048e-08,66,4503,1993,21,0.31277533039647576,0.014445173998686802,0.7586206896551724,0.6931958128078818,0.3068041871921182
tY(GUA)M1,-1,1.4796301267550048e-08,66,4504,1992,21,0.312623423970834,0.014442013129102845,0.7586206896551724,0.6933497536945813,0.3066502463054187
tL(CAA)K,-1,1.4796301267550048e-08,66,4505,1991,21,0.31247151754519215,0.014438853642528986,0.7586206896551724,0.6935036945812808,0.3064963054187192
tI(AAU)I1,-1,1.4796301267550048e-08,66,4506,1990,21,0.31231961111955037,0.014435695538057743,0.7586206896551724,0.6936576354679803,0.3063423645320197
tD(GUC)G2,-1,1.4796301267550048e-08,66,4507,1989,21,0.31216770469390853,0.014432538814782419,0.7586206896551724,0.6938115763546798,0.3061884236453202
tV(AAC)K1,-1,1.4796301267550048e-08,66,4508,1988,21,0.31201579826826675,0.014429383471797114,0.7586206896551724,0.6939655172413793,0.30603448275862066
21S_rRNA,-1,1.4796301267550048e-08,66,4509,1987,21,0.3118638918426249,0.014426229508196721,0.7586206896551724,0.6941194581280788,0.3058805418719212
PDR7,-1,1.4796301267550048e-08,66,4510,1986,21,0.31171198541698314,0.014423076923076924,0.7586206896551724,0.6942733990147784,0.3057266009852217
tT(AGU)C,-1,1.4796301267550048e-08,66,4511,1985,21,0.31156007899134136,0.014419925715534193,0.7586206896551724,0.6944273399014779,0.3055726600985222
REC1,-1,1.4796301267550048e-08,66,4512,1984,21,0.3114081725656995,0.014416775884665793,0.7586206896551724,0.6945812807881774,0.3054187192118227
tK(CUU)F,-1,1.4796301267550048e-08,66,4513,1983,21,0.31125626614005775,0.014413627429569776,0.7586206896551724,0.6947352216748769,0.30526477832512317
snR17b,-1,1.4796301267550048e-08,66,4514,1982,21,0.3111043597144159,0.014410480349344978,0.7586206896551724,0.6948891625615764,0.30511083743842365
tI(AAU)B,-1,1.4796301267550048e-08,66,4515,1981,21,0.31095245328877413,0.014407334643091027,0.7586206896551724,0.6950431034482759,0.30495689655172414
tL(CAA)G1,-1,1.4796301267550048e-08,66,4516,1980,21,0.3108005468631323,0.014404190309908338,0.7586206896551724,0.6951970443349754,0.30480295566502463
tP(UGG)H,-1,1.4796301267550048e-08,66,4517,1979,21,0.3106486404374905,0.014401047348898102,0.7586206896551724,0.6953509852216748,0.3046490147783251
tT(AGU)O1,-1,1.4796301267550048e-08,66,4518,1978,21,0.3104967340118487,0.014397905759162303,0.7586206896551724,0.6955049261083743,0.3044950738916256
YCL005W-A,-1,1.4796301267550048e-08,66,4519,1977,21,0.3103448275862069,0.014394765539803707,0.7586206896551724,0.6956588669950738,0.3043411330049261
tT(AGU)N2,-1,1.4796301267550048e-08,66,4520,1976,21,0.31019292116056507,0.01439162668992586,0.7586206896551724,0.6958128078817734,0.3041871921182266
tF(GAA)P2,-1,1.4796301267550048e-08,66,4521,1975,21,0.3100410147349233,0.014388489208633094,0.7586206896551724,0.6959667487684729,0.3040332512315271
OSR9,-1,1.4796301267550048e-08,66,4522,1974,21,0.30988910830928146,0.014385353095030515,0.7586206896551724,0.6961206896551724,0.30387931034482757
tD(GUC)I2,-1,1.4796301267550048e-08,66,4523,1973,21,0.3097372018836397,0.014382218348224014,0.7586206896551724,0.6962746305418719,0.30372536945812806
snR82,-1,1.4796301267550048e-08,66,4524,1972,21,0.3095852954579979,0.01437908496732026,0.7586206896551724,0.6964285714285714,0.30357142857142855
tP(UGG)O2,-1,1.4796301267550048e-08,66,4525,1971,21,0.30943338903235607,0.014375952951426704,0.7586206896551724,0.6965825123152709,0.30341748768472904
tY(GUA)D,-1,1.4796301267550048e-08,66,4526,1970,21,0.3092814826067143,0.014372822299651568,0.7586206896551724,0.6967364532019704,0.3032635467980296
tK(UUU)G2,-1,1.4796301267550048e-08,66,4527,1969,21,0.30912957618107245,0.014369693011103853,0.7586206896551724,0.6968903940886699,0.30310960591133007
tV(AAC)K2,-1,1.4796301267550048e-08,66,4528,1968,21,0.3089776697554307,0.014366565084893338,0.7586206896551724,0.6970443349753694,0.30295566502463056
tK(CUU)P,-1,1.4796301267550048e-08,66,4529,1967,21,0.30882576332978884,0.014363438520130577,0.7586206896551724,0.697198275862069,0.30280172413793105
tK(CUU)K,-1,1.4796301267550048e-08,66,4530,1966,21,0.30867385690414706,0.014360313315926894,0.7586206896551724,0.6973522167487685,0.30264778325123154
tI(AAU)E2,-1,1.4796301267550048e-08,66,4531,1965,21,0.3085219504785052,0.014357189471394388,0.7586206896551724,0.697506157635468,0.30249384236453203
MEL10,-1,1.4796301267550048e-08,66,4532,1964,21,0.30837004405286345,0.014354066985645933,0.7586206896551724,0.6976600985221675,0.3023399014778325
DBF1,-1,1.4796301267550048e-08,66,4533,1963,21,0.3082181376272216,0.014350945857795172,0.7586206896551724,0.697814039408867,0.302185960591133
snR81,-1,1.4796301267550048e-08,66,4534,1962,21,0.30806623120157983,0.014347826086956521,0.7586206896551724,0.6979679802955665,0.3020320197044335
BIO6,-1,1.4796301267550048e-08,66,4535,1961,21,0.307914324775938,0.014344707672245164,0.7586206896551724,0.698121921182266,0.301878078817734
TSF1,-1,1.4796301267550048e-08,66,4536,1960,21,0.3077624183502962,0.014341590612777053,0.7586206896551724,0.6982758620689655,0.3017241379310345
tY(GUA)J2,-1,1.4796301267550048e-08,66,4537,1959,21,0.30761051192465444,0.014338474907668911,0.7586206896551724,0.698429802955665,0.30157019704433496
tN(GUU)N1,-1,1.4796301267550048e-08,66,4538,1958,21,0.3074586054990126,0.014335360556038228,0.7586206896551724,0.6985837438423645,0.30141625615763545
snR83,-1,1.4796301267550048e-08,66,4539,1957,21,0.3073066990733708,0.014332247557003257,0.7586206896551724,0.6987376847290641,0.30126231527093594
tE(UUC)E2,-1,1.4796301267550048e-08,66,4540,1956,21,0.307154792647729,0.014329135909683021,0.7586206896551724,0.6988916256157636,0.30110837438423643
AUT6,-1,1.4796301267550048e-08,66,4541,1955,21,0.3070028862220872,0.014326025613197308,0.7586206896551724,0.6990455665024631,0.3009544334975369
tR(UCU)Q1,-1,1.4796301267550048e-08,66,4542,1954,21,0.3068509797964454,0.014322916666666666,0.7586206896551724,0.6991995073891626,0.3008004926108374
ALD1,-1,1.4796301267550048e-08,66,4543,1953,21,0.3066990733708036,0.014319809069212411,0.7586206896551724,0.6993534482758621,0.30064655172413796
tL(UAA)B2,-1,1.4796301267550048e-08,66,4544,1952,21,0.30654716694516176,0.014316702819956615,0.7586206896551724,0.6995073891625616,0.30049261083743845
tR(ACG)Q2,-1,1.4796301267550048e-08,66,4545,1951,21,0.30639526051952,0.014313597918022121,0.7586206896551724,0.6996613300492611,0.30033866995073893
tD(GUC)L2,-1,1.4796301267550048e-08,66,4546,1950,21,0.30624335409387815,0.014310494362532523,0.7586206896551724,0.6998152709359606,0.3001847290640394
SPA1,-1,1.4796301267550048e-08,66,4547,1949,21,0.30609144766823637,0.014307392152612184,0.7586206896551724,0.6999692118226601,0.3000307881773399
tW(CCA)G2,-1,1.4796301267550048e-08,66,4548,1948,21,0.30593954124259454,0.014304291287386216,0.7586206896551724,0.7001231527093597,0.2998768472906404
tT(XXX)Q2,-1,1.4796301267550048e-08,66,4549,1947,21,0.30578763481695276,0.014301191765980499,0.7586206896551724,0.7002770935960592,0.2997229064039409
PMT7,-1,1.4796301267550048e-08,66,4550,1946,21,0.305635728391311,0.014298093587521665,0.7586206896551724,0.7004310344827587,0.2995689655172414
MAL41,-1,1.4796301267550048e-08,66,4551,1945,21,0.30548382196566914,0.014294996751137101,0.7586206896551724,0.7005849753694581,0.29941502463054187
tA(AGC)G,-1,1.4796301267550048e-08,66,4552,1944,21,0.30533191554002737,0.01429190125595496,0.7586206896551724,0.7007389162561576,0.29926108374384236
tY(GUA)Q,-1,1.4796301267550048e-08,66,4553,1943,21,0.30518000911438553,0.014288807101104134,0.7586206896551724,0.7008928571428571,0.29910714285714285
tR(UCU)B,-1,1.4389679459723344e-08,66,4554,1942,21,0.30502810268874375,0.014285714285714285,0.7586206896551724,0.7010467980295566,0.29895320197044334
YGR272C,-1,1.3985568929259251e-08,66,4555,1941,21,0.3048761962631019,0.01428262280891582,0.7586206896551724,0.7012007389162561,0.29879926108374383
tS(AGA)A,-1,1.395079944692967e-08,66,4556,1940,21,0.30472428983746014,0.014279532669839896,0.7586206896551724,0.7013546798029556,0.2986453201970443
snR36,-1,1.3769470347520992e-08,66,4557,1939,21,0.3045723834118183,0.01427644386761843,0.7586206896551724,0.7015086206896551,0.2984913793103448
snR66,-1,1.367917252074957e-08,66,4558,1938,21,0.3044204769861765,0.014273356401384083,0.7586206896551724,0.7016625615763546,0.2983374384236453
Q0250,-1,1.3240446152668062e-08,66,4559,1937,21,0.3042685705605347,0.01427027027027027,0.7586206896551724,0.7018165024630542,0.2981834975369458
snR41,-1,1.2666039006162472e-08,66,4560,1936,21,0.3041166641348929,0.014267185473411154,0.7586206896551724,0.7019704433497537,0.29802955665024633
Q0160,-1,1.1295891380689455e-08,66,4561,1935,21,0.3039647577092511,0.014264102009941647,0.7586206896551724,0.7021243842364532,0.2978756157635468
Q0275,-1,1.1289958249532939e-08,66,4562,1934,21,0.3038128512836093,0.014261019878997408,0.7586206896551724,0.7022783251231527,0.2977216748768473
YHL009W-B,-1,1.0639861045680507e-08,66,4563,1933,21,0.3036609448579675,0.014257939079714841,0.7586206896551724,0.7024322660098522,0.2975677339901478
Q0065,-1,1.0193438778824393e-08,66,4564,1932,21,0.3035090384323257,0.014254859611231102,0.7586206896551724,0.7025862068965517,0.2974137931034483
YOR192C-B,-1,9.577531048300149e-09,66,4565,1931,21,0.3033571320066839,0.014251781472684086,0.7586206896551724,0.7027401477832512,0.2972598522167488
YLR227W-B,-1,9.322110503288353e-09,66,4566,1930,21,0.30320522558104207,0.014248704663212436,0.7586206896551724,0.7028940886699507,0.29710591133004927
YPR158C-C,-1,9.181548338461909e-09,66,4567,1929,21,0.3030533191554003,0.014245629181955537,0.7586206896551724,0.7030480295566502,0.29695197044334976
YDR365W-B,-1,9.168289934314937e-09,66,4568,1928,21,0.30290141272975846,0.014242555028053518,0.7586206896551724,0.7032019704433498,0.29679802955665024
YDR098C-B,-1,8.913024104295858e-09,66,4569,1927,21,0.3027495063041167,0.01423948220064725,0.7586206896551724,0.7033559113300493,0.29664408866995073
YDR210C-D,-1,8.527439698919243e-09,66,4570,1926,21,0.30259759987847484,0.014236410698878344,0.7586206896551724,0.7035098522167488,0.2964901477832512
YDR210W-A,-1,8.016236223795203e-09,66,4571,1925,21,0.30244569345283306,0.014233340521889152,0.7586206896551724,0.7036637931034483,0.2963362068965517
YNL054W-B,-1,7.73581359549396e-09,66,4572,1924,21,0.30229378702719123,0.014230271668822769,0.7586206896551724,0.7038177339901478,0.2961822660098522
YOL103W-A,-1,7.421429335549394e-09,66,4573,1923,21,0.30214188060154945,0.014227204138823023,0.7586206896551724,0.7039716748768473,0.2960283251231527
YGR161W-A,-1,6.6639645640659354e-09,66,4574,1922,21,0.3019899741759076,0.014224137931034483,0.7586206896551724,0.7041256157635468,0.2958743842364532
tS(GCU)L,-1,6.507576464180952e-09,66,4575,1921,21,0.30183806775026584,0.014221073044602456,0.7586206896551724,0.7042795566502463,0.29572044334975367
YER137C-A,-1,6.347518105315891e-09,66,4576,1920,21,0.30168616132462406,0.014218009478672985,0.7586206896551724,0.7044334975369458,0.2955665024630542
YHL009W-A,-1,5.614356301695753e-09,66,4577,1919,21,0.3015342548989822,0.01421494723239285,0.7586206896551724,0.7045874384236454,0.2954125615763547
snR77,-1,3.744025810245186e-09,66,4578,1918,21,0.30138234847334044,0.014211886304909561,0.7586206896551724,0.7047413793103449,0.2952586206896552
snR13,-1,2.4777703746862114e-09,66,4579,1917,21,0.3012304420476986,0.014208826695371367,0.7586206896551724,0.7048953201970444,0.2951046798029557
YNR034W-A,0,0,66,4579,1917,21,0.3012304420476986,0.014208826695371367,0.7586206896551724,0.7048953201970444,0.2951046798029557
YIL152W,0,0,66,4579,1917,21,0.3012304420476986,0.014208826695371367,0.7586206896551724,0.7048953201970444,0.2951046798029557
YPR013C,-1,0,66,4580,1916,21,0.30107853562205683,0.01420576840292725,0.7586206896551724,0.7050492610837439,0.29495073891625617
YLR030W,0,0,66,4580,1916,21,0.30107853562205683,0.01420576840292725,0.7586206896551724,0.7050492610837439,0.29495073891625617
YPL173W,-1,0,66,4581,1915,21,0.300926629196415,0.014202711426726921,0.7586206896551724,0.7052032019704434,0.29479679802955666
YBR108W,-1,0,66,4582,1914,21,0.3007747227707732,0.014199655765920827,0.7586206896551724,0.7053571428571429,0.29464285714285715
YJL105W,-1,0,66,4583,1913,21,0.3006228163451314,0.014196601419660141,0.7586206896551724,0.7055110837438424,0.29448891625615764
YGL082W,-1,0,66,4584,1912,21,0.3004709099194896,0.014193548387096775,0.7586206896551724,0.7056650246305419,0.29433497536945813
YKL016C,-1,0,66,4585,1911,21,0.30031900349384777,0.014190496667383359,0.7586206896551724,0.7058189655172413,0.2941810344827586
YJL055W,-1,0,66,4586,1910,21,0.300167097068206,0.014187446259673258,0.7586206896551724,0.7059729064039408,0.2940270935960591
YNL034W,0,0,66,4586,1910,21,0.300167097068206,0.014187446259673258,0.7586206896551724,0.7059729064039408,0.2940270935960591
YFL035C-A,-1,0,66,4587,1909,21,0.30001519064256416,0.014184397163120567,0.7586206896551724,0.7061268472906403,0.2938731527093596
YPR061C,-1,0,66,4588,1908,21,0.2998632842169224,0.014181349376880103,0.7586206896551724,0.7062807881773399,0.2937192118226601
YGL160W,-1,0,66,4589,1907,21,0.2997113777912806,0.01417830290010741,0.7586206896551724,0.7064347290640394,0.2935652709359606
YJL038C,-1,0,66,4590,1906,21,0.29955947136563876,0.014175257731958763,0.7586206896551724,0.7065886699507389,0.29341133004926107
YMR115W,-1,0,66,4591,1905,21,0.299407564939997,0.014172213871591153,0.7586206896551724,0.7067426108374384,0.29325738916256155
YGR165W,-1,0,66,4592,1904,21,0.29925565851435515,0.014169171318162302,0.7586206896551724,0.7068965517241379,0.29310344827586204
YBR200W-A,-1,0,66,4593,1903,21,0.29910375208871337,0.014166130070830651,0.7586206896551724,0.7070504926108374,0.2929495073891626
YAR008W,-1,0,66,4594,1902,21,0.29895184566307154,0.014163090128755365,0.7586206896551724,0.7072044334975369,0.2927955665024631
YHR130C,0,0,66,4594,1902,21,0.29895184566307154,0.014163090128755365,0.7586206896551724,0.7072044334975369,0.2927955665024631
YDL001W,-1,0,66,4595,1901,21,0.29879993923742976,0.014160051491096332,0.7586206896551724,0.7073583743842364,0.29264162561576357
YDL012C,-1,0,66,4596,1900,21,0.2986480328117879,0.014157014157014158,0.7586206896551724,0.7075123152709359,0.29248768472906406
YLR253W,-1,0,66,4597,1899,21,0.29849612638614614,0.01415397812567017,0.7586206896551724,0.7076662561576355,0.29233374384236455
YPL097W,-1,0,66,4598,1898,21,0.2983442199605043,0.014150943396226415,0.7586206896551724,0.707820197044335,0.29217980295566504
YOR396W,-1,0,66,4599,1897,21,0.29819231353486253,0.01414790996784566,0.7586206896551724,0.7079741379310345,0.2920258620689655
YLL023C,-1,0,66,4600,1896,21,0.2980404071092207,0.014144877839691384,0.7586206896551724,0.708128078817734,0.291871921182266
YMR110C,-1,0,66,4601,1895,21,0.2978885006835789,0.01414184701092779,0.7586206896551724,0.7082820197044335,0.2917179802955665
YBR100W,-1,0,66,4602,1894,21,0.29773659425793714,0.014138817480719794,0.7586206896551724,0.708435960591133,0.291564039408867
YPR099C,0,0,66,4602,1894,21,0.29773659425793714,0.014138817480719794,0.7586206896551724,0.708435960591133,0.291564039408867
YIL041W,-1,0,66,4603,1893,21,0.2975846878322953,0.014135789248233027,0.7586206896551724,0.7085899014778325,0.2914100985221675
YCR087C-A,-1,0,66,4604,1892,21,0.2974327814066535,0.014132762312633832,0.7586206896551724,0.708743842364532,0.29125615763546797
YDR540C,-1,0,66,4605,1891,21,0.2972808749810117,0.014129736673089274,0.7586206896551724,0.7088977832512315,0.29110221674876846
YBR028C,-1,0,66,4606,1890,21,0.2971289685553699,0.014126712328767123,0.7586206896551724,0.709051724137931,0.29094827586206895
YKR016W,-1,0,66,4607,1889,21,0.2969770621297281,0.014123689278835866,0.7586206896551724,0.7092056650246306,0.29079433497536944
YFL067W,0,0,66,4607,1889,21,0.2969770621297281,0.014123689278835866,0.7586206896551724,0.7092056650246306,0.29079433497536944
YOR389W,-1,0,66,4608,1888,21,0.2968251557040863,0.014120667522464698,0.7586206896551724,0.7093596059113301,0.29064039408866993
YBR056W-A,0,0,66,4608,1888,21,0.2968251557040863,0.014120667522464698,0.7586206896551724,0.7093596059113301,0.29064039408866993
YGR062C,-1,0,66,4609,1887,21,0.29667324927844446,0.01411764705882353,0.7586206896551724,0.7095135467980296,0.2904864532019704
YCL012W,-1,0,66,4610,1886,21,0.2965213428528027,0.014114627887082978,0.7586206896551724,0.7096674876847291,0.29033251231527096
YFR012W-A,0,0,66,4610,1886,21,0.2965213428528027,0.014114627887082978,0.7586206896551724,0.7096674876847291,0.29033251231527096
YBR137W,-1,0,66,4611,1885,21,0.29636943642716085,0.014111610006414367,0.7586206896551724,0.7098214285714286,0.29017857142857145
YKL096C-B,0,0,66,4611,1885,21,0.29636943642716085,0.014111610006414367,0.7586206896551724,0.7098214285714286,0.29017857142857145
YGR168C,-1,0,66,4612,1884,21,0.29621753000151907,0.01410859341598974,0.7586206896551724,0.7099753694581281,0.29002463054187194
YGL146C,0,0,66,4612,1884,21,0.29621753000151907,0.01410859341598974,0.7586206896551724,0.7099753694581281,0.29002463054187194
YKR044W,-1,0,66,4613,1883,21,0.29606562357587723,0.014105578114981834,0.7586206896551724,0.7101293103448276,0.28987068965517243
YLR001C,-1,0,66,4614,1882,21,0.29591371715023546,0.014102564102564103,0.7586206896551724,0.7102832512315271,0.2897167487684729
YIR016W,0,0,66,4614,1882,21,0.29591371715023546,0.014102564102564103,0.7586206896551724,0.7102832512315271,0.2897167487684729
YPR170W-B,-1,0,66,4615,1881,21,0.2957618107245937,0.014099551377910703,0.7586206896551724,0.7104371921182266,0.2895628078817734
YJL132W,-1,0,66,4616,1880,21,0.29560990429895184,0.014096539940196497,0.7586206896551724,0.7105911330049262,0.2894088669950739
YER041W,-1,0,66,4617,1879,21,0.29545799787331006,0.014093529788597053,0.7586206896551724,0.7107450738916257,0.2892549261083744
YBR222C,-1,0,66,4618,1878,21,0.29530609144766823,0.014090520922288642,0.7586206896551724,0.7108990147783252,0.2891009852216749
YMR111C,-1,0,66,4619,1877,21,0.29515418502202645,0.014087513340448238,0.7586206896551724,0.7110529556650246,0.28894704433497537
YHR177W,-1,0,66,4620,1876,21,0.2950022785963846,0.014084507042253521,0.7586206896551724,0.7112068965517241,0.28879310344827586
YJR008W,0,0,66,4620,1876,21,0.2950022785963846,0.014084507042253521,0.7586206896551724,0.7112068965517241,0.28879310344827586
YKL170W,-1,0,66,4621,1875,21,0.29485037217074284,0.014081502026882867,0.7586206896551724,0.7113608374384236,0.28863916256157635
YDL183C,-1,0,66,4622,1874,21,0.294698465745101,0.014078498293515358,0.7586206896551724,0.7115147783251231,0.28848522167487683
YER092W,-1,0,66,4623,1873,21,0.2945465593194592,0.014075495841330775,0.7586206896551724,0.7116687192118226,0.2883312807881773
YBR148W,-1,0,66,4624,1872,21,0.2943946528938174,0.014072494669509595,0.7586206896551724,0.7118226600985221,0.2881773399014778
YKL148C,-1,0,66,4625,1871,21,0.2942427464681756,0.014069494777232999,0.7586206896551724,0.7119766009852216,0.2880233990147783
YHR039C-B,-1,0,66,4626,1870,21,0.2940908400425338,0.014066496163682864,0.7586206896551724,0.7121305418719212,0.2878694581280788
YPL067C,0,0,66,4626,1870,21,0.2940908400425338,0.014066496163682864,0.7586206896551724,0.7121305418719212,0.2878694581280788
YIL172C,-1,0,66,4627,1869,21,0.293938933616892,0.014063498828041764,0.7586206896551724,0.7122844827586207,0.28771551724137934
YOR141C,-1,0,66,4628,1868,21,0.2937870271912502,0.01406050276949297,0.7586206896551724,0.7124384236453202,0.2875615763546798
YBR201C-A,0,0,66,4628,1868,21,0.2937870271912502,0.01406050276949297,0.7586206896551724,0.7124384236453202,0.2875615763546798
YBL108C-A,-1,0,66,4629,1867,21,0.2936351207656084,0.014057507987220448,0.7586206896551724,0.7125923645320197,0.2874076354679803
YPR148C,0,0,66,4629,1867,21,0.2936351207656084,0.014057507987220448,0.7586206896551724,0.7125923645320197,0.2874076354679803
YGR039W,0,0,66,4629,1867,21,0.2936351207656084,0.014057507987220448,0.7586206896551724,0.7125923645320197,0.2874076354679803
YNL005C,-1,0,66,4630,1866,21,0.2934832143399666,0.014054514480408859,0.7586206896551724,0.7127463054187192,0.2872536945812808
YAR029W,0,0,66,4630,1866,21,0.2934832143399666,0.014054514480408859,0.7586206896551724,0.7127463054187192,0.2872536945812808
YJL142C,-1,0,66,4631,1865,21,0.29333130791432477,0.01405152224824356,0.7586206896551724,0.7129002463054187,0.2870997536945813
YAL008W,-1,0,66,4632,1864,21,0.293179401488683,0.0140485312899106,0.7586206896551724,0.7130541871921182,0.2869458128078818
YLR363W-A,0,0,66,4632,1864,21,0.293179401488683,0.0140485312899106,0.7586206896551724,0.7130541871921182,0.2869458128078818
YLR379W-A,0,0,66,4632,1864,21,0.293179401488683,0.0140485312899106,0.7586206896551724,0.7130541871921182,0.2869458128078818
YHR022C-A,0,0,66,4632,1864,21,0.293179401488683,0.0140485312899106,0.7586206896551724,0.7130541871921182,0.2869458128078818
YMR188C,-1,0,66,4633,1863,21,0.29302749506304115,0.014045541604596723,0.7586206896551724,0.7132081280788177,0.2867918719211823
YDR109C,-1,0,66,4634,1862,21,0.2928755886373994,0.014042553191489362,0.7586206896551724,0.7133620689655172,0.28663793103448276
YDR068W,0,0,66,4634,1862,21,0.2928755886373994,0.014042553191489362,0.7586206896551724,0.7133620689655172,0.28663793103448276
YMR295C,-1,0,66,4635,1861,21,0.29272368221175754,0.014039566049776643,0.7586206896551724,0.7135160098522167,0.28648399014778325
YDR210W-D,-1,0,66,4636,1860,21,0.29257177578611576,0.014036580178647383,0.7586206896551724,0.7136699507389163,0.28633004926108374
YKR071C,-1,0,66,4637,1859,21,0.2924198693604739,0.014033595577291091,0.7586206896551724,0.7138238916256158,0.28617610837438423
YDL114W,-1,0,66,4638,1858,21,0.29226796293483215,0.01403061224489796,0.7586206896551724,0.7139778325123153,0.2860221674876847
YDR107C,-1,0,66,4639,1857,21,0.2921160565091903,0.014027630180658874,0.7586206896551724,0.7141317733990148,0.2858682266009852
YGL059W,-1,0,66,4640,1856,21,0.29196415008354853,0.014024649383765405,0.7586206896551724,0.7142857142857143,0.2857142857142857
YDR405W,-1,0,66,4641,1855,21,0.29181224365790676,0.014021669853409816,0.7586206896551724,0.7144396551724138,0.2855603448275862
YGL259W,-1,0,66,4642,1854,21,0.2916603372322649,0.014018691588785047,0.7586206896551724,0.7145935960591133,0.2854064039408867
YIL098C,-1,0,66,4643,1853,21,0.29150843080662314,0.014015714589084731,0.7586206896551724,0.7147475369458128,0.28525246305418717
YJL199C,0,0,66,4643,1853,21,0.29150843080662314,0.014015714589084731,0.7586206896551724,0.7147475369458128,0.28525246305418717
YGL081W,0,0,66,4643,1853,21,0.29150843080662314,0.014015714589084731,0.7586206896551724,0.7147475369458128,0.28525246305418717
YFL062W,-1,0,66,4644,1852,21,0.2913565243809813,0.014012738853503185,0.7586206896551724,0.7149014778325123,0.2850985221674877
YJL171C,-1,0,66,4645,1851,21,0.29120461795533953,0.014009764381235407,0.7586206896551724,0.7150554187192119,0.2849445812807882
YGR018C,0,0,66,4645,1851,21,0.29120461795533953,0.014009764381235407,0.7586206896551724,0.7150554187192119,0.2849445812807882
YMR074C,-1,0,66,4646,1850,21,0.2910527115296977,0.01400679117147708,0.7586206896551724,0.7152093596059114,0.2847906403940887
YHL015W-A,0,0,66,4646,1850,21,0.2910527115296977,0.01400679117147708,0.7586206896551724,0.7152093596059114,0.2847906403940887
YDL186W,0,0,66,4646,1850,21,0.2910527115296977,0.01400679117147708,0.7586206896551724,0.7152093596059114,0.2847906403940887
YML120C,-1,0,66,4647,1849,21,0.2909008051040559,0.014003819223424571,0.7586206896551724,0.7153633004926109,0.2846366995073892
YHL013C,-1,0,66,4648,1848,21,0.2907488986784141,0.014000848536274925,0.7586206896551724,0.7155172413793104,0.28448275862068967
YAL005C,-1,0,66,4649,1847,21,0.2905969922527723,0.013997879109225874,0.7586206896551724,0.7156711822660099,0.28432881773399016
YPL162C,-1,0,66,4650,1846,21,0.29044508582713047,0.013994910941475827,0.7586206896551724,0.7158251231527094,0.28417487684729065
YGR174C,-1,0,66,4651,1845,21,0.2902931794014887,0.01399194403222387,0.7586206896551724,0.7159790640394089,0.28402093596059114
YPL074W,-1,0,66,4652,1844,21,0.29014127297584685,0.013988978380669776,0.7586206896551724,0.7161330049261084,0.2838669950738916
YFL040W,-1,0,66,4653,1843,21,0.2899893665502051,0.013986013986013986,0.7586206896551724,0.7162869458128078,0.2837130541871921
YLR012C,0,0,66,4653,1843,21,0.2899893665502051,0.013986013986013986,0.7586206896551724,0.7162869458128078,0.2837130541871921
YGR196C,0,0,66,4653,1843,21,0.2899893665502051,0.013986013986013986,0.7586206896551724,0.7162869458128078,0.2837130541871921
YPR108W-A,0,0,66,4653,1843,21,0.2899893665502051,0.013986013986013986,0.7586206896551724,0.7162869458128078,0.2837130541871921
YDR267C,-1,0,66,4654,1842,21,0.2898374601245633,0.013983050847457627,0.7586206896551724,0.7164408866995073,0.2835591133004926
YLR392C,-1,0,66,4655,1841,21,0.28968555369892146,0.013980088964202499,0.7586206896551724,0.7165948275862069,0.2834051724137931
YLR067C,-1,0,66,4656,1840,21,0.2895336472732797,0.01397712833545108,0.7586206896551724,0.7167487684729064,0.2832512315270936
YER184C,-1,0,66,4657,1839,21,0.28938174084763785,0.013974168960406522,0.7586206896551724,0.7169027093596059,0.2830972906403941
YKR043C,-1,0,66,4658,1838,21,0.28922983442199607,0.01397121083827265,0.7586206896551724,0.7170566502463054,0.28294334975369456
YER128W,-1,0,66,4659,1837,21,0.28907792799635423,0.013968253968253968,0.7586206896551724,0.7172105911330049,0.28278940886699505
YOL098C,-1,0,66,4660,1836,21,0.28892602157071245,0.01396529834955565,0.7586206896551724,0.7173645320197044,0.28263546798029554
YMR103C,0,0,66,4660,1836,21,0.28892602157071245,0.01396529834955565,0.7586206896551724,0.7173645320197044,0.28263546798029554
YDR026C,-1,0,66,4661,1835,21,0.2887741151450706,0.01396234398138354,0.7586206896551724,0.7175184729064039,0.2824815270935961
YNL140C,0,0,66,4661,1835,21,0.2887741151450706,0.01396234398138354,0.7586206896551724,0.7175184729064039,0.2824815270935961
YCL049C,0,0,66,4661,1835,21,0.2887741151450706,0.01396234398138354,0.7586206896551724,0.7175184729064039,0.2824815270935961
YGR012W,-1,0,66,4662,1834,21,0.28862220871942884,0.013959390862944163,0.7586206896551724,0.7176724137931034,0.2823275862068966
YHR035W,-1,0,66,4663,1833,21,0.288470302293787,0.013956438993444703,0.7586206896551724,0.7178263546798029,0.28217364532019706
YKR018C,0,0,66,4663,1833,21,0.288470302293787,0.013956438993444703,0.7586206896551724,0.7178263546798029,0.28217364532019706
YBR032W,0,0,66,4663,1833,21,0.288470302293787,0.013956438993444703,0.7586206896551724,0.7178263546798029,0.28217364532019706
YER153C,-1,0,66,4664,1832,21,0.2883183958681452,0.013953488372093023,0.7586206896551724,0.7179802955665024,0.28201970443349755
YLR162W,0,0,66,4664,1832,21,0.2883183958681452,0.013953488372093023,0.7586206896551724,0.7179802955665024,0.28201970443349755
YDL053C,0,0,66,4664,1832,21,0.2883183958681452,0.013953488372093023,0.7586206896551724,0.7179802955665024,0.28201970443349755
YGL060W,-1,0,66,4665,1831,21,0.2881664894425034,0.013950538998097653,0.7586206896551724,0.718134236453202,0.28186576354679804
YDR275W,0,0,66,4665,1831,21,0.2881664894425034,0.013950538998097653,0.7586206896551724,0.718134236453202,0.28186576354679804
YIL177C,-1,0,66,4666,1830,21,0.2880145830168616,0.013947590870667794,0.7586206896551724,0.7182881773399015,0.28171182266009853
YNL328C,-1,0,66,4667,1829,21,0.28786267659121983,0.01394464398901331,0.7586206896551724,0.718442118226601,0.281557881773399
YLR122C,0,0,66,4667,1829,21,0.28786267659121983,0.01394464398901331,0.7586206896551724,0.718442118226601,0.281557881773399
YGL204C,-1,0,66,4668,1828,21,0.287710770165578,0.01394169835234474,0.7586206896551724,0.7185960591133005,0.2814039408866995
YJR054W,-1,0,66,4669,1827,21,0.2875588637399362,0.013938753959873283,0.7586206896551724,0.71875,0.28125
YPL059W,-1,0,66,4670,1826,21,0.2874069573142944,0.01393581081081081,0.7586206896551724,0.7189039408866995,0.2810960591133005
YBR090C,0,0,66,4670,1826,21,0.2874069573142944,0.01393581081081081,0.7586206896551724,0.7189039408866995,0.2810960591133005
YPL277C,0,0,66,4670,1826,21,0.2874069573142944,0.01393581081081081,0.7586206896551724,0.7189039408866995,0.2810960591133005
YFL068W,0,0,66,4670,1826,21,0.2874069573142944,0.01393581081081081,0.7586206896551724,0.7189039408866995,0.2810960591133005
YER039C-A,0,0,66,4670,1826,21,0.2874069573142944,0.01393581081081081,0.7586206896551724,0.7189039408866995,0.2810960591133005
YGL258W,-1,0,66,4671,1825,21,0.2872550508886526,0.013932868904369854,0.7586206896551724,0.719057881773399,0.280942118226601
YJL096W,-1,0,66,4672,1824,21,0.2871031444630108,0.013929928239763613,0.7586206896551724,0.7192118226600985,0.28078817733990147
YPL199C,-1,0,66,4673,1823,21,0.286951238037369,0.013926988816205951,0.7586206896551724,0.719365763546798,0.28063423645320196
YBR046C,-1,0,66,4674,1822,21,0.28679933161172716,0.013924050632911392,0.7586206896551724,0.7195197044334976,0.28048029556650245
YPR091C,-1,0,66,4675,1821,21,0.2866474251860854,0.013921113689095127,0.7586206896551724,0.7196736453201971,0.28032635467980294
YDR266C,-1,0,66,4676,1820,21,0.28649551876044355,0.013918177983973008,0.7586206896551724,0.7198275862068966,0.2801724137931034
YPR147C,-1,0,66,4677,1819,21,0.28634361233480177,0.013915243516761544,0.7586206896551724,0.7199815270935961,0.2800184729064039
YFL035C-B,-1,0,66,4678,1818,21,0.28619170590915993,0.01391231028667791,0.7586206896551724,0.7201354679802956,0.27986453201970446
YHR105W,-1,0,66,4679,1817,21,0.28603979948351815,0.013909378292939936,0.7586206896551724,0.7202894088669951,0.27971059113300495
YGL010W,-1,0,66,4680,1816,21,0.2858878930578764,0.01390644753476612,0.7586206896551724,0.7204433497536946,0.27955665024630544
YMR132C,0,0,66,4680,1816,21,0.2858878930578764,0.01390644753476612,0.7586206896551724,0.7204433497536946,0.27955665024630544
YHR022C,0,0,66,4680,1816,21,0.2858878930578764,0.01390644753476612,0.7586206896551724,0.7204433497536946,0.27955665024630544
YGL129C,-1,0,66,4681,1815,21,0.28573598663223454,0.013903518011375605,0.7586206896551724,0.7205972906403941,0.2794027093596059
YLR157W-C,0,0,66,4681,1815,21,0.28573598663223454,0.013903518011375605,0.7586206896551724,0.7205972906403941,0.2794027093596059
YPR038W,-1,0,66,4682,1814,21,0.28558408020659276,0.013900589721988205,0.7586206896551724,0.7207512315270936,0.2792487684729064
YMR242W-A,0,0,66,4682,1814,21,0.28558408020659276,0.013900589721988205,0.7586206896551724,0.7207512315270936,0.2792487684729064
YOL092W,-1,0,66,4683,1813,21,0.2854321737809509,0.013897662665824383,0.7586206896551724,0.7209051724137931,0.2790948275862069
YBR282W,-1,0,66,4684,1812,21,0.28528026735530915,0.013894736842105264,0.7586206896551724,0.7210591133004927,0.2789408866995074
YDR379C-A,-1,0,66,4685,1811,21,0.2851283609296673,0.013891812250052621,0.7586206896551724,0.7212130541871922,0.2787869458128079
YJL049W,-1,0,66,4686,1810,21,0.28497645450402553,0.013888888888888888,0.7586206896551724,0.7213669950738916,0.2786330049261084
YKL037W,-1,0,66,4687,1809,21,0.2848245480783837,0.013885966757837155,0.7586206896551724,0.7215209359605911,0.27847906403940886
YER085C,0,0,66,4687,1809,21,0.2848245480783837,0.013885966757837155,0.7586206896551724,0.7215209359605911,0.27847906403940886
YML032C,-1,0,66,4688,1808,21,0.2846726416527419,0.013883045856121162,0.7586206896551724,0.7216748768472906,0.27832512315270935
YJL200C,-1,0,66,4689,1807,21,0.2845207352271001,0.0138801261829653,0.7586206896551724,0.7218288177339901,0.27817118226600984
YER150W,-1,0,66,4690,1806,21,0.2843688288014583,0.013877207737594618,0.7586206896551724,0.7219827586206896,0.27801724137931033
YHR117W,-1,0,66,4691,1805,21,0.28421692237581647,0.013874290519234812,0.7586206896551724,0.7221366995073891,0.2778633004926108
YKL134C,-1,0,66,4692,1804,21,0.2840650159501747,0.013871374527112233,0.7586206896551724,0.7222906403940886,0.2777093596059113
YLR348C,-1,0,66,4693,1803,21,0.2839131095245329,0.013868459760453877,0.7586206896551724,0.7224445812807881,0.2775554187192118
YOL166W-A,0,0,66,4693,1803,21,0.2839131095245329,0.013868459760453877,0.7586206896551724,0.7224445812807881,0.2775554187192118
YMR233W,-1,0,66,4694,1802,21,0.2837612030988911,0.013865546218487394,0.7586206896551724,0.7225985221674877,0.2774014778325123
YDR286C,0,0,66,4694,1802,21,0.2837612030988911,0.013865546218487394,0.7586206896551724,0.7225985221674877,0.2774014778325123
YBR285W,0,0,66,4694,1802,21,0.2837612030988911,0.013865546218487394,0.7586206896551724,0.7225985221674877,0.2774014778325123
YLR021W,-1,0,66,4695,1801,21,0.2836092966732493,0.013862633900441084,0.7586206896551724,0.7227524630541872,0.27724753694581283
YGL006W-A,0,0,66,4695,1801,21,0.2836092966732493,0.013862633900441084,0.7586206896551724,0.7227524630541872,0.27724753694581283
YDL045W-A,-1,0,66,4696,1800,21,0.28345739024760747,0.01385972280554389,0.7586206896551724,0.7229064039408867,0.2770935960591133
YML086C,-1,0,66,4697,1799,21,0.2833054838219657,0.013856812933025405,0.7586206896551724,0.7230603448275862,0.2769396551724138
YPR106W,-1,0,66,4698,1798,21,0.28315357739632385,0.013853904282115869,0.7586206896551724,0.7232142857142857,0.2767857142857143
YDL110C,-1,0,66,4699,1797,21,0.2830016709706821,0.01385099685204617,0.7586206896551724,0.7233682266009852,0.2766317733990148
YJL147C,0,0,66,4699,1797,21,0.2830016709706821,0.01385099685204617,0.7586206896551724,0.7233682266009852,0.2766317733990148
YFR054C,0,0,66,4699,1797,21,0.2830016709706821,0.01385099685204617,0.7586206896551724,0.7233682266009852,0.2766317733990148
YDR090C,-1,0,66,4700,1796,21,0.28284976454504024,0.013848090642047839,0.7586206896551724,0.7235221674876847,0.2764778325123153
YLR112W,0,0,66,4700,1796,21,0.28284976454504024,0.013848090642047839,0.7586206896551724,0.7235221674876847,0.2764778325123153
YIR021W-A,0,0,66,4700,1796,21,0.28284976454504024,0.013848090642047839,0.7586206896551724,0.7235221674876847,0.2764778325123153
YMR286W,-1,0,66,4701,1795,21,0.28269785811939846,0.013845185651353053,0.7586206896551724,0.7236761083743842,0.27632389162561577
YJR005C-A,0,0,66,4701,1795,21,0.28269785811939846,0.013845185651353053,0.7586206896551724,0.7236761083743842,0.27632389162561577
YLL025W,-1,0,66,4702,1794,21,0.2825459516937566,0.013842281879194632,0.7586206896551724,0.7238300492610837,0.27616995073891626
YFL066C,-1,0,66,4703,1793,21,0.28239404526811485,0.013839379324806039,0.7586206896551724,0.7239839901477833,0.27601600985221675
YML025C,-1,0,66,4704,1792,21,0.282242138842473,0.013836477987421384,0.7586206896551724,0.7241379310344828,0.27586206896551724
YHL049C,0,0,66,4704,1792,21,0.282242138842473,0.013836477987421384,0.7586206896551724,0.7241379310344828,0.27586206896551724
YOR052C,-1,0,66,4705,1791,21,0.28209023241683123,0.013833577866275414,0.7586206896551724,0.7242918719211823,0.2757081280788177
YIL114C,-1,0,66,4706,1790,21,0.28193832599118945,0.013830678960603521,0.7586206896551724,0.7244458128078818,0.2755541871921182
YLR414C,-1,0,66,4707,1789,21,0.2817864195655476,0.013827781269641735,0.7586206896551724,0.7245997536945813,0.2754002463054187
YGL149W,0,0,66,4707,1789,21,0.2817864195655476,0.013827781269641735,0.7586206896551724,0.7245997536945813,0.2754002463054187
YLR073C,-1,0,66,4708,1788,21,0.28163451313990584,0.013824884792626729,0.7586206896551724,0.7247536945812808,0.2752463054187192
YOR051C,-1,0,66,4709,1787,21,0.281482606714264,0.01382198952879581,0.7586206896551724,0.7249076354679803,0.2750923645320197
YOR285W,-1,0,66,4710,1786,21,0.2813307002886222,0.013819095477386936,0.7586206896551724,0.7250615763546798,0.2749384236453202
YFR012W,-1,0,66,4711,1785,21,0.2811787938629804,0.013816202637638685,0.7586206896551724,0.7252155172413793,0.27478448275862066
YDR307W,-1,0,66,4712,1784,21,0.2810268874373386,0.01381331100879029,0.7586206896551724,0.7253694581280788,0.2746305418719212
YGR125W,-1,0,66,4713,1783,21,0.2808749810116968,0.013810420590081607,0.7586206896551724,0.7255233990147784,0.2744766009852217
YDR063W,-1,0,66,4714,1782,21,0.280723074586055,0.013807531380753139,0.7586206896551724,0.7256773399014779,0.2743226600985222
YOR304C-A,-1,0,66,4715,1781,21,0.28057116816041316,0.013804643380046016,0.7586206896551724,0.7258312807881774,0.2741687192118227
YOL048C,-1,0,66,4716,1780,21,0.2804192617347714,0.013801756587202008,0.7586206896551724,0.7259852216748769,0.27401477832512317
YOL036W,0,0,66,4716,1780,21,0.2804192617347714,0.013801756587202008,0.7586206896551724,0.7259852216748769,0.27401477832512317
YOL026C,-1,0,66,4717,1779,21,0.28026735530912955,0.013798871001463516,0.7586206896551724,0.7261391625615764,0.27386083743842365
YGR050C,0,0,66,4717,1779,21,0.28026735530912955,0.013798871001463516,0.7586206896551724,0.7261391625615764,0.27386083743842365
YPR063C,-1,0,66,4718,1778,21,0.28011544888348777,0.013795986622073578,0.7586206896551724,0.7262931034482759,0.27370689655172414
YDR274C,0,0,66,4718,1778,21,0.28011544888348777,0.013795986622073578,0.7586206896551724,0.7262931034482759,0.27370689655172414
YML096W,-1,0,66,4719,1777,21,0.279963542457846,0.013793103448275862,0.7586206896551724,0.7264470443349754,0.27355295566502463
YBL059W,-1,0,66,4720,1776,21,0.27981163603220416,0.013790221479314668,0.7586206896551724,0.7266009852216748,0.2733990147783251
YNL063W,1,0,67,4720,1776,20,0.279963542457846,0.013996239816168791,0.7701149425287356,0.7266009852216748,0.2733990147783251
YNL067W-A,0,0,67,4720,1776,20,0.279963542457846,0.013996239816168791,0.7701149425287356,0.7266009852216748,0.2733990147783251
YPL264C,-1,0,67,4721,1775,20,0.27981163603220416,0.013993316624895571,0.7701149425287356,0.7267549261083743,0.2732450738916256
YPL271W,-1,0,67,4722,1774,20,0.2796597296065624,0.013990394654416372,0.7701149425287356,0.7269088669950738,0.2730911330049261
YLR064W,-1,0,67,4723,1773,20,0.27950782318092054,0.013987473903966596,0.7701149425287356,0.7270628078817734,0.2729371921182266
YJL070C,0,0,67,4723,1773,20,0.27950782318092054,0.013987473903966596,0.7701149425287356,0.7270628078817734,0.2729371921182266
YFR035C,0,0,67,4723,1773,20,0.27950782318092054,0.013987473903966596,0.7701149425287356,0.7270628078817734,0.2729371921182266
YJR112W-A,-1,0,67,4724,1772,20,0.27935591675527877,0.0139845543727823,0.7701149425287356,0.7272167487684729,0.2727832512315271
YBL039W-A,-1,0,67,4725,1771,20,0.27920401032963693,0.013981636060100167,0.7701149425287356,0.7273706896551724,0.27262931034482757
YBL057C,-1,0,67,4726,1770,20,0.27905210390399515,0.013978718965157521,0.7701149425287356,0.7275246305418719,0.27247536945812806
YNL208W,0,0,67,4726,1770,20,0.27905210390399515,0.013978718965157521,0.7701149425287356,0.7275246305418719,0.27247536945812806
YER140W,-1,0,67,4727,1769,20,0.2789001974783533,0.013975803087192323,0.7701149425287356,0.7276785714285714,0.27232142857142855
YDR344C,0,0,67,4727,1769,20,0.2789001974783533,0.013975803087192323,0.7701149425287356,0.7276785714285714,0.27232142857142855
YDR182W-A,0,0,67,4727,1769,20,0.2789001974783533,0.013975803087192323,0.7701149425287356,0.7276785714285714,0.27232142857142855
YNR018W,-1,0,67,4728,1768,20,0.27874829105271154,0.01397288842544317,0.7701149425287356,0.7278325123152709,0.27216748768472904
YJR124C,-1,0,67,4729,1767,20,0.2785963846270697,0.01396997497914929,0.7701149425287356,0.7279864532019704,0.2720135467980296
YAL049C,0,0,67,4729,1767,20,0.2785963846270697,0.01396997497914929,0.7701149425287356,0.7279864532019704,0.2720135467980296
YOR175C,-1,0,67,4730,1766,20,0.2784444782014279,0.013967062747550553,0.7701149425287356,0.7281403940886699,0.27185960591133007
YKR105C,-1,0,67,4731,1765,20,0.2782925717757861,0.013964151729887454,0.7701149425287356,0.7282943349753694,0.27170566502463056
YFL043C,-1,0,67,4732,1764,20,0.2781406653501443,0.013961241925401125,0.7701149425287356,0.728448275862069,0.27155172413793105
YER066W,-1,0,67,4733,1763,20,0.27798875892450253,0.013958333333333333,0.7701149425287356,0.7286022167487685,0.27139778325123154
YDL022C-A,0,0,67,4733,1763,20,0.27798875892450253,0.013958333333333333,0.7701149425287356,0.7286022167487685,0.27139778325123154
YMR321C,1,0,68,4733,1763,19,0.2781406653501443,0.014163715892522391,0.7816091954022989,0.7286022167487685,0.27139778325123154
YML053C,0,0,68,4733,1763,19,0.2781406653501443,0.014163715892522391,0.7816091954022989,0.7286022167487685,0.27139778325123154
YFL046W,-1,0,68,4734,1762,19,0.27798875892450253,0.014160766347355268,0.7816091954022989,0.728756157635468,0.27124384236453203
YOL029C,0,0,68,4734,1762,19,0.27798875892450253,0.014160766347355268,0.7816091954022989,0.728756157635468,0.27124384236453203
YIL137C,-1,0,68,4735,1761,19,0.2778368524988607,0.014157818030397668,0.7816091954022989,0.7289100985221675,0.2710899014778325
YJL143W,-1,0,68,4736,1760,19,0.2776849460732189,0.014154870940882597,0.7816091954022989,0.729064039408867,0.270935960591133
YCL047C,-1,0,68,4737,1759,19,0.2775330396475771,0.014151925078043704,0.7816091954022989,0.7292179802955665,0.2707820197044335
YFR007W,-1,0,68,4738,1758,19,0.2773811332219353,0.014148980441115273,0.7816091954022989,0.729371921182266,0.270628078817734
YLL018C,-1,0,68,4739,1757,19,0.27722922679629347,0.014146037029332224,0.7816091954022989,0.7295258620689655,0.2704741379310345
YOR235W,0,0,68,4739,1757,19,0.27722922679629347,0.014146037029332224,0.7816091954022989,0.7295258620689655,0.2704741379310345
YLR156C-A,0,0,68,4739,1757,19,0.27722922679629347,0.014146037029332224,0.7816091954022989,0.7295258620689655,0.2704741379310345
YLR408C,-1,0,68,4740,1756,19,0.2770773203706517,0.014143094841930116,0.7816091954022989,0.729679802955665,0.27032019704433496
YGR035C,0,0,68,4740,1756,19,0.2770773203706517,0.014143094841930116,0.7816091954022989,0.729679802955665,0.27032019704433496
YMR215W,-1,0,68,4741,1755,19,0.27692541394500986,0.014140153878145144,0.7816091954022989,0.7298337438423645,0.27016625615763545
YLR077W,-1,0,68,4742,1754,19,0.2767735075193681,0.014137214137214138,0.7816091954022989,0.7299876847290641,0.27001231527093594
YER187W,0,0,68,4742,1754,19,0.2767735075193681,0.014137214137214138,0.7816091954022989,0.7299876847290641,0.27001231527093594
YFL052W,-1,0,68,4743,1753,19,0.27662160109372624,0.014134275618374558,0.7816091954022989,0.7301416256157636,0.26985837438423643
YMR195W,-1,0,68,4744,1752,19,0.27646969466808446,0.014131338320864505,0.7816091954022989,0.7302955665024631,0.2697044334975369
YDR374W-A,-1,0,68,4745,1751,19,0.27631778824244263,0.01412840224392271,0.7816091954022989,0.7304495073891626,0.2695504926108374
YBL071C,0,0,68,4745,1751,19,0.27631778824244263,0.01412840224392271,0.7816091954022989,0.7304495073891626,0.2695504926108374
YKR065C,-1,0,68,4746,1750,19,0.27616588181680085,0.014125467386788533,0.7816091954022989,0.7306034482758621,0.26939655172413796
YBR184W,0,0,68,4746,1750,19,0.27616588181680085,0.014125467386788533,0.7816091954022989,0.7306034482758621,0.26939655172413796
YIL014C-A,0,0,68,4746,1750,19,0.27616588181680085,0.014125467386788533,0.7816091954022989,0.7306034482758621,0.26939655172413796
YDR278C,0,0,68,4746,1750,19,0.27616588181680085,0.014125467386788533,0.7816091954022989,0.7306034482758621,0.26939655172413796
YIL055C,0,0,68,4746,1750,19,0.27616588181680085,0.014125467386788533,0.7816091954022989,0.7306034482758621,0.26939655172413796
YCR043C,-1,0,68,4747,1749,19,0.27601397539115907,0.014122533748701973,0.7816091954022989,0.7307573891625616,0.26924261083743845
YGL228W,-1,0,68,4748,1748,19,0.27586206896551724,0.014119601328903655,0.7816091954022989,0.7309113300492611,0.26908866995073893
YMR178W,0,0,68,4748,1748,19,0.27586206896551724,0.014119601328903655,0.7816091954022989,0.7309113300492611,0.26908866995073893
YFL018W-A,-1,0,68,4749,1747,19,0.27571016253987546,0.014116670126634834,0.7816091954022989,0.7310652709359606,0.2689347290640394
YJR014W,-1,0,68,4750,1746,19,0.2755582561142336,0.014113740141137402,0.7816091954022989,0.7312192118226601,0.2687807881773399
YOR343C-B,-1,0,68,4751,1745,19,0.27540634968859184,0.01411081137165387,0.7816091954022989,0.7313731527093597,0.2686268472906404
YOL155W-A,0,0,68,4751,1745,19,0.27540634968859184,0.01411081137165387,0.7816091954022989,0.7313731527093597,0.2686268472906404
YDR461C-A,0,0,68,4751,1745,19,0.27540634968859184,0.01411081137165387,0.7816091954022989,0.7313731527093597,0.2686268472906404
YNL215W,-1,0,68,4752,1744,19,0.27525444326295,0.014107883817427386,0.7816091954022989,0.7315270935960592,0.2684729064039409
YOR394C-A,0,0,68,4752,1744,19,0.27525444326295,0.014107883817427386,0.7816091954022989,0.7315270935960592,0.2684729064039409
YLR312C-B,-1,0,68,4753,1743,19,0.27510253683730823,0.014104957477701721,0.7816091954022989,0.7316810344827587,0.2683189655172414
YEL068C,-1,0,68,4754,1742,19,0.2749506304116664,0.014102032351721278,0.7816091954022989,0.7318349753694581,0.26816502463054187
YGL263W,-1,0,68,4755,1741,19,0.2747987239860246,0.01409910843873108,0.7816091954022989,0.7319889162561576,0.26801108374384236
YLR037C,-1,0,68,4756,1740,19,0.2746468175603828,0.014096185737976783,0.7816091954022989,0.7321428571428571,0.26785714285714285
YBR196C-B,0,0,68,4756,1740,19,0.2746468175603828,0.014096185737976783,0.7816091954022989,0.7321428571428571,0.26785714285714285
YEL072W,-1,0,68,4757,1739,19,0.274494911134741,0.014093264248704664,0.7816091954022989,0.7322967980295566,0.26770320197044334
YCL002C,0,0,68,4757,1739,19,0.274494911134741,0.014093264248704664,0.7816091954022989,0.7322967980295566,0.26770320197044334
YER058W,-1,0,68,4758,1738,19,0.27434300470909917,0.014090343970161625,0.7816091954022989,0.7324507389162561,0.26754926108374383
YGL226W,-1,0,68,4759,1737,19,0.2741910982834574,0.014087424901595194,0.7816091954022989,0.7326046798029556,0.2673953201970443
YHR054C,0,0,68,4759,1737,19,0.2741910982834574,0.014087424901595194,0.7816091954022989,0.7326046798029556,0.2673953201970443
YFL041W-A,0,0,68,4759,1737,19,0.2741910982834574,0.014087424901595194,0.7816091954022989,0.7326046798029556,0.2673953201970443
YNL335W,-1,0,68,4760,1736,19,0.2740391918578156,0.014084507042253521,0.7816091954022989,0.7327586206896551,0.2672413793103448
YNL320W,-1,0,68,4761,1735,19,0.2738872854321738,0.01408159039138538,0.7816091954022989,0.7329125615763546,0.2670874384236453
YAL018C,-1,0,68,4762,1734,19,0.273735379006532,0.014078674948240166,0.7816091954022989,0.7330665024630542,0.2669334975369458
YLR358C,0,0,68,4762,1734,19,0.273735379006532,0.014078674948240166,0.7816091954022989,0.7330665024630542,0.2669334975369458
YDR304C,-1,0,68,4763,1733,19,0.27358347258089016,0.014075760712067896,0.7816091954022989,0.7332204433497537,0.26677955665024633
YPL250C,-1,0,68,4764,1732,19,0.2734315661552484,0.014072847682119206,0.7816091954022989,0.7333743842364532,0.2666256157635468
YMR158W,-1,0,68,4765,1731,19,0.27327965972960655,0.014069935857645354,0.7816091954022989,0.7335283251231527,0.2664716748768473
YDR333C,-1,0,68,4766,1730,19,0.27312775330396477,0.01406702523789822,0.7816091954022989,0.7336822660098522,0.2663177339901478
YMR003W,-1,0,68,4767,1729,19,0.27297584687832294,0.0140641158221303,0.7816091954022989,0.7338362068965517,0.2661637931034483
YKL161C,-1,0,68,4768,1728,19,0.27282394045268116,0.014061207609594707,0.7816091954022989,0.7339901477832512,0.2660098522167488
YLR257W,0,0,68,4768,1728,19,0.27282394045268116,0.014061207609594707,0.7816091954022989,0.7339901477832512,0.2660098522167488
YHR199C,-1,0,68,4769,1727,19,0.2726720340270393,0.014058300599545173,0.7816091954022989,0.7341440886699507,0.26585591133004927
YLR243W,-1,0,68,4770,1726,19,0.27252012760139754,0.014055394791236048,0.7816091954022989,0.7342980295566502,0.26570197044334976
YHR212W-A,-1,0,68,4771,1725,19,0.2723682211757557,0.014052490183922298,0.7816091954022989,0.7344519704433498,0.26554802955665024
YAL065C-A,0,0,68,4771,1725,19,0.2723682211757557,0.014052490183922298,0.7816091954022989,0.7344519704433498,0.26554802955665024
YMR150C,-1,0,68,4772,1724,19,0.27221631475011393,0.014049586776859505,0.7816091954022989,0.7346059113300493,0.26539408866995073
YOR142W,-1,0,68,4773,1723,19,0.27206440832447215,0.014046684569303863,0.7816091954022989,0.7347598522167488,0.2652401477832512
YCR007C,-1,0,68,4774,1722,19,0.2719125018988303,0.014043783560512184,0.7816091954022989,0.7349137931034483,0.2650862068965517
YLR164W,-1,0,68,4775,1721,19,0.27176059547318854,0.014040883749741896,0.7816091954022989,0.7350677339901478,0.2649322660098522
YKL107W,-1,0,68,4776,1720,19,0.2716086890475467,0.014037985136251032,0.7816091954022989,0.7352216748768473,0.2647783251231527
YPL132W,-1,0,68,4777,1719,19,0.2714567826219049,0.014035087719298246,0.7816091954022989,0.7353756157635468,0.2646243842364532
YMR018W,-1,0,68,4778,1718,19,0.2713048761962631,0.014032191498142799,0.7816091954022989,0.7355295566502463,0.26447044334975367
YJL046W,-1,0,68,4779,1717,19,0.2711529697706213,0.014029296472044563,0.7816091954022989,0.7356834975369458,0.2643165024630542
YHR052C-B,0,0,68,4779,1717,19,0.2711529697706213,0.014029296472044563,0.7816091954022989,0.7356834975369458,0.2643165024630542
YMR002W,-1,0,68,4780,1716,19,0.2710010633449795,0.014026402640264026,0.7816091954022989,0.7358374384236454,0.2641625615763547
YNR068C,-1,0,68,4781,1715,19,0.2708491569193377,0.01402351000206228,0.7816091954022989,0.7359913793103449,0.2640086206896552
YMR206W,0,0,68,4781,1715,19,0.2708491569193377,0.01402351000206228,0.7816091954022989,0.7359913793103449,0.2640086206896552
YNL185C,-1,0,68,4782,1714,19,0.27069725049369586,0.014020618556701031,0.7816091954022989,0.7361453201970444,0.2638546798029557
YKL098W,0,0,68,4782,1714,19,0.27069725049369586,0.014020618556701031,0.7816091954022989,0.7361453201970444,0.2638546798029557
YMR102C,-1,0,68,4783,1713,19,0.2705453440680541,0.014017728303442589,0.7816091954022989,0.7362992610837439,0.26370073891625617
YMR316C-A,-1,0,68,4784,1712,19,0.27039343764241225,0.014014839241549877,0.7816091954022989,0.7364532019704434,0.26354679802955666
YPL168W,-1,0,68,4785,1711,19,0.27024153121677047,0.014011951370286421,0.7816091954022989,0.7366071428571429,0.26339285714285715
YIL108W,-1,0,68,4786,1710,19,0.2700896247911287,0.014009064688916358,0.7816091954022989,0.7367610837438424,0.26323891625615764
YGL056C,-1,0,68,4787,1709,19,0.26993771836548686,0.014006179196704428,0.7816091954022989,0.7369150246305419,0.26308497536945813
YFR032C,0,0,68,4787,1709,19,0.26993771836548686,0.014006179196704428,0.7816091954022989,0.7369150246305419,0.26308497536945813
YJL223C,-1,0,68,4788,1708,19,0.2697858119398451,0.01400329489291598,0.7816091954022989,0.7370689655172413,0.2629310344827586
YCR058C,-1,0,68,4789,1707,19,0.26963390551420324,0.014000411776816966,0.7816091954022989,0.7372229064039408,0.2627770935960591
YLR239C,-1,0,68,4790,1706,19,0.26948199908856146,0.01399752984767394,0.7816091954022989,0.7373768472906403,0.2626231527093596
YJL057C,-1,0,68,4791,1705,19,0.26933009266291963,0.013994649104754064,0.7816091954022989,0.7375307881773399,0.2624692118226601
YLR168C,-1,0,68,4792,1704,19,0.26917818623727785,0.013991769547325103,0.7816091954022989,0.7376847290640394,0.2623152709359606
YLR091W,-1,0,68,4793,1703,19,0.269026279811636,0.01398889117465542,0.7816091954022989,0.7378386699507389,0.26216133004926107
YHR045W,-1,0,68,4794,1702,19,0.26887437338599424,0.013986013986013986,0.7816091954022989,0.7379926108374384,0.26200738916256155
YOR296W,0,0,68,4794,1702,19,0.26887437338599424,0.013986013986013986,0.7816091954022989,0.7379926108374384,0.26200738916256155
YPL104W,-1,0,68,4795,1701,19,0.2687224669603524,0.013983137980670367,0.7816091954022989,0.7381465517241379,0.26185344827586204
YIL134C-A,0,0,68,4795,1701,19,0.2687224669603524,0.013983137980670367,0.7816091954022989,0.7381465517241379,0.26185344827586204
YBR120C,-1,0,68,4796,1700,19,0.2685705605347106,0.013980263157894737,0.7816091954022989,0.7383004926108374,0.2616995073891626
YLR323C,-1,0,68,4797,1699,19,0.2684186541090688,0.013977389516957862,0.7816091954022989,0.7384544334975369,0.2615455665024631
YHR213W,0,0,68,4797,1699,19,0.2684186541090688,0.013977389516957862,0.7816091954022989,0.7384544334975369,0.2615455665024631
YOR006C,-1,0,68,4798,1698,19,0.268266747683427,0.013974517057131115,0.7816091954022989,0.7386083743842364,0.26139162561576357
YKL132C,-1,0,68,4799,1697,19,0.26811484125778523,0.01397164577768646,0.7816091954022989,0.7387623152709359,0.26123768472906406
YHR215W,-1,0,68,4800,1696,19,0.2679629348321434,0.013968775677896467,0.7816091954022989,0.7389162561576355,0.26108374384236455
YOR059C,-1,0,68,4801,1695,19,0.2678110284065016,0.013965906757034298,0.7816091954022989,0.739070197044335,0.26092980295566504
YER152C,0,0,68,4801,1695,19,0.2678110284065016,0.013965906757034298,0.7816091954022989,0.739070197044335,0.26092980295566504
YDL146W,-1,0,68,4802,1694,19,0.2676591219808598,0.013963039014373716,0.7816091954022989,0.7392241379310345,0.2607758620689655
YGR169C-A,-1,0,68,4803,1693,19,0.267507215555218,0.013960172449189078,0.7816091954022989,0.739378078817734,0.260621921182266
YPL262W,-1,0,68,4804,1692,19,0.26735530912957617,0.013957307060755337,0.7816091954022989,0.7395320197044335,0.2604679802955665
YGR149W,-1,0,68,4805,1691,19,0.2672034027039344,0.01395444284834804,0.7816091954022989,0.739685960591133,0.260314039408867
YER188W,0,0,68,4805,1691,19,0.2672034027039344,0.01395444284834804,0.7816091954022989,0.739685960591133,0.260314039408867
YEL001C,-1,0,68,4806,1690,19,0.26705149627829255,0.013951579811243332,0.7816091954022989,0.7398399014778325,0.2601600985221675
YAL037C-A,0,0,68,4806,1690,19,0.26705149627829255,0.013951579811243332,0.7816091954022989,0.7398399014778325,0.2601600985221675
YML033W,-1,0,68,4807,1689,19,0.2668995898526508,0.013948717948717949,0.7816091954022989,0.739993842364532,0.26000615763546797
YJL225C,-1,0,68,4808,1688,19,0.26674768342700894,0.01394585726004922,0.7816091954022989,0.7401477832512315,0.25985221674876846
YOR390W,-1,0,68,4809,1687,19,0.26659577700136716,0.013942997744515071,0.7816091954022989,0.740301724137931,0.25969827586206895
YML083C,0,0,68,4809,1687,19,0.26659577700136716,0.013942997744515071,0.7816091954022989,0.740301724137931,0.25969827586206895
YNL153C,-1,0,68,4810,1686,19,0.26644387057572533,0.013940139401394014,0.7816091954022989,0.7404556650246306,0.25954433497536944
YKR006C,-1,0,68,4811,1685,19,0.26629196415008355,0.013937282229965157,0.7816091954022989,0.7406096059113301,0.25939039408866993
YCR075W-A,-1,0,68,4812,1684,19,0.26614005772444177,0.013934426229508197,0.7816091954022989,0.7407635467980296,0.2592364532019704
YBR227C,-1,0,68,4813,1683,19,0.26598815129879994,0.013931571399303422,0.7816091954022989,0.7409174876847291,0.25908251231527096
YGL235W,0,0,68,4813,1683,19,0.26598815129879994,0.013931571399303422,0.7816091954022989,0.7409174876847291,0.25908251231527096
YER060W,-1,0,68,4814,1682,19,0.26583624487315816,0.013928717738631708,0.7816091954022989,0.7410714285714286,0.25892857142857145
YHL005C,0,0,68,4814,1682,19,0.26583624487315816,0.013928717738631708,0.7816091954022989,0.7410714285714286,0.25892857142857145
YDL130W-A,-1,0,68,4815,1681,19,0.2656843384475163,0.013925865246774524,0.7816091954022989,0.7412253694581281,0.25877463054187194
YIL001W,0,0,68,4815,1681,19,0.2656843384475163,0.013925865246774524,0.7816091954022989,0.7412253694581281,0.25877463054187194
YCR046C,-1,0,68,4816,1680,19,0.26553243202187454,0.013923013923013924,0.7816091954022989,0.7413793103448276,0.25862068965517243
YBR296C-A,-1,0,68,4817,1679,19,0.2653805255962327,0.013920163766632548,0.7816091954022989,0.7415332512315271,0.2584667487684729
YLR154W-C,-1,0,68,4818,1678,19,0.26522861917059093,0.01391731477691363,0.7816091954022989,0.7416871921182266,0.2583128078817734
YER121W,0,0,68,4818,1678,19,0.26522861917059093,0.01391731477691363,0.7816091954022989,0.7416871921182266,0.2583128078817734
YBR146W,-1,0,68,4819,1677,19,0.2650767127449491,0.013914466953140987,0.7816091954022989,0.7418411330049262,0.2581588669950739
YNL023C,-1,0,68,4820,1676,19,0.2649248063193073,0.013911620294599018,0.7816091954022989,0.7419950738916257,0.2580049261083744
YJL123C,-1,0,68,4821,1675,19,0.2647728998936655,0.013908774800572715,0.7816091954022989,0.7421490147783252,0.2578509852216749
YJL151C,-1,0,68,4822,1674,19,0.2646209934680237,0.013905930470347648,0.7816091954022989,0.7423029556650246,0.25769704433497537
YER113C,-1,0,68,4823,1673,19,0.26446908704238187,0.013903087303209978,0.7816091954022989,0.7424568965517241,0.25754310344827586
YHL008C,-1,0,68,4824,1672,19,0.2643171806167401,0.013900245298446443,0.7816091954022989,0.7426108374384236,0.25738916256157635
YPL278C,0,0,68,4824,1672,19,0.2643171806167401,0.013900245298446443,0.7816091954022989,0.7426108374384236,0.25738916256157635
YBR301W,-1,0,68,4825,1671,19,0.2641652741910983,0.01389740445534437,0.7816091954022989,0.7427647783251231,0.25723522167487683
YKL077W,-1,0,68,4826,1670,19,0.2640133677654565,0.013894564773191663,0.7816091954022989,0.7429187192118226,0.2570812807881773
YGL242C,0,0,68,4826,1670,19,0.2640133677654565,0.013894564773191663,0.7816091954022989,0.7429187192118226,0.2570812807881773
YOR365C,-1,0,68,4827,1669,19,0.2638614613398147,0.013891726251276814,0.7816091954022989,0.7430726600985221,0.2569273399014778
YGL083W,-1,0,68,4828,1668,19,0.26370955491417286,0.013888888888888888,0.7816091954022989,0.7432266009852216,0.2567733990147783
YNR066C,-1,0,68,4829,1667,19,0.2635576484885311,0.013886052685317542,0.7816091954022989,0.7433805418719212,0.2566194581280788
YDL237W,-1,0,68,4830,1666,19,0.26340574206288925,0.013883217639853002,0.7816091954022989,0.7435344827586207,0.25646551724137934
YKR052C,-1,0,68,4831,1665,19,0.26325383563724747,0.01388038375178608,0.7816091954022989,0.7436884236453202,0.2563115763546798
YPL247C,0,0,68,4831,1665,19,0.26325383563724747,0.01388038375178608,0.7816091954022989,0.7436884236453202,0.2563115763546798
YOR394W,-1,0,68,4832,1664,19,0.26310192921160563,0.013877551020408163,0.7816091954022989,0.7438423645320197,0.2561576354679803
YMR194C-B,-1,0,68,4833,1663,19,0.26295002278596386,0.013874719445011223,0.7816091954022989,0.7439963054187192,0.2560036945812808
YDL204W,-1,0,68,4834,1662,19,0.262798116360322,0.0138718890248878,0.7816091954022989,0.7441502463054187,0.2558497536945813
YPR084W,0,0,68,4834,1662,19,0.262798116360322,0.0138718890248878,0.7816091954022989,0.7441502463054187,0.2558497536945813
YLR454W,0,0,68,4834,1662,19,0.262798116360322,0.0138718890248878,0.7816091954022989,0.7441502463054187,0.2558497536945813
YHR140W,-1,0,68,4835,1661,19,0.26264620993468024,0.013869059759331021,0.7816091954022989,0.7443041871921182,0.2556958128078818
YLL055W,-1,0,68,4836,1660,19,0.2624943035090384,0.013866231647634585,0.7816091954022989,0.7444581280788177,0.2555418719211823
YDR524C-B,-1,0,68,4837,1659,19,0.26234239708339663,0.013863404689092763,0.7816091954022989,0.7446120689655172,0.25538793103448276
YOR334W,-1,0,68,4838,1658,19,0.26219049065775485,0.013860578883000407,0.7816091954022989,0.7447660098522167,0.25523399014778325
YLL053C,-1,0,68,4839,1657,19,0.262038584232113,0.013857754228652945,0.7816091954022989,0.7449199507389163,0.25508004926108374
YGL007C-A,0,0,68,4839,1657,19,0.262038584232113,0.013857754228652945,0.7816091954022989,0.7449199507389163,0.25508004926108374
YGR146C,0,0,68,4839,1657,19,0.262038584232113,0.013857754228652945,0.7816091954022989,0.7449199507389163,0.25508004926108374
YPR174C,-1,0,68,4840,1656,19,0.26188667780647124,0.013854930725346373,0.7816091954022989,0.7450738916256158,0.25492610837438423
YDR316W,1,0,69,4840,1656,18,0.262038584232113,0.014055815848441637,0.7931034482758621,0.7450738916256158,0.25492610837438423
YOR314W,0,0,69,4840,1656,18,0.262038584232113,0.014055815848441637,0.7931034482758621,0.7450738916256158,0.25492610837438423
YBL101W-B,-1,0,69,4841,1655,18,0.26188667780647124,0.01405295315682281,0.7931034482758621,0.7452278325123153,0.2547721674876847
YML081W,-1,0,69,4842,1654,18,0.2617347713808294,0.014050091631032376,0.7931034482758621,0.7453817733990148,0.2546182266009852
YKL071W,-1,0,69,4843,1653,18,0.2615828649551876,0.014047231270358305,0.7931034482758621,0.7455357142857143,0.2544642857142857
YPL052W-A,-1,0,69,4844,1652,18,0.2614309585295458,0.014044372074089151,0.7931034482758621,0.7456896551724138,0.2543103448275862
YLR268W,-1,0,69,4845,1651,18,0.261279052103904,0.014041514041514042,0.7931034482758621,0.7458435960591133,0.2541564039408867
YMR023C,-1,0,69,4846,1650,18,0.2611271456782622,0.014038657171922686,0.7931034482758621,0.7459975369458128,0.25400246305418717
YPR053C,0,0,69,4846,1650,18,0.2611271456782622,0.014038657171922686,0.7931034482758621,0.7459975369458128,0.25400246305418717
YML054C,-1,0,69,4847,1649,18,0.2609752392526204,0.01403580146460537,0.7931034482758621,0.7461514778325123,0.2538485221674877
YDR114C,0,0,69,4847,1649,18,0.2609752392526204,0.01403580146460537,0.7931034482758621,0.7461514778325123,0.2538485221674877
YBR268W,-1,0,69,4848,1648,18,0.26082333282697856,0.014032946918852958,0.7931034482758621,0.7463054187192119,0.2536945812807882
YBR054W,-1,0,69,4849,1647,18,0.2606714264013368,0.014030093533956893,0.7931034482758621,0.7464593596059114,0.2535406403940887
YBR187W,-1,0,69,4850,1646,18,0.26051951997569495,0.014027241309209189,0.7931034482758621,0.7466133004926109,0.2533866995073892
YPL263C,0,0,69,4850,1646,18,0.26051951997569495,0.014027241309209189,0.7931034482758621,0.7466133004926109,0.2533866995073892
YPL030W,1,0,70,4850,1646,17,0.2606714264013368,0.014227642276422764,0.8045977011494253,0.7466133004926109,0.2533866995073892
YNL067W-B,0,0,70,4850,1646,17,0.2606714264013368,0.014227642276422764,0.8045977011494253,0.7466133004926109,0.2533866995073892
YDR541C,-1,0,70,4851,1645,17,0.26051951997569495,0.01422475106685633,0.8045977011494253,0.7467672413793104,0.25323275862068967
YDR520C,-1,0,70,4852,1644,17,0.26036761355005317,0.014221861032100772,0.8045977011494253,0.7469211822660099,0.25307881773399016
YDR115W,-1,0,70,4853,1643,17,0.2602157071244114,0.014218972171440178,0.8045977011494253,0.7470751231527094,0.25292487684729065
YGL221C,0,0,70,4853,1643,17,0.2602157071244114,0.014218972171440178,0.8045977011494253,0.7470751231527094,0.25292487684729065
YMR325W,-1,0,70,4854,1642,17,0.26006380069876955,0.01421608448415922,0.8045977011494253,0.7472290640394089,0.25277093596059114
YOL164W-A,0,0,70,4854,1642,17,0.26006380069876955,0.01421608448415922,0.8045977011494253,0.7472290640394089,0.25277093596059114
YPL013C,-1,0,70,4855,1641,17,0.2599118942731278,0.014213197969543147,0.8045977011494253,0.7473830049261084,0.2526169950738916
YJL213W,0,0,70,4855,1641,17,0.2599118942731278,0.014213197969543147,0.8045977011494253,0.7473830049261084,0.2526169950738916
YBR230C,-1,0,70,4856,1640,17,0.25975998784748594,0.014210312626877792,0.8045977011494253,0.7475369458128078,0.2524630541871921
YLR177W,0,0,70,4856,1640,17,0.25975998784748594,0.014210312626877792,0.8045977011494253,0.7475369458128078,0.2524630541871921
YDR377W,-1,0,70,4857,1639,17,0.25960808142184416,0.014207428455449563,0.8045977011494253,0.7476908866995073,0.2523091133004926
YLL032C,0,0,70,4857,1639,17,0.25960808142184416,0.014207428455449563,0.8045977011494253,0.7476908866995073,0.2523091133004926
YMR257C,-1,0,70,4858,1638,17,0.2594561749962023,0.014204545454545454,0.8045977011494253,0.7478448275862069,0.2521551724137931
YPL225W,0,0,70,4858,1638,17,0.2594561749962023,0.014204545454545454,0.8045977011494253,0.7478448275862069,0.2521551724137931
YDR357C,-1,0,70,4859,1637,17,0.25930426857056055,0.014201663623453034,0.8045977011494253,0.7479987684729064,0.2520012315270936
YIR035C,-1,0,70,4860,1636,17,0.2591523621449187,0.014198782961460446,0.8045977011494253,0.7481527093596059,0.2518472906403941
YLR356W,-1,0,70,4861,1635,17,0.25900045571927693,0.014195903467856418,0.8045977011494253,0.7483066502463054,0.25169334975369456
YCR055C,-1,0,70,4862,1634,17,0.2588485492936351,0.014193025141930252,0.8045977011494253,0.7484605911330049,0.25153940886699505
YEL059W,0,0,70,4862,1634,17,0.2588485492936351,0.014193025141930252,0.8045977011494253,0.7484605911330049,0.25153940886699505
YEL038W,-1,0,70,4863,1633,17,0.2586966428679933,0.014190147982971822,0.8045977011494253,0.7486145320197044,0.25138546798029554
YPL004C,-1,0,70,4864,1632,17,0.2585447364423515,0.014187271990271585,0.8045977011494253,0.7487684729064039,0.2512315270935961
YAR020C,-1,0,70,4865,1631,17,0.2583928300167097,0.014184397163120567,0.8045977011494253,0.7489224137931034,0.2510775862068966
YKR096W,-1,0,70,4866,1630,17,0.25824092359106793,0.014181523500810372,0.8045977011494253,0.7490763546798029,0.25092364532019706
YHR180W,0,0,70,4866,1630,17,0.25824092359106793,0.014181523500810372,0.8045977011494253,0.7490763546798029,0.25092364532019706
YGR250C,-1,0,70,4867,1629,17,0.2580890171654261,0.014178651002633179,0.8045977011494253,0.7492302955665024,0.25076970443349755
YMR185W,0,0,70,4867,1629,17,0.2580890171654261,0.014178651002633179,0.8045977011494253,0.7492302955665024,0.25076970443349755
YNL165W,0,0,70,4867,1629,17,0.2580890171654261,0.014178651002633179,0.8045977011494253,0.7492302955665024,0.25076970443349755
YDR366C,0,0,70,4867,1629,17,0.2580890171654261,0.014178651002633179,0.8045977011494253,0.7492302955665024,0.25076970443349755
YIL170W,-1,0,70,4868,1628,17,0.2579371107397843,0.014175779667881734,0.8045977011494253,0.749384236453202,0.25061576354679804
YBR147W,-1,0,70,4869,1627,17,0.2577852043141425,0.014172909495849362,0.8045977011494253,0.7495381773399015,0.25046182266009853
YGR016W,-1,0,70,4870,1626,17,0.2576332978885007,0.01417004048582996,0.8045977011494253,0.749692118226601,0.250307881773399
YNL193W,0,0,70,4870,1626,17,0.2576332978885007,0.01417004048582996,0.8045977011494253,0.749692118226601,0.250307881773399
YPL152W-A,0,0,70,4870,1626,17,0.2576332978885007,0.01417004048582996,0.8045977011494253,0.749692118226601,0.250307881773399
YDL073W,-1,0,70,4871,1625,17,0.25748139146285887,0.014167172637117992,0.8045977011494253,0.7498460591133005,0.2501539408866995
YDL139C,-1,0,70,4872,1624,17,0.2573294850372171,0.014164305949008499,0.8045977011494253,0.75,0.25
YJR067C,-1,0,70,4873,1623,17,0.25717757861157525,0.014161440420797087,0.8045977011494253,0.7501539408866995,0.2498460591133005
YNL040W,-1,0,70,4874,1622,17,0.2570256721859335,0.014158576051779935,0.8045977011494253,0.750307881773399,0.24969211822660098
YNL269W,0,0,70,4874,1622,17,0.2570256721859335,0.014158576051779935,0.8045977011494253,0.750307881773399,0.24969211822660098
YGR231C,-1,0,70,4875,1621,17,0.25687376576029164,0.014155712841253791,0.8045977011494253,0.7504618226600985,0.24953817733990147
YGR132C,-1,0,70,4876,1620,17,0.25672185933464986,0.014152850788515973,0.8045977011494253,0.750615763546798,0.24938423645320196
YNL095C,-1,0,70,4877,1619,17,0.256569952909008,0.014149989892864362,0.8045977011494253,0.7507697044334976,0.24923029556650247
YCL060C,-1,0,70,4878,1618,17,0.25641804648336625,0.014147130153597413,0.8045977011494253,0.7509236453201971,0.24907635467980296
YFR032C-B,0,0,70,4878,1618,17,0.25641804648336625,0.014147130153597413,0.8045977011494253,0.7509236453201971,0.24907635467980296
YKL187C,-1,0,70,4879,1617,17,0.25626614005772447,0.014144271570014143,0.8045977011494253,0.7510775862068966,0.24892241379310345
YPL050C,-1,0,70,4880,1616,17,0.25611423363208263,0.014141414141414142,0.8045977011494253,0.7512315270935961,0.24876847290640394
YKL068W-A,0,0,70,4880,1616,17,0.25611423363208263,0.014141414141414142,0.8045977011494253,0.7512315270935961,0.24876847290640394
YHL046C,-1,0,70,4881,1615,17,0.25596232720644085,0.014138557867097556,0.8045977011494253,0.7513854679802956,0.24861453201970443
YBL060W,-1,0,70,4882,1614,17,0.255810420780799,0.014135702746365105,0.8045977011494253,0.7515394088669951,0.24846059113300492
YER038W-A,0,0,70,4882,1614,17,0.255810420780799,0.014135702746365105,0.8045977011494253,0.7515394088669951,0.24846059113300492
YHR175W-A,0,0,70,4882,1614,17,0.255810420780799,0.014135702746365105,0.8045977011494253,0.7515394088669951,0.24846059113300492
YKL003C,-1,0,70,4883,1613,17,0.25565851435515724,0.01413284877851807,0.8045977011494253,0.7516933497536946,0.2483066502463054
YDR032C,-1,0,70,4884,1612,17,0.2555066079295154,0.014129995962858296,0.8045977011494253,0.7518472906403941,0.2481527093596059
YMR034C,-1,0,70,4885,1611,17,0.2553547015038736,0.014127144298688193,0.8045977011494253,0.7520012315270936,0.24799876847290642
YMR315W-A,0,0,70,4885,1611,17,0.2553547015038736,0.014127144298688193,0.8045977011494253,0.7520012315270936,0.24799876847290642
YML003W,-1,0,70,4886,1610,17,0.2552027950782318,0.014124293785310734,0.8045977011494253,0.7521551724137931,0.2478448275862069
YJR080C,-1,0,70,4887,1609,17,0.25505088865259,0.014121444422029453,0.8045977011494253,0.7523091133004927,0.2476908866995074
YGL220W,-1,0,70,4888,1608,17,0.2548989822269482,0.014118596208148447,0.8045977011494253,0.7524630541871922,0.24753694581280788
YHR209W,1,0,71,4888,1608,16,0.25505088865259,0.014317402702157693,0.8160919540229885,0.7524630541871922,0.24753694581280788
YPL017C,1,0,72,4888,1608,15,0.2552027950782318,0.014516129032258065,0.8275862068965517,0.7524630541871922,0.24753694581280788
YEL076C-A,0,0,72,4888,1608,15,0.2552027950782318,0.014516129032258065,0.8275862068965517,0.7524630541871922,0.24753694581280788
YOL024W,0,0,72,4888,1608,15,0.2552027950782318,0.014516129032258065,0.8275862068965517,0.7524630541871922,0.24753694581280788
YHR038W,-1,0,72,4889,1607,15,0.25505088865259,0.014513202983269502,0.8275862068965517,0.7526169950738916,0.24738300492610837
YDR474C,-1,0,72,4890,1606,15,0.2548989822269482,0.014510278113663845,0.8275862068965517,0.7527709359605911,0.24722906403940886
YCR096C,-1,0,72,4891,1605,15,0.2547470758013064,0.01450735442272819,0.8275862068965517,0.7529248768472906,0.24707512315270935
YJL118W,0,0,72,4891,1605,15,0.2547470758013064,0.01450735442272819,0.8275862068965517,0.7529248768472906,0.24707512315270935
YDR041W,-1,0,72,4892,1604,15,0.25459516937566457,0.014504431909750202,0.8275862068965517,0.7530788177339901,0.24692118226600984
YLL064C,-1,0,72,4893,1603,15,0.2544432629500228,0.014501510574018127,0.8275862068965517,0.7532327586206896,0.24676724137931033
YIR039C,-1,0,72,4894,1602,15,0.254291356524381,0.01449859041482078,0.8275862068965517,0.7533866995073891,0.24661330049261085
YER163C,-1,0,72,4895,1601,15,0.2541394500987392,0.014495671431447555,0.8275862068965517,0.7535406403940886,0.24645935960591134
YGL117W,0,0,72,4895,1601,15,0.2541394500987392,0.014495671431447555,0.8275862068965517,0.7535406403940886,0.24645935960591134
YPL109C,0,0,72,4895,1601,15,0.2541394500987392,0.014495671431447555,0.8275862068965517,0.7535406403940886,0.24645935960591134
YMR254C,0,0,72,4895,1601,15,0.2541394500987392,0.014495671431447555,0.8275862068965517,0.7535406403940886,0.24645935960591134
YIL046W-A,0,0,72,4895,1601,15,0.2541394500987392,0.014495671431447555,0.8275862068965517,0.7535406403940886,0.24645935960591134
YGR243W,-1,0,72,4896,1600,15,0.2539875436730974,0.014492753623188406,0.8275862068965517,0.7536945812807881,0.24630541871921183
YLR179C,-1,0,72,4897,1599,15,0.25383563724745556,0.01448983698933387,0.8275862068965517,0.7538485221674877,0.24615147783251232
YNL050C,0,0,72,4897,1599,15,0.25383563724745556,0.01448983698933387,0.8275862068965517,0.7538485221674877,0.24615147783251232
YLR038C,-1,0,72,4898,1598,15,0.2536837308218138,0.01448692152917505,0.8275862068965517,0.7540024630541872,0.2459975369458128
YGR263C,-1,0,72,4899,1597,15,0.25353182439617195,0.01448400724200362,0.8275862068965517,0.7541564039408867,0.2458435960591133
YNL122C,-1,0,72,4900,1596,15,0.25337991797053017,0.014481094127111826,0.8275862068965517,0.7543103448275862,0.24568965517241378
YBR063C,0,0,72,4900,1596,15,0.25337991797053017,0.014481094127111826,0.8275862068965517,0.7543103448275862,0.24568965517241378
YGR127W,-1,0,72,4901,1595,15,0.25322801154488833,0.014478182183792479,0.8275862068965517,0.7544642857142857,0.24553571428571427
YPL118W,-1,0,72,4902,1594,15,0.25307610511924655,0.014475271411338963,0.8275862068965517,0.7546182266009852,0.2453817733990148
YPL230W,-1,0,72,4903,1593,15,0.2529241986936047,0.014472361809045226,0.8275862068965517,0.7547721674876847,0.24522783251231528
YDR257C,1,0,73,4903,1593,14,0.25307610511924655,0.014670418006430869,0.8390804597701149,0.7547721674876847,0.24522783251231528
YLR418C,-1,0,73,4904,1592,14,0.2529241986936047,0.014667470363672896,0.8390804597701149,0.7549261083743842,0.24507389162561577
YLR108C,0,0,73,4904,1592,14,0.2529241986936047,0.014667470363672896,0.8390804597701149,0.7549261083743842,0.24507389162561577
YDR179W-A,-1,0,73,4905,1591,14,0.25277229226796294,0.014664523905182804,0.8390804597701149,0.7550800492610837,0.24491995073891626
YMR056C,-1,0,73,4906,1590,14,0.2526203858423211,0.014661578630247038,0.8390804597701149,0.7552339901477833,0.24476600985221675
YOR183W,0,0,73,4906,1590,14,0.2526203858423211,0.014661578630247038,0.8390804597701149,0.7552339901477833,0.24476600985221675
YGR058W,-1,0,73,4907,1589,14,0.2524684794166793,0.014658634538152611,0.8390804597701149,0.7553879310344828,0.24461206896551724
YNL277W-A,0,0,73,4907,1589,14,0.2524684794166793,0.014658634538152611,0.8390804597701149,0.7553879310344828,0.24461206896551724
YJR134C,-1,0,73,4908,1588,14,0.25231657299103755,0.01465569162818711,0.8390804597701149,0.7555418719211823,0.24445812807881773
YEL052W,-1,0,73,4909,1587,14,0.2521646665653957,0.0146527498996387,0.8390804597701149,0.7556958128078818,0.24430418719211822
YLR412C-A,0,0,73,4909,1587,14,0.2521646665653957,0.0146527498996387,0.8390804597701149,0.7556958128078818,0.24430418719211822
YOR384W,-1,0,73,4910,1586,14,0.25201276013975393,0.014649809351796108,0.8390804597701149,0.7558497536945813,0.2441502463054187
YOR387C,0,0,73,4910,1586,14,0.25201276013975393,0.014649809351796108,0.8390804597701149,0.7558497536945813,0.2441502463054187
YKR077W,-1,0,73,4911,1585,14,0.2518608537141121,0.014646869983948636,0.8390804597701149,0.7560036945812808,0.24399630541871922
YKL183W,-1,0,73,4912,1584,14,0.2517089472884703,0.014643931795386159,0.8390804597701149,0.7561576354679803,0.2438423645320197
YPL099C,-1,0,73,4913,1583,14,0.2515570408628285,0.014640994785399118,0.8390804597701149,0.7563115763546798,0.2436884236453202
YCL012C,0,0,73,4913,1583,14,0.2515570408628285,0.014640994785399118,0.8390804597701149,0.7563115763546798,0.2436884236453202
YNR045W,-1,0,73,4914,1582,14,0.2514051344371867,0.014638058953278524,0.8390804597701149,0.7564655172413793,0.2435344827586207
YLR193C,-1,0,73,4915,1581,14,0.25125322801154487,0.014635124298315958,0.8390804597701149,0.7566194581280788,0.24338054187192118
YOR029W,0,0,73,4915,1581,14,0.25125322801154487,0.014635124298315958,0.8390804597701149,0.7566194581280788,0.24338054187192118
YER087W,-1,0,73,4916,1580,14,0.2511013215859031,0.014632190819803569,0.8390804597701149,0.7567733990147784,0.24322660098522167
YIL151C,-1,0,73,4917,1579,14,0.25094941516026126,0.014629258517034067,0.8390804597701149,0.7569273399014779,0.24307266009852216
YBL008W-A,-1,0,73,4918,1578,14,0.2507975087346195,0.01462632738930074,0.8390804597701149,0.7570812807881774,0.24291871921182265
YGL080W,-1,0,73,4919,1577,14,0.25064560230897764,0.014623397435897436,0.8390804597701149,0.7572352216748769,0.24276477832512317
YLR111W,0,0,73,4919,1577,14,0.25064560230897764,0.014623397435897436,0.8390804597701149,0.7572352216748769,0.24276477832512317
YPR152C,-1,0,73,4920,1576,14,0.25049369588333587,0.014620468656118567,0.8390804597701149,0.7573891625615764,0.24261083743842365
YLR157W-B,0,0,73,4920,1576,14,0.25049369588333587,0.014620468656118567,0.8390804597701149,0.7573891625615764,0.24261083743842365
YGL041W-A,0,0,73,4920,1576,14,0.25049369588333587,0.014620468656118567,0.8390804597701149,0.7573891625615764,0.24261083743842365
YMR084W,-1,0,73,4921,1575,14,0.2503417894576941,0.01461754104925911,0.8390804597701149,0.7575431034482759,0.24245689655172414
YJL206C,-1,0,73,4922,1574,14,0.25018988303205225,0.014614614614614614,0.8390804597701149,0.7576970443349754,0.24230295566502463
YDL242W,0,0,73,4922,1574,14,0.25018988303205225,0.014614614614614614,0.8390804597701149,0.7576970443349754,0.24230295566502463
YOR086C,-1,0,73,4923,1573,14,0.2500379766064105,0.014611689351481185,0.8390804597701149,0.7578509852216748,0.24214901477832512
YIL175W,0,0,73,4923,1573,14,0.2500379766064105,0.014611689351481185,0.8390804597701149,0.7578509852216748,0.24214901477832512
YJL021C,-1,0,73,4924,1572,14,0.24988607018076864,0.014608765259155493,0.8390804597701149,0.7580049261083743,0.2419950738916256
YMR148W,-1,0,73,4925,1571,14,0.24973416375512683,0.014605842336934774,0.8390804597701149,0.7581588669950738,0.2418411330049261
YLL066C,-1,0,73,4926,1570,14,0.24958225732948502,0.014602920584116823,0.8390804597701149,0.7583128078817734,0.2416871921182266
YGR136W,-1,0,73,4927,1569,14,0.24943035090384325,0.0146,0.8390804597701149,0.7584667487684729,0.2415332512315271
YBL095W,-1,0,73,4928,1568,14,0.24927844447820144,0.014597080583883223,0.8390804597701149,0.7586206896551724,0.2413793103448276
YJR111C,-1,0,73,4929,1567,14,0.24912653805255963,0.014594162335065974,0.8390804597701149,0.7587746305418719,0.24122536945812809
YOR352W,0,0,73,4929,1567,14,0.24912653805255963,0.014594162335065974,0.8390804597701149,0.7587746305418719,0.24122536945812809
YCL057W,-1,0,73,4930,1566,14,0.24897463162691783,0.014591245252848292,0.8390804597701149,0.7589285714285714,0.24107142857142858
YNL306W,-1,0,73,4931,1565,14,0.24882272520127602,0.014588329336530776,0.8390804597701149,0.7590825123152709,0.24091748768472906
YBL007C,-1,0,73,4932,1564,14,0.2486708187756342,0.014585414585414586,0.8390804597701149,0.7592364532019704,0.24076354679802955
YGR169C,-1,0,73,4933,1563,14,0.2485189123499924,0.014582500998801439,0.8390804597701149,0.7593903940886699,0.24060960591133004
YDL104C,-1,0,73,4934,1562,14,0.2483670059243506,0.01457958857599361,0.8390804597701149,0.7595443349753694,0.24045566502463053
YEL077C,-1,0,73,4935,1561,14,0.2482150994987088,0.01457667731629393,0.8390804597701149,0.759698275862069,0.24030172413793102
YMR258C,-1,0,73,4936,1560,14,0.24806319307306698,0.014573767219005789,0.8390804597701149,0.7598522167487685,0.24014778325123154
YHR080C,-1,0,73,4937,1559,14,0.24791128664742518,0.014570858283433134,0.8390804597701149,0.760006157635468,0.23999384236453203
YJL082W,-1,0,73,4938,1558,14,0.24775938022178337,0.014567950508880463,0.8390804597701149,0.7601600985221675,0.23983990147783252
YHR199C-A,-1,0,73,4939,1557,14,0.24760747379614156,0.014565043894652832,0.8390804597701149,0.760314039408867,0.239685960591133
YGR220C,-1,0,73,4940,1556,14,0.24745556737049978,0.014562138440055855,0.8390804597701149,0.7604679802955665,0.2395320197044335
YPL183C,-1,0,73,4941,1555,14,0.24730366094485798,0.014559234144395692,0.8390804597701149,0.760621921182266,0.23937807881773399
YKL105C,-1,0,73,4942,1554,14,0.24715175451921617,0.014556331006979064,0.8390804597701149,0.7607758620689655,0.23922413793103448
YMR196W,-1,0,73,4943,1553,14,0.24699984809357436,0.014553429027113238,0.8390804597701149,0.760929802955665,0.23907019704433496
YOR258W,-1,0,73,4944,1552,14,0.24684794166793256,0.01455052820410604,0.8390804597701149,0.7610837438423645,0.23891625615763548
YLL014W,-1,0,73,4945,1551,14,0.24669603524229075,0.014547628537265843,0.8390804597701149,0.7612376847290641,0.23876231527093597
YDR505C,0,0,73,4945,1551,14,0.24669603524229075,0.014547628537265843,0.8390804597701149,0.7612376847290641,0.23876231527093597
YBR182C-A,0,0,73,4945,1551,14,0.24669603524229075,0.014547628537265843,0.8390804597701149,0.7612376847290641,0.23876231527093597
YPR196W,-1,0,73,4946,1550,14,0.24654412881664894,0.014544730025901575,0.8390804597701149,0.7613916256157636,0.23860837438423646
YOL152W,-1,0,73,4947,1549,14,0.24639222239100714,0.01454183266932271,0.8390804597701149,0.7615455665024631,0.23845443349753695
YCL011C-A,0,0,73,4947,1549,14,0.24639222239100714,0.01454183266932271,0.8390804597701149,0.7615455665024631,0.23845443349753695
YJL205C-A,0,0,73,4947,1549,14,0.24639222239100714,0.01454183266932271,0.8390804597701149,0.7615455665024631,0.23845443349753695
YDR441C,-1,0,73,4948,1548,14,0.24624031596536533,0.014538936466839274,0.8390804597701149,0.7616995073891626,0.23830049261083744
YHR182W,-1,0,73,4949,1547,14,0.24608840953972352,0.014536041417761847,0.8390804597701149,0.7618534482758621,0.23814655172413793
YOR342C,0,0,73,4949,1547,14,0.24608840953972352,0.014536041417761847,0.8390804597701149,0.7618534482758621,0.23814655172413793
YFR057W,0,0,73,4949,1547,14,0.24608840953972352,0.014536041417761847,0.8390804597701149,0.7618534482758621,0.23814655172413793
YIL169C,-1,0,73,4950,1546,14,0.24593650311408172,0.014533147521401554,0.8390804597701149,0.7620073891625616,0.23799261083743842
YOL161C,-1,0,73,4951,1545,14,0.2457845966884399,0.014530254777070064,0.8390804597701149,0.7621613300492611,0.2378386699507389
YOL056W,-1,0,73,4952,1544,14,0.2456326902627981,0.014527363184079602,0.8390804597701149,0.7623152709359606,0.2376847290640394
YJR048W,-1,0,73,4953,1543,14,0.24548078383715632,0.014524472741742936,0.8390804597701149,0.7624692118226601,0.2375307881773399
YNL195C,0,0,73,4953,1543,14,0.24548078383715632,0.014524472741742936,0.8390804597701149,0.7624692118226601,0.2375307881773399
YER188C-A,0,0,73,4953,1543,14,0.24548078383715632,0.014524472741742936,0.8390804597701149,0.7624692118226601,0.2375307881773399
YLR157W-D,0,0,73,4953,1543,14,0.24548078383715632,0.014524472741742936,0.8390804597701149,0.7624692118226601,0.2375307881773399
YIL002W-A,0,0,73,4953,1543,14,0.24548078383715632,0.014524472741742936,0.8390804597701149,0.7624692118226601,0.2375307881773399
YBR121C,-1,0,73,4954,1542,14,0.24532887741151452,0.014521583449373383,0.8390804597701149,0.7626231527093597,0.2373768472906404
YHR091C,-1,0,73,4955,1541,14,0.2451769709858727,0.014518695306284805,0.8390804597701149,0.7627770935960592,0.2372229064039409
YIL176C,-1,0,73,4956,1540,14,0.2450250645602309,0.014515808311791608,0.8390804597701149,0.7629310344827587,0.23706896551724138
YKL106C-A,0,0,73,4956,1540,14,0.2450250645602309,0.014515808311791608,0.8390804597701149,0.7629310344827587,0.23706896551724138
YCR023C,-1,0,73,4957,1539,14,0.2448731581345891,0.014512922465208748,0.8390804597701149,0.7630849753694581,0.23691502463054187
YKR004C-A,-1,0,73,4958,1538,14,0.2447212517089473,0.014510037765851719,0.8390804597701149,0.7632389162561576,0.23676108374384236
YGR173W,-1,0,73,4959,1537,14,0.24456934528330548,0.014507154213036565,0.8390804597701149,0.7633928571428571,0.23660714285714285
YNL295W,-1,0,73,4960,1536,14,0.24441743885766368,0.014504271806079872,0.8390804597701149,0.7635467980295566,0.23645320197044334
YDR169C-A,0,0,73,4960,1536,14,0.24441743885766368,0.014504271806079872,0.8390804597701149,0.7635467980295566,0.23645320197044334
YDR034C-A,0,0,73,4960,1536,14,0.24441743885766368,0.014504271806079872,0.8390804597701149,0.7635467980295566,0.23645320197044334
YLR446W,-1,0,73,4961,1535,14,0.24426553243202187,0.014501390544298769,0.8390804597701149,0.7637007389162561,0.23629926108374386
YFL020C,-1,0,73,4962,1534,14,0.24411362600638006,0.014498510427010924,0.8390804597701149,0.7638546798029556,0.23614532019704434
YJL127C-A,-1,0,73,4963,1533,14,0.24396171958073826,0.014495631453534552,0.8390804597701149,0.7640086206896551,0.23599137931034483
YNL024C-A,-1,0,73,4964,1532,14,0.24380981315509645,0.014492753623188406,0.8390804597701149,0.7641625615763546,0.23583743842364532
YLR143W,-1,0,73,4965,1531,14,0.24365790672945464,0.014489876935291782,0.8390804597701149,0.7643165024630542,0.2356834975369458
YAR035C-A,0,0,73,4965,1531,14,0.24365790672945464,0.014489876935291782,0.8390804597701149,0.7643165024630542,0.2356834975369458
YDR249C,0,0,73,4965,1531,14,0.24365790672945464,0.014489876935291782,0.8390804597701149,0.7643165024630542,0.2356834975369458
YOR111W,-1,0,73,4966,1530,14,0.24350600030381286,0.014487001389164516,0.8390804597701149,0.7644704433497537,0.2355295566502463
YMR209C,-1,0,73,4967,1529,14,0.24335409387817106,0.014484126984126985,0.8390804597701149,0.7646243842364532,0.2353756157635468
YLR267W,0,0,73,4967,1529,14,0.24335409387817106,0.014484126984126985,0.8390804597701149,0.7646243842364532,0.2353756157635468
YBR269C,-1,0,73,4968,1528,14,0.24320218745252925,0.0144812537195001,0.8390804597701149,0.7647783251231527,0.23522167487684728
YGR017W,0,0,73,4968,1528,14,0.24320218745252925,0.0144812537195001,0.8390804597701149,0.7647783251231527,0.23522167487684728
YAR028W,-1,0,73,4969,1527,14,0.24305028102688744,0.014478381594605315,0.8390804597701149,0.7649322660098522,0.23506773399014777
YHL037C,-1,0,73,4970,1526,14,0.24289837460124564,0.014475510608764624,0.8390804597701149,0.7650862068965517,0.2349137931034483
YCL003W,-1,0,73,4971,1525,14,0.24274646817560383,0.014472640761300556,0.8390804597701149,0.7652401477832512,0.23475985221674878
YAL037W,0,0,73,4971,1525,14,0.24274646817560383,0.014472640761300556,0.8390804597701149,0.7652401477832512,0.23475985221674878
YDR132C,0,0,73,4971,1525,14,0.24274646817560383,0.014472640761300556,0.8390804597701149,0.7652401477832512,0.23475985221674878
YOR187W,-1,0,73,4972,1524,14,0.24259456174996202,0.014469772051536175,0.8390804597701149,0.7653940886699507,0.23460591133004927
YPL038W-A,0,0,73,4972,1524,14,0.24259456174996202,0.014469772051536175,0.8390804597701149,0.7653940886699507,0.23460591133004927
YGR204C-A,0,0,73,4972,1524,14,0.24259456174996202,0.014469772051536175,0.8390804597701149,0.7653940886699507,0.23460591133004927
YDL048C,-1,0,73,4973,1523,14,0.24244265532432022,0.014466904478795084,0.8390804597701149,0.7655480295566502,0.23445197044334976
YOL131W,0,0,73,4973,1523,14,0.24244265532432022,0.014466904478795084,0.8390804597701149,0.7655480295566502,0.23445197044334976
YML007C-A,0,0,73,4973,1523,14,0.24244265532432022,0.014466904478795084,0.8390804597701149,0.7655480295566502,0.23445197044334976
YJR039W,0,0,73,4973,1523,14,0.24244265532432022,0.014466904478795084,0.8390804597701149,0.7655480295566502,0.23445197044334976
YGR235C,-1,0,73,4974,1522,14,0.2422907488986784,0.014464038042401426,0.8390804597701149,0.7657019704433498,0.23429802955665024
YMR181C,0,0,73,4974,1522,14,0.2422907488986784,0.014464038042401426,0.8390804597701149,0.7657019704433498,0.23429802955665024
YOR130C,-1,0,73,4975,1521,14,0.2421388424730366,0.014461172741679873,0.8390804597701149,0.7658559113300493,0.23414408866995073
YHR127W,-1,0,73,4976,1520,14,0.2419869360473948,0.014458308575955635,0.8390804597701149,0.7660098522167488,0.23399014778325122
YGR205W,-1,0,73,4977,1519,14,0.241835029621753,0.014455445544554456,0.8390804597701149,0.7661637931034483,0.2338362068965517
YLR187W,-1,0,73,4978,1518,14,0.24168312319611118,0.014452583646802613,0.8390804597701149,0.7663177339901478,0.23368226600985223
YMR040W,-1,0,73,4979,1517,14,0.2415312167704694,0.01444972288202692,0.8390804597701149,0.7664716748768473,0.23352832512315272
YPR045C,-1,0,73,4980,1516,14,0.2413793103448276,0.01444686324955472,0.8390804597701149,0.7666256157635468,0.2333743842364532
YER047C,0,0,73,4980,1516,14,0.2413793103448276,0.01444686324955472,0.8390804597701149,0.7666256157635468,0.2333743842364532
YBL090W,-1,0,73,4981,1515,14,0.2412274039191858,0.01444400474871389,0.8390804597701149,0.7667795566502463,0.2332204433497537
YMR252C,0,0,73,4981,1515,14,0.2412274039191858,0.01444400474871389,0.8390804597701149,0.7667795566502463,0.2332204433497537
YOR114W,0,0,73,4981,1515,14,0.2412274039191858,0.01444400474871389,0.8390804597701149,0.7667795566502463,0.2332204433497537
YBR151W,0,0,73,4981,1515,14,0.2412274039191858,0.01444400474871389,0.8390804597701149,0.7667795566502463,0.2332204433497537
YOL097W-A,0,0,73,4981,1515,14,0.2412274039191858,0.01444400474871389,0.8390804597701149,0.7667795566502463,0.2332204433497537
YOL154W,-1,0,73,4982,1514,14,0.24107549749354398,0.014441147378832838,0.8390804597701149,0.7669334975369458,0.2330665024630542
YPL103C,-1,0,73,4983,1513,14,0.24092359106790218,0.014438291139240507,0.8390804597701149,0.7670874384236454,0.23291256157635468
YLR462W,0,0,73,4983,1513,14,0.24092359106790218,0.014438291139240507,0.8390804597701149,0.7670874384236454,0.23291256157635468
YBR255W,-1,0,73,4984,1512,14,0.24077168464226037,0.014435436029266363,0.8390804597701149,0.7672413793103449,0.23275862068965517
YLR057W,-1,0,73,4985,1511,14,0.24061977821661856,0.014432582048240411,0.8390804597701149,0.7673953201970444,0.23260467980295566
YDR430C,-1,0,73,4986,1510,14,0.24046787179097676,0.014429729195493181,0.8390804597701149,0.7675492610837439,0.23245073891625614
YLR278C,-1,0,73,4987,1509,14,0.24031596536533495,0.014426877470355731,0.8390804597701149,0.7677032019704434,0.23229679802955666
YHL010C,-1,0,73,4988,1508,14,0.24016405893969314,0.014424026872159653,0.8390804597701149,0.7678571428571429,0.23214285714285715
YBL049W,0,0,73,4988,1508,14,0.24016405893969314,0.014424026872159653,0.8390804597701149,0.7678571428571429,0.23214285714285715
YDL241W,-1,0,73,4989,1507,14,0.24001215251405134,0.01442117740023706,0.8390804597701149,0.7680110837438424,0.23198891625615764
YMR221C,-1,0,73,4990,1506,14,0.23986024608840953,0.014418329053920601,0.8390804597701149,0.7681650246305419,0.23183497536945813
YHR029C,-1,0,73,4991,1505,14,0.23970833966276772,0.014415481832543445,0.8390804597701149,0.7683189655172413,0.23168103448275862
YPL087W,-1,0,73,4992,1504,14,0.23955643323712594,0.01441263573543929,0.8390804597701149,0.7684729064039408,0.2315270935960591
YDR476C,-1,0,73,4993,1503,14,0.23940452681148414,0.01440979076194236,0.8390804597701149,0.7686268472906403,0.2313731527093596
YMR158C-B,0,0,73,4993,1503,14,0.23940452681148414,0.01440979076194236,0.8390804597701149,0.7686268472906403,0.2313731527093596
YKL050C,0,0,73,4993,1503,14,0.23940452681148414,0.01440979076194236,0.8390804597701149,0.7686268472906403,0.2313731527093596
YMR098C,-1,0,73,4994,1502,14,0.23925262038584233,0.014406946911387409,0.8390804597701149,0.7687807881773399,0.2312192118226601
YGR066C,-1,0,73,4995,1501,14,0.23910071396020052,0.014404104183109707,0.8390804597701149,0.7689347290640394,0.2310652709359606
YAL010C,-1,0,73,4996,1500,14,0.23894880753455872,0.014401262576445058,0.8390804597701149,0.7690886699507389,0.2309113300492611
YGR093W,-1,0,73,4997,1499,14,0.2387969011089169,0.014398422090729782,0.8390804597701149,0.7692426108374384,0.23075738916256158
YMR244W,-1,0,73,4998,1498,14,0.2386449946832751,0.01439558272530073,0.8390804597701149,0.7693965517241379,0.23060344827586207
YNL042W-B,0,0,73,4998,1498,14,0.2386449946832751,0.01439558272530073,0.8390804597701149,0.7693965517241379,0.23060344827586207
YOR316C-A,0,0,73,4998,1498,14,0.2386449946832751,0.01439558272530073,0.8390804597701149,0.7693965517241379,0.23060344827586207
YER137C,0,0,73,4998,1498,14,0.2386449946832751,0.01439558272530073,0.8390804597701149,0.7693965517241379,0.23060344827586207
YER078W-A,0,0,73,4998,1498,14,0.2386449946832751,0.01439558272530073,0.8390804597701149,0.7693965517241379,0.23060344827586207
YLR218C,-1,0,73,4999,1497,14,0.2384930882576333,0.014392744479495269,0.8390804597701149,0.7695504926108374,0.23044950738916256
YCR099C,0,0,73,4999,1497,14,0.2384930882576333,0.014392744479495269,0.8390804597701149,0.7695504926108374,0.23044950738916256
YGR021W,0,0,73,4999,1497,14,0.2384930882576333,0.014392744479495269,0.8390804597701149,0.7695504926108374,0.23044950738916256
YOR343C-A,-1,0,73,5000,1496,14,0.2383411818319915,0.01438990735265129,0.8390804597701149,0.7697044334975369,0.23029556650246305
YJL007C,0,0,73,5000,1496,14,0.2383411818319915,0.01438990735265129,0.8390804597701149,0.7697044334975369,0.23029556650246305
YMR193W,-1,0,73,5001,1495,14,0.23818927540634968,0.014387071344107213,0.8390804597701149,0.7698583743842364,0.23014162561576354
YNL144C,0,0,73,5001,1495,14,0.23818927540634968,0.014387071344107213,0.8390804597701149,0.7698583743842364,0.23014162561576354
YLR199C,0,0,73,5001,1495,14,0.23818927540634968,0.014387071344107213,0.8390804597701149,0.7698583743842364,0.23014162561576354
YJL197W,-1,0,73,5002,1494,14,0.23803736898070788,0.01438423645320197,0.8390804597701149,0.7700123152709359,0.22998768472906403
YDR337W,-1,0,73,5003,1493,14,0.23788546255506607,0.01438140267927502,0.8390804597701149,0.7701662561576355,0.22983374384236452
YDR262W,-1,0,73,5004,1492,14,0.23773355612942426,0.014378570021666339,0.8390804597701149,0.770320197044335,0.22967980295566504
YDR222W,-1,0,73,5005,1491,14,0.23758164970378248,0.014375738479716424,0.8390804597701149,0.7704741379310345,0.22952586206896552
YLL030C,0,0,73,5005,1491,14,0.23758164970378248,0.014375738479716424,0.8390804597701149,0.7704741379310345,0.22952586206896552
YER130C,-1,0,73,5006,1490,14,0.23742974327814068,0.014372908052766293,0.8390804597701149,0.770628078817734,0.22937192118226601
YLR236C,0,0,73,5006,1490,14,0.23742974327814068,0.014372908052766293,0.8390804597701149,0.770628078817734,0.22937192118226601
YCR062W,0,0,73,5006,1490,14,0.23742974327814068,0.014372908052766293,0.8390804597701149,0.770628078817734,0.22937192118226601
YAR062W,0,0,73,5006,1490,14,0.23742974327814068,0.014372908052766293,0.8390804597701149,0.770628078817734,0.22937192118226601
YNR017W,-1,0,73,5007,1489,14,0.23727783685249887,0.01437007874015748,0.8390804597701149,0.7707820197044335,0.2292179802955665
YDR322W,-1,0,73,5008,1488,14,0.23712593042685706,0.014367250541232042,0.8390804597701149,0.770935960591133,0.229064039408867
YIL070C,-1,0,73,5009,1487,14,0.23697402400121526,0.014364423455332545,0.8390804597701149,0.7710899014778325,0.22891009852216748
YMR105W-A,0,0,73,5009,1487,14,0.23697402400121526,0.014364423455332545,0.8390804597701149,0.7710899014778325,0.22891009852216748
YEL008W,0,0,73,5009,1487,14,0.23697402400121526,0.014364423455332545,0.8390804597701149,0.7710899014778325,0.22891009852216748
YLR415C,0,0,73,5009,1487,14,0.23697402400121526,0.014364423455332545,0.8390804597701149,0.7710899014778325,0.22891009852216748
YBR039W,-1,0,73,5010,1486,14,0.23682211757557345,0.014361597481802085,0.8390804597701149,0.771243842364532,0.22875615763546797
YNL058C,-1,0,73,5011,1485,14,0.23667021114993164,0.014358772619984264,0.8390804597701149,0.7713977832512315,0.22860221674876846
YOL014W,0,0,73,5011,1485,14,0.23667021114993164,0.014358772619984264,0.8390804597701149,0.7713977832512315,0.22860221674876846
YDR010C,0,0,73,5011,1485,14,0.23667021114993164,0.014358772619984264,0.8390804597701149,0.7713977832512315,0.22860221674876846
YMR027W,-1,0,73,5012,1484,14,0.23651830472428984,0.014355948869223206,0.8390804597701149,0.771551724137931,0.22844827586206898
YER139C,-1,0,73,5013,1483,14,0.23636639829864803,0.014353126228863547,0.8390804597701149,0.7717056650246306,0.22829433497536947
YER108C,-1,0,73,5014,1482,14,0.23621449187300622,0.014350304698250443,0.8390804597701149,0.7718596059113301,0.22814039408866996
YGR237C,0,0,73,5014,1482,14,0.23621449187300622,0.014350304698250443,0.8390804597701149,0.7718596059113301,0.22814039408866996
YOR262W,-1,0,73,5015,1481,14,0.23606258544736441,0.01434748427672956,0.8390804597701149,0.7720135467980296,0.22798645320197045
YMR278W,-1,0,73,5016,1480,14,0.2359106790217226,0.014344664963647082,0.8390804597701149,0.7721674876847291,0.22783251231527094
YLR312C,-1,0,73,5017,1479,14,0.2357587725960808,0.014341846758349706,0.8390804597701149,0.7723214285714286,0.22767857142857142
YNL211C,0,0,73,5017,1479,14,0.2357587725960808,0.014341846758349706,0.8390804597701149,0.7723214285714286,0.22767857142857142
YPL158C,-1,0,73,5018,1478,14,0.23560686617043902,0.01433902966018464,0.8390804597701149,0.7724753694581281,0.22752463054187191
YKL162C,-1,0,73,5019,1477,14,0.23545495974479722,0.014336213668499607,0.8390804597701149,0.7726293103448276,0.2273706896551724
YLR285C-A,0,0,73,5019,1477,14,0.23545495974479722,0.014336213668499607,0.8390804597701149,0.7726293103448276,0.2273706896551724
YGR084C,-1,0,73,5020,1476,14,0.2353030533191554,0.014333398782642844,0.8390804597701149,0.7727832512315271,0.2272167487684729
YOR150W,-1,0,73,5021,1475,14,0.2351511468935136,0.014330585001963094,0.8390804597701149,0.7729371921182266,0.2270628078817734
YHR173C,-1,0,73,5022,1474,14,0.2349992404678718,0.014327772325809618,0.8390804597701149,0.7730911330049262,0.2269088669950739
YGR076C,-1,0,73,5023,1473,14,0.23484733404223,0.014324960753532182,0.8390804597701149,0.7732450738916257,0.2267549261083744
YAR068W,0,0,73,5023,1473,14,0.23484733404223,0.014324960753532182,0.8390804597701149,0.7732450738916257,0.2267549261083744
YHR076W,-1,0,73,5024,1472,14,0.23469542761658818,0.014322150284481068,0.8390804597701149,0.7733990147783252,0.22660098522167488
YJR011C,0,0,73,5024,1472,14,0.23469542761658818,0.014322150284481068,0.8390804597701149,0.7733990147783252,0.22660098522167488
YOR012W,0,0,73,5024,1472,14,0.23469542761658818,0.014322150284481068,0.8390804597701149,0.7733990147783252,0.22660098522167488
YNL305C,-1,0,73,5025,1471,14,0.23454352119094637,0.01431934091800706,0.8390804597701149,0.7735529556650246,0.22644704433497537
YCL021W-A,-1,0,73,5026,1470,14,0.23439161476530457,0.014316532653461464,0.8390804597701149,0.7737068965517241,0.22629310344827586
YGL140C,-1,0,73,5027,1469,14,0.23423970833966276,0.01431372549019608,0.8390804597701149,0.7738608374384236,0.22613916256157635
YNL217W,-1,0,73,5028,1468,14,0.23408780191402095,0.014310919427563223,0.8390804597701149,0.7740147783251231,0.22598522167487683
YDR504C,-1,0,73,5029,1467,14,0.23393589548837915,0.014308114464915719,0.8390804597701149,0.7741687192118226,0.22583128078817735
YDL144C,-1,0,73,5030,1466,14,0.23378398906273734,0.014305310601606898,0.8390804597701149,0.7743226600985221,0.22567733990147784
YKR015C,0,0,73,5030,1466,14,0.23378398906273734,0.014305310601606898,0.8390804597701149,0.7743226600985221,0.22567733990147784
YPL281C,-1,0,73,5031,1465,14,0.23363208263709556,0.014302507836990596,0.8390804597701149,0.7744766009852216,0.22552339901477833
YLR259C,-1,0,73,5032,1464,14,0.23348017621145375,0.014299706170421155,0.8390804597701149,0.7746305418719212,0.22536945812807882
YDR542W,-1,0,73,5033,1463,14,0.23332826978581195,0.014296905601253428,0.8390804597701149,0.7747844827586207,0.2252155172413793
YDR215C,0,0,73,5033,1463,14,0.23332826978581195,0.014296905601253428,0.8390804597701149,0.7747844827586207,0.2252155172413793
YDR210W-C,-1,0,73,5034,1462,14,0.23317636336017014,0.014294106128842765,0.8390804597701149,0.7749384236453202,0.2250615763546798
YGL007W,0,0,73,5034,1462,14,0.23317636336017014,0.014294106128842765,0.8390804597701149,0.7749384236453202,0.2250615763546798
YPL279C,-1,0,73,5035,1461,14,0.23302445693452833,0.014291307752545028,0.8390804597701149,0.7750923645320197,0.2249076354679803
YMR067C,-1,0,73,5036,1460,14,0.23287255050888653,0.014288510471716578,0.8390804597701149,0.7752463054187192,0.22475369458128078
YIL015C-A,0,0,73,5036,1460,14,0.23287255050888653,0.014288510471716578,0.8390804597701149,0.7752463054187192,0.22475369458128078
YMR030W-A,0,0,73,5036,1460,14,0.23287255050888653,0.014288510471716578,0.8390804597701149,0.7752463054187192,0.22475369458128078
YGR015C,-1,0,73,5037,1459,14,0.23272064408324472,0.014285714285714285,0.8390804597701149,0.7754002463054187,0.2245997536945813
YOR020W-A,-1,0,73,5038,1458,14,0.23256873765760291,0.01428291919389552,0.8390804597701149,0.7755541871921182,0.22444581280788178
YKL219W,-1,0,73,5039,1457,14,0.2324168312319611,0.014280125195618153,0.8390804597701149,0.7757081280788177,0.22429187192118227
YCL042W,0,0,73,5039,1457,14,0.2324168312319611,0.014280125195618153,0.8390804597701149,0.7757081280788177,0.22429187192118227
YPL078C,-1,0,73,5040,1456,14,0.2322649248063193,0.014277332290240563,0.8390804597701149,0.7758620689655172,0.22413793103448276
YJR056C,0,0,73,5040,1456,14,0.2322649248063193,0.014277332290240563,0.8390804597701149,0.7758620689655172,0.22413793103448276
YER017C,-1,0,73,5041,1455,14,0.2321130183806775,0.014274540477121627,0.8390804597701149,0.7760160098522167,0.22398399014778325
YPR172W,0,0,73,5041,1455,14,0.2321130183806775,0.014274540477121627,0.8390804597701149,0.7760160098522167,0.22398399014778325
YNL092W,1,0,74,5041,1455,13,0.2322649248063193,0.014467253176930596,0.8505747126436781,0.7760160098522167,0.22398399014778325
YJR142W,0,0,74,5041,1455,13,0.2322649248063193,0.014467253176930596,0.8505747126436781,0.7760160098522167,0.22398399014778325
YDL010W,-1,0,74,5042,1454,13,0.2321130183806775,0.014464425332290852,0.8505747126436781,0.7761699507389163,0.22383004926108374
YOR189W,-1,0,74,5043,1453,13,0.2319611119550357,0.014461598592925543,0.8505747126436781,0.7763238916256158,0.22367610837438423
YLR151C,-1,0,74,5044,1452,13,0.23180920552939388,0.014458772958186792,0.8505747126436781,0.7764778325123153,0.22352216748768472
YHR079C-B,-1,0,74,5045,1451,13,0.2316572991037521,0.014455948427427232,0.8505747126436781,0.7766317733990148,0.2233682266009852
YKR041W,0,0,74,5045,1451,13,0.2316572991037521,0.014455948427427232,0.8505747126436781,0.7766317733990148,0.2233682266009852
YER156C,-1,0,74,5046,1450,13,0.2315053926781103,0.014453125,0.8505747126436781,0.7767857142857143,0.22321428571428573
YLL027W,-1,0,74,5047,1449,13,0.2313534862524685,0.014450302675258738,0.8505747126436781,0.7769396551724138,0.22306034482758622
YGL110C,-1,0,74,5048,1448,13,0.23120157982682668,0.014447481452557595,0.8505747126436781,0.7770935960591133,0.2229064039408867
YHL004W,-1,0,74,5049,1447,13,0.23104967340118487,0.01444466133125122,0.8505747126436781,0.7772475369458128,0.2227524630541872
YLL009C,-1,0,74,5050,1446,13,0.23089776697554307,0.01444184231069477,0.8505747126436781,0.7774014778325123,0.22259852216748768
YBR096W,-1,0,74,5051,1445,13,0.23074586054990126,0.014439024390243903,0.8505747126436781,0.7775554187192119,0.22244458128078817
YIL054W,0,0,74,5051,1445,13,0.23074586054990126,0.014439024390243903,0.8505747126436781,0.7775554187192119,0.22244458128078817
YNL252C,-1,0,74,5052,1444,13,0.23059395412425945,0.01443620756925478,0.8505747126436781,0.7777093596059114,0.22229064039408866
YGR240C-A,0,0,74,5052,1444,13,0.23059395412425945,0.01443620756925478,0.8505747126436781,0.7777093596059114,0.22229064039408866
YGR153W,0,0,74,5052,1444,13,0.23059395412425945,0.01443620756925478,0.8505747126436781,0.7777093596059114,0.22229064039408866
YGL260W,0,0,74,5052,1444,13,0.23059395412425945,0.01443620756925478,0.8505747126436781,0.7777093596059114,0.22229064039408866
YLL067C,-1,0,74,5053,1443,13,0.23044204769861765,0.014433391847084065,0.8505747126436781,0.7778633004926109,0.22213669950738915
YOR264W,-1,0,74,5054,1442,13,0.23029014127297584,0.014430577223088924,0.8505747126436781,0.7780172413793104,0.22198275862068967
YBL030C,-1,0,74,5055,1441,13,0.23013823484733403,0.014427763696627023,0.8505747126436781,0.7781711822660099,0.22182881773399016
YLR342W-A,0,0,74,5055,1441,13,0.23013823484733403,0.014427763696627023,0.8505747126436781,0.7781711822660099,0.22182881773399016
YNL284C,-1,0,74,5056,1440,13,0.22998632842169223,0.01442495126705653,0.8505747126436781,0.7783251231527094,0.22167487684729065
YPR071W,-1,0,74,5057,1439,13,0.22983442199605042,0.014422139933736113,0.8505747126436781,0.7784790640394089,0.22152093596059114
YBR194W,0,0,74,5057,1439,13,0.22983442199605042,0.014422139933736113,0.8505747126436781,0.7784790640394089,0.22152093596059114
YGR052W,-1,0,74,5058,1438,13,0.22968251557040864,0.014419329696024942,0.8505747126436781,0.7786330049261084,0.22136699507389163
YMR279C,-1,0,74,5059,1437,13,0.22953060914476683,0.01441652055328268,0.8505747126436781,0.7787869458128078,0.22121305418719212
YDR291W,-1,0,74,5060,1436,13,0.22937870271912503,0.014413712504869497,0.8505747126436781,0.7789408866995073,0.2210591133004926
YDR152W,-1,0,74,5061,1435,13,0.22922679629348322,0.014410905550146057,0.8505747126436781,0.7790948275862069,0.2209051724137931
YPR014C,0,0,74,5061,1435,13,0.22922679629348322,0.014410905550146057,0.8505747126436781,0.7790948275862069,0.2209051724137931
YOR238W,0,0,74,5061,1435,13,0.22922679629348322,0.014410905550146057,0.8505747126436781,0.7790948275862069,0.2209051724137931
YDR242W,0,0,74,5061,1435,13,0.22922679629348322,0.014410905550146057,0.8505747126436781,0.7790948275862069,0.2209051724137931
YPL077C,0,0,74,5061,1435,13,0.22922679629348322,0.014410905550146057,0.8505747126436781,0.7790948275862069,0.2209051724137931
YKR013W,-1,0,74,5062,1434,13,0.2290748898678414,0.01440809968847352,0.8505747126436781,0.7792487684729064,0.22075123152709358
YIL095W,-1,0,74,5063,1433,13,0.2289229834421996,0.014405294919213548,0.8505747126436781,0.7794027093596059,0.2205972906403941
YKL065W-A,-1,0,74,5064,1432,13,0.2287710770165578,0.014402491241728299,0.8505747126436781,0.7795566502463054,0.2204433497536946
YML133C,-1,0,74,5065,1431,13,0.228619170590916,0.014399688655380424,0.8505747126436781,0.7797105911330049,0.22028940886699508
YPR085C,-1,0,74,5066,1430,13,0.2284672641652742,0.014396887159533073,0.8505747126436781,0.7798645320197044,0.22013546798029557
YER093C-A,0,0,74,5066,1430,13,0.2284672641652742,0.014396887159533073,0.8505747126436781,0.7798645320197044,0.22013546798029557
YDR524W-A,0,0,74,5066,1430,13,0.2284672641652742,0.014396887159533073,0.8505747126436781,0.7798645320197044,0.22013546798029557
YFR049W,-1,0,74,5067,1429,13,0.22831535773963238,0.014394086753549893,0.8505747126436781,0.7800184729064039,0.21998152709359606
YIL091C,-1,0,74,5068,1428,13,0.22816345131399057,0.014391287436795021,0.8505747126436781,0.7801724137931034,0.21982758620689655
YFR011C,-1,0,74,5069,1427,13,0.22801154488834877,0.014388489208633094,0.8505747126436781,0.7803263546798029,0.21967364532019704
YDR066C,-1,0,74,5070,1426,13,0.22785963846270696,0.014385692068429238,0.8505747126436781,0.7804802955665024,0.21951970443349753
YCL056C,-1,0,74,5071,1425,13,0.22770773203706518,0.014382896015549077,0.8505747126436781,0.780634236453202,0.21936576354679804
YER039C,-1,0,74,5072,1424,13,0.22755582561142337,0.014380101049358725,0.8505747126436781,0.7807881773399015,0.21921182266009853
YGR266W,-1,0,74,5073,1423,13,0.22740391918578157,0.014377307169224791,0.8505747126436781,0.780942118226601,0.21905788177339902
YCL045C,-1,0,74,5074,1422,13,0.22725201276013976,0.014374514374514374,0.8505747126436781,0.7810960591133005,0.2189039408866995
YDL036C,-1,0,74,5075,1421,13,0.22710010633449795,0.014371722664595066,0.8505747126436781,0.78125,0.21875
YNL130C-A,0,0,74,5075,1421,13,0.22710010633449795,0.014371722664595066,0.8505747126436781,0.78125,0.21875
YKL027W,-1,0,74,5076,1420,13,0.22694819990885615,0.014368932038834952,0.8505747126436781,0.7814039408866995,0.2185960591133005
YHR202W,-1,0,74,5077,1419,13,0.22679629348321434,0.014366142496602601,0.8505747126436781,0.781557881773399,0.21844211822660098
YLR118C,-1,0,74,5078,1418,13,0.22664438705757253,0.01436335403726708,0.8505747126436781,0.7817118226600985,0.21828817733990147
YJR101W,-1,0,74,5079,1417,13,0.22649248063193073,0.014360566660197943,0.8505747126436781,0.781865763546798,0.21813423645320196
YMR187C,0,0,74,5079,1417,13,0.22649248063193073,0.014360566660197943,0.8505747126436781,0.781865763546798,0.21813423645320196
YMR225C,-1,0,74,5080,1416,13,0.22634057420628892,0.01435778036476523,0.8505747126436781,0.7820197044334976,0.21798029556650247
YPL272C,0,0,74,5080,1416,13,0.22634057420628892,0.01435778036476523,0.8505747126436781,0.7820197044334976,0.21798029556650247
YLR307C-A,0,0,74,5080,1416,13,0.22634057420628892,0.01435778036476523,0.8505747126436781,0.7820197044334976,0.21798029556650247
YOL086W-A,-1,0,74,5081,1415,13,0.2261886677806471,0.014354995150339476,0.8505747126436781,0.7821736453201971,0.21782635467980296
YBL066C,-1,0,74,5082,1414,13,0.2260367613550053,0.014352211016291699,0.8505747126436781,0.7823275862068966,0.21767241379310345
YPL183W-A,-1,0,74,5083,1413,13,0.2258848549293635,0.014349427961993406,0.8505747126436781,0.7824815270935961,0.21751847290640394
YCL058W-A,-1,0,74,5084,1412,13,0.22573294850372172,0.014346645986816595,0.8505747126436781,0.7826354679802956,0.21736453201970443
YOR280C,0,0,74,5084,1412,13,0.22573294850372172,0.014346645986816595,0.8505747126436781,0.7826354679802956,0.21736453201970443
YDL129W,0,0,74,5084,1412,13,0.22573294850372172,0.014346645986816595,0.8505747126436781,0.7826354679802956,0.21736453201970443
YLR281C,-1,0,74,5085,1411,13,0.2255810420780799,0.014343865090133747,0.8505747126436781,0.7827894088669951,0.21721059113300492
YOR166C,-1,0,74,5086,1410,13,0.2254291356524381,0.01434108527131783,0.8505747126436781,0.7829433497536946,0.2170566502463054
YDL176W,-1,0,74,5087,1409,13,0.2252772292267963,0.014338306529742297,0.8505747126436781,0.7830972906403941,0.2169027093596059
YMR007W,0,0,74,5087,1409,13,0.2252772292267963,0.014338306529742297,0.8505747126436781,0.7830972906403941,0.2169027093596059
YJL027C,0,0,74,5087,1409,13,0.2252772292267963,0.014338306529742297,0.8505747126436781,0.7830972906403941,0.2169027093596059
YBL022C,-1,0,74,5088,1408,13,0.2251253228011545,0.014335528864781092,0.8505747126436781,0.7832512315270936,0.21674876847290642
YBR027C,0,0,74,5088,1408,13,0.2251253228011545,0.014335528864781092,0.8505747126436781,0.7832512315270936,0.21674876847290642
YOL053W,-1,0,74,5089,1407,13,0.22497341637551269,0.014332752275808639,0.8505747126436781,0.7834051724137931,0.2165948275862069
YBL111C,0,0,74,5089,1407,13,0.22497341637551269,0.014332752275808639,0.8505747126436781,0.7834051724137931,0.2165948275862069
YDL121C,-1,0,74,5090,1406,13,0.22482150994987088,0.014329976762199844,0.8505747126436781,0.7835591133004927,0.2164408866995074
YHR146W,-1,0,74,5091,1405,13,0.22466960352422907,0.014327202323330106,0.8505747126436781,0.7837130541871922,0.21628694581280788
YML118W,-1,0,74,5092,1404,13,0.22451769709858727,0.014324428958575301,0.8505747126436781,0.7838669950738916,0.21613300492610837
YCL054W-A,0,0,74,5092,1404,13,0.22451769709858727,0.014324428958575301,0.8505747126436781,0.7838669950738916,0.21613300492610837
YMR267W,-1,0,74,5093,1403,13,0.22436579067294546,0.014321656667311786,0.8505747126436781,0.7840209359605911,0.21597906403940886
YPR098C,-1,0,74,5094,1402,13,0.22421388424730365,0.01431888544891641,0.8505747126436781,0.7841748768472906,0.21582512315270935
YBL101W-C,0,0,74,5094,1402,13,0.22421388424730365,0.01431888544891641,0.8505747126436781,0.7841748768472906,0.21582512315270935
YDL202W,-1,0,74,5095,1401,13,0.22406197782166185,0.014316115302766493,0.8505747126436781,0.7843288177339901,0.21567118226600984
YAL034C,-1,0,74,5096,1400,13,0.22391007139602004,0.014313346228239845,0.8505747126436781,0.7844827586206896,0.21551724137931033
YNL254C,0,0,74,5096,1400,13,0.22391007139602004,0.014313346228239845,0.8505747126436781,0.7844827586206896,0.21551724137931033
YJL127C-B,-1,0,74,5097,1399,13,0.22375816497037826,0.014310578224714755,0.8505747126436781,0.7846366995073891,0.21536330049261085
YLR290C,0,0,74,5097,1399,13,0.22375816497037826,0.014310578224714755,0.8505747126436781,0.7846366995073891,0.21536330049261085
YPL108W,0,0,74,5097,1399,13,0.22375816497037826,0.014310578224714755,0.8505747126436781,0.7846366995073891,0.21536330049261085
YAL048C,-1,0,74,5098,1398,13,0.22360625854473645,0.014307811291569992,0.8505747126436781,0.7847906403940886,0.21520935960591134
YNL081C,-1,0,74,5099,1397,13,0.22345435211909465,0.014305045428184806,0.8505747126436781,0.7849445812807881,0.21505541871921183
YKR017C,-1,0,74,5100,1396,13,0.22330244569345284,0.014302280633938926,0.8505747126436781,0.7850985221674877,0.21490147783251232
YKL207W,-1,0,74,5101,1395,13,0.22315053926781103,0.01429951690821256,0.8505747126436781,0.7852524630541872,0.2147475369458128
YDL177C,-1,0,74,5102,1394,13,0.22299863284216923,0.0142967542503864,0.8505747126436781,0.7854064039408867,0.2145935960591133
YAL027W,-1,0,74,5103,1393,13,0.22284672641652742,0.014293992659841607,0.8505747126436781,0.7855603448275862,0.21443965517241378
YLL029W,-1,0,74,5104,1392,13,0.2226948199908856,0.01429123213595983,0.8505747126436781,0.7857142857142857,0.21428571428571427
YGR174W-A,0,0,74,5104,1392,13,0.2226948199908856,0.01429123213595983,0.8505747126436781,0.7857142857142857,0.21428571428571427
YEL076C,0,0,74,5104,1392,13,0.2226948199908856,0.01429123213595983,0.8505747126436781,0.7857142857142857,0.21428571428571427
YGL230C,-1,0,74,5105,1391,13,0.2225429135652438,0.01428847267812319,0.8505747126436781,0.7858682266009852,0.2141317733990148
YDR525W,0,0,74,5105,1391,13,0.2225429135652438,0.01428847267812319,0.8505747126436781,0.7858682266009852,0.2141317733990148
YOR293C-A,0,0,74,5105,1391,13,0.2225429135652438,0.01428847267812319,0.8505747126436781,0.7858682266009852,0.2141317733990148
YPL159C,-1,0,74,5106,1390,13,0.222391007139602,0.014285714285714285,0.8505747126436781,0.7860221674876847,0.21397783251231528
YHR033W,-1,0,74,5107,1389,13,0.2222391007139602,0.014282956958116193,0.8505747126436781,0.7861761083743842,0.21382389162561577
YOR192C-C,0,0,74,5107,1389,13,0.2222391007139602,0.014282956958116193,0.8505747126436781,0.7861761083743842,0.21382389162561577
YPR117W,0,0,74,5107,1389,13,0.2222391007139602,0.014282956958116193,0.8505747126436781,0.7861761083743842,0.21382389162561577
YLR154C-G,0,0,74,5107,1389,13,0.2222391007139602,0.014282956958116193,0.8505747126436781,0.7861761083743842,0.21382389162561577
YBR298C-A,0,0,74,5107,1389,13,0.2222391007139602,0.014282956958116193,0.8505747126436781,0.7861761083743842,0.21382389162561577
YPR064W,0,0,74,5107,1389,13,0.2222391007139602,0.014282956958116193,0.8505747126436781,0.7861761083743842,0.21382389162561577
YDR282C,-1,0,74,5108,1388,13,0.22208719428831838,0.014280200694712466,0.8505747126436781,0.7863300492610837,0.21366995073891626
YDR070C,0,0,74,5108,1388,13,0.22208719428831838,0.014280200694712466,0.8505747126436781,0.7863300492610837,0.21366995073891626
YBR053C,-1,0,74,5109,1387,13,0.22193528786267658,0.014277445494887131,0.8505747126436781,0.7864839901477833,0.21351600985221675
YOL023W,-1,0,74,5110,1386,13,0.2217833814370348,0.01427469135802469,0.8505747126436781,0.7866379310344828,0.21336206896551724
YNL184C,0,0,74,5110,1386,13,0.2217833814370348,0.01427469135802469,0.8505747126436781,0.7866379310344828,0.21336206896551724
YBR266C,-1,0,74,5111,1385,13,0.221631475011393,0.014271938283510125,0.8505747126436781,0.7867918719211823,0.21320812807881773
YPL107W,0,0,74,5111,1385,13,0.221631475011393,0.014271938283510125,0.8505747126436781,0.7867918719211823,0.21320812807881773
YCL005W,-1,0,74,5112,1384,13,0.22147956858575119,0.014269186270728885,0.8505747126436781,0.7869458128078818,0.21305418719211822
YDR116C,-1,0,74,5113,1383,13,0.22132766216010938,0.014266435319066899,0.8505747126436781,0.7870997536945813,0.2129002463054187
YMR114C,-1,0,74,5114,1382,13,0.22117575573446757,0.014263685427910563,0.8505747126436781,0.7872536945812808,0.21274630541871922
YKL102C,0,0,74,5114,1382,13,0.22117575573446757,0.014263685427910563,0.8505747126436781,0.7872536945812808,0.21274630541871922
YPL054W,-1,0,74,5115,1381,13,0.22102384930882576,0.014260936596646753,0.8505747126436781,0.7874076354679803,0.2125923645320197
YBR233W,-1,0,74,5116,1380,13,0.22087194288318396,0.014258188824662813,0.8505747126436781,0.7875615763546798,0.2124384236453202
YCR095C,-1,0,74,5117,1379,13,0.22072003645754215,0.01425544211134656,0.8505747126436781,0.7877155172413793,0.2122844827586207
YHR049W,0,0,74,5117,1379,13,0.22072003645754215,0.01425544211134656,0.8505747126436781,0.7877155172413793,0.2122844827586207
YJL206C-A,0,0,74,5117,1379,13,0.22072003645754215,0.01425544211134656,0.8505747126436781,0.7877155172413793,0.2122844827586207
YDR210W,-1,0,74,5118,1378,13,0.22056813003190034,0.014252696456086287,0.8505747126436781,0.7878694581280788,0.21213054187192118
YBR126W-A,-1,0,74,5119,1377,13,0.22041622360625854,0.01424995185827075,0.8505747126436781,0.7880233990147784,0.21197660098522167
YBR085C-A,0,0,74,5119,1377,13,0.22041622360625854,0.01424995185827075,0.8505747126436781,0.7880233990147784,0.21197660098522167
YAR061W,0,0,74,5119,1377,13,0.22041622360625854,0.01424995185827075,0.8505747126436781,0.7880233990147784,0.21197660098522167
YHR162W,-1,0,74,5120,1376,13,0.22026431718061673,0.01424720831728918,0.8505747126436781,0.7881773399014779,0.21182266009852216
YLR137W,-1,0,74,5121,1375,13,0.22011241075497492,0.01424446583253128,0.8505747126436781,0.7883312807881774,0.21166871921182265
YOR066W,-1,0,74,5122,1374,13,0.21996050432933312,0.01424172440338722,0.8505747126436781,0.7884852216748769,0.21151477832512317
YGL164C,0,0,74,5122,1374,13,0.21996050432933312,0.01424172440338722,0.8505747126436781,0.7884852216748769,0.21151477832512317
YLR337C,-1,0,74,5123,1373,13,0.21980859790369134,0.014238984029247642,0.8505747126436781,0.7886391625615764,0.21136083743842365
YOR062C,-1,0,74,5124,1372,13,0.21965669147804953,0.014236244709503656,0.8505747126436781,0.7887931034482759,0.21120689655172414
YIL102C,0,0,74,5124,1372,13,0.21965669147804953,0.014236244709503656,0.8505747126436781,0.7887931034482759,0.21120689655172414
YJL221C,-1,0,74,5125,1371,13,0.21950478505240772,0.014233506443546836,0.8505747126436781,0.7889470443349754,0.21105295566502463
YNR004W,-1,0,74,5126,1370,13,0.21935287862676592,0.01423076923076923,0.8505747126436781,0.7891009852216748,0.21089901477832512
YCR029C-A,-1,0,74,5127,1369,13,0.2192009722011241,0.014228033070563353,0.8505747126436781,0.7892549261083743,0.2107450738916256
YOL053C-A,-1,0,74,5128,1368,13,0.2190490657754823,0.014225297962322183,0.8505747126436781,0.7894088669950738,0.2105911330049261
YDR319C,-1,0,74,5129,1367,13,0.2188971593498405,0.01422256390543917,0.8505747126436781,0.7895628078817734,0.2104371921182266
YOL007C,-1,0,74,5130,1366,13,0.2187452529241987,0.014219830899308224,0.8505747126436781,0.7897167487684729,0.2102832512315271
YPL215W,-1,0,74,5131,1365,13,0.21859334649855688,0.014217098943323727,0.8505747126436781,0.7898706896551724,0.2101293103448276
YJL160C,-1,0,74,5132,1364,13,0.21844144007291508,0.014214368036880523,0.8505747126436781,0.7900246305418719,0.20997536945812809
YIR020C,0,0,74,5132,1364,13,0.21844144007291508,0.014214368036880523,0.8505747126436781,0.7900246305418719,0.20997536945812809
YGL196W,-1,0,74,5133,1363,13,0.21828953364727327,0.014211638179373919,0.8505747126436781,0.7901785714285714,0.20982142857142858
YDR371W,-1,0,74,5134,1362,13,0.21813762722163146,0.014208909370199693,0.8505747126436781,0.7903325123152709,0.20966748768472906
YNL176C,-1,0,74,5135,1361,13,0.21798572079598966,0.01420618160875408,0.8505747126436781,0.7904864532019704,0.20951354679802955
YEL007W,-1,0,74,5136,1360,13,0.21783381437034788,0.014203454894433781,0.8505747126436781,0.7906403940886699,0.20935960591133004
YAR066W,-1,0,74,5137,1359,13,0.21768190794470607,0.014200729226635962,0.8505747126436781,0.7907943349753694,0.20920566502463053
YOL160W,0,0,74,5137,1359,13,0.21768190794470607,0.014200729226635962,0.8505747126436781,0.7907943349753694,0.20920566502463053
YBL067C,-1,0,74,5138,1358,13,0.21753000151906426,0.01419800460475825,0.8505747126436781,0.790948275862069,0.20905172413793102
YPR202W,0,0,74,5138,1358,13,0.21753000151906426,0.01419800460475825,0.8505747126436781,0.790948275862069,0.20905172413793102
YEL048C,-1,0,74,5139,1357,13,0.21737809509342246,0.014195281028198734,0.8505747126436781,0.7911022167487685,0.20889778325123154
YMR066W,-1,0,74,5140,1356,13,0.21722618866778065,0.014192558496355964,0.8505747126436781,0.791256157635468,0.20874384236453203
YGL157W,-1,0,74,5141,1355,13,0.21707428224213884,0.014189837008628955,0.8505747126436781,0.7914100985221675,0.20858990147783252
YKL138C,-1,0,74,5142,1354,13,0.21692237581649704,0.014187116564417178,0.8505747126436781,0.791564039408867,0.208435960591133
YKR051W,-1,0,74,5143,1353,13,0.21677046939085523,0.014184397163120567,0.8505747126436781,0.7917179802955665,0.2082820197044335
YKR098C,-1,0,74,5144,1352,13,0.21661856296521342,0.014181678804139517,0.8505747126436781,0.791871921182266,0.20812807881773399
YHR116W,-1,0,74,5145,1351,13,0.21646665653957162,0.014178961486874881,0.8505747126436781,0.7920258620689655,0.20797413793103448
YMR019W,-1,0,74,5146,1350,13,0.2163147501139298,0.014176245210727969,0.8505747126436781,0.792179802955665,0.20782019704433496
YDR102C,0,0,74,5146,1350,13,0.2163147501139298,0.014176245210727969,0.8505747126436781,0.792179802955665,0.20782019704433496
YOR240W,1,0,75,5146,1350,12,0.21646665653957162,0.014365064163953266,0.8620689655172413,0.792179802955665,0.20782019704433496
YDR034W-B,-1,0,75,5147,1349,12,0.2163147501139298,0.014362313289927231,0.8620689655172413,0.7923337438423645,0.20766625615763548
YOR289W,0,0,75,5147,1349,12,0.2163147501139298,0.014362313289927231,0.8620689655172413,0.7923337438423645,0.20766625615763548
YOL141W,1,0,76,5147,1349,11,0.21646665653957162,0.014551024315527475,0.8735632183908046,0.7923337438423645,0.20766625615763548
YLR225C,-1,0,76,5148,1348,11,0.2163147501139298,0.01454823889739663,0.8735632183908046,0.7924876847290641,0.20751231527093597
YLR413W,-1,0,76,5149,1347,11,0.216162843688288,0.014545454545454545,0.8735632183908046,0.7926416256157636,0.20735837438423646
YFR017C,0,0,76,5149,1347,11,0.216162843688288,0.014545454545454545,0.8735632183908046,0.7926416256157636,0.20735837438423646
YKL142W,0,0,76,5149,1347,11,0.216162843688288,0.014545454545454545,0.8735632183908046,0.7926416256157636,0.20735837438423646
YIL165C,-1,0,76,5150,1346,11,0.2160109372626462,0.01454267125908917,0.8735632183908046,0.7927955665024631,0.20720443349753695
YPL068C,0,0,76,5150,1346,11,0.2160109372626462,0.01454267125908917,0.8735632183908046,0.7927955665024631,0.20720443349753695
YBL038W,-1,0,76,5151,1345,11,0.21585903083700442,0.014539889037688923,0.8735632183908046,0.7929495073891626,0.20705049261083744
YJR045C,-1,0,76,5152,1344,11,0.2157071244113626,0.014537107880642693,0.8735632183908046,0.7931034482758621,0.20689655172413793
YMR031C,-1,0,76,5153,1343,11,0.2155552179857208,0.014534327787339835,0.8735632183908046,0.7932573891625616,0.20674261083743842
YHR032W,-1,0,76,5154,1342,11,0.215403311560079,0.014531548757170172,0.8735632183908046,0.7934113300492611,0.2065886699507389
YDL021W,-1,0,76,5155,1341,11,0.2152514051344372,0.014528770789523991,0.8735632183908046,0.7935652709359606,0.2064347290640394
YHR147C,-1,0,76,5156,1340,11,0.21509949870879538,0.01452599388379205,0.8735632183908046,0.7937192118226601,0.2062807881773399
YGL085W,-1,0,76,5157,1339,11,0.21494759228315358,0.014523218039365564,0.8735632183908046,0.7938731527093597,0.2061268472906404
YDR185C,-1,0,76,5158,1338,11,0.21479568585751177,0.014520443255636225,0.8735632183908046,0.7940270935960592,0.2059729064039409
YCR022C,0,0,76,5158,1338,11,0.21479568585751177,0.014520443255636225,0.8735632183908046,0.7940270935960592,0.2059729064039409
YGL210W-A,-1,0,76,5159,1337,11,0.21464377943186996,0.01451766953199618,0.8735632183908046,0.7941810344827587,0.20581896551724138
YHR100C,-1,0,76,5160,1336,11,0.21449187300622816,0.014514896867838044,0.8735632183908046,0.7943349753694581,0.20566502463054187
YNL097C-A,0,0,76,5160,1336,11,0.21449187300622816,0.014514896867838044,0.8735632183908046,0.7943349753694581,0.20566502463054187
YEL030W,-1,0,76,5161,1335,11,0.21433996658058635,0.014512125262554899,0.8735632183908046,0.7944889162561576,0.20551108374384236
YNL336W,-1,0,76,5162,1334,11,0.21418806015494454,0.014509354715540282,0.8735632183908046,0.7946428571428571,0.20535714285714285
YPR145C-A,0,0,76,5162,1334,11,0.21418806015494454,0.014509354715540282,0.8735632183908046,0.7946428571428571,0.20535714285714285
YIL011W,-1,0,76,5163,1333,11,0.21403615372930274,0.014506585226188204,0.8735632183908046,0.7947967980295566,0.20520320197044334
YEL025C,0,0,76,5163,1333,11,0.21403615372930274,0.014506585226188204,0.8735632183908046,0.7947967980295566,0.20520320197044334
YPL280W,-1,0,76,5164,1332,11,0.21388424730366096,0.01450381679389313,0.8735632183908046,0.7949507389162561,0.20504926108374386
YOR019W,-1,0,76,5165,1331,11,0.21373234087801915,0.01450104941804999,0.8735632183908046,0.7951046798029556,0.20489532019704434
YLR312W-A,-1,0,76,5166,1330,11,0.21358043445237734,0.014498283098054178,0.8735632183908046,0.7952586206896551,0.20474137931034483
YDL159W-A,0,0,76,5166,1330,11,0.21358043445237734,0.014498283098054178,0.8735632183908046,0.7952586206896551,0.20474137931034483
YDL091C,-1,0,76,5167,1329,11,0.21342852802673554,0.014495517833301545,0.8735632183908046,0.7954125615763546,0.20458743842364532
YJR121W,-1,0,76,5168,1328,11,0.21327662160109373,0.014492753623188406,0.8735632183908046,0.7955665024630542,0.2044334975369458
YBL059C-A,-1,0,76,5169,1327,11,0.21312471517545192,0.014489990467111535,0.8735632183908046,0.7957204433497537,0.2042795566502463
YMR157C,-1,0,76,5170,1326,11,0.21297280874981012,0.014487228364468167,0.8735632183908046,0.7958743842364532,0.2041256157635468
YHL044W,-1,0,76,5171,1325,11,0.2128209023241683,0.014484467314655993,0.8735632183908046,0.7960283251231527,0.20397167487684728
YMR265C,-1,0,76,5172,1324,11,0.2126689958985265,0.014481707317073171,0.8735632183908046,0.7961822660098522,0.20381773399014777
YPL080C,0,0,76,5172,1324,11,0.2126689958985265,0.014481707317073171,0.8735632183908046,0.7961822660098522,0.20381773399014777
YBR259W,0,0,76,5172,1324,11,0.2126689958985265,0.014481707317073171,0.8735632183908046,0.7961822660098522,0.20381773399014777
YJR032W,-1,0,76,5173,1323,11,0.2125170894728847,0.014478948371118308,0.8735632183908046,0.7963362068965517,0.2036637931034483
YAR027W,-1,0,76,5174,1322,11,0.2123651830472429,0.014476190476190476,0.8735632183908046,0.7964901477832512,0.20350985221674878
YGR131W,-1,0,76,5175,1321,11,0.21221327662160108,0.014473433631689202,0.8735632183908046,0.7966440886699507,0.20335591133004927
YML108W,0,0,76,5175,1321,11,0.21221327662160108,0.014473433631689202,0.8735632183908046,0.7966440886699507,0.20335591133004927
YBR013C,-1,0,76,5176,1320,11,0.21206137019595928,0.014470677837014471,0.8735632183908046,0.7967980295566502,0.20320197044334976
YPR100W,-1,0,76,5177,1319,11,0.2119094637703175,0.014467923091566724,0.8735632183908046,0.7969519704433498,0.20304802955665024
YCL036W,0,0,76,5177,1319,11,0.2119094637703175,0.014467923091566724,0.8735632183908046,0.7969519704433498,0.20304802955665024
YCR003W,-1,0,76,5178,1318,11,0.2117575573446757,0.01446516939474686,0.8735632183908046,0.7971059113300493,0.20289408866995073
YPL261C,0,0,76,5178,1318,11,0.2117575573446757,0.01446516939474686,0.8735632183908046,0.7971059113300493,0.20289408866995073
YIR024C,-1,0,76,5179,1317,11,0.21160565091903388,0.014462416745956231,0.8735632183908046,0.7972598522167488,0.20274014778325122
YOR015W,0,0,76,5179,1317,11,0.21160565091903388,0.014462416745956231,0.8735632183908046,0.7972598522167488,0.20274014778325122
YDR003W-A,0,0,76,5179,1317,11,0.21160565091903388,0.014462416745956231,0.8735632183908046,0.7972598522167488,0.20274014778325122
YGR215W,-1,0,76,5180,1316,11,0.21145374449339208,0.01445966514459665,0.8735632183908046,0.7974137931034483,0.2025862068965517
YKR005C,0,0,76,5180,1316,11,0.21145374449339208,0.01445966514459665,0.8735632183908046,0.7974137931034483,0.2025862068965517
YOR186W,0,0,76,5180,1316,11,0.21145374449339208,0.01445966514459665,0.8735632183908046,0.7974137931034483,0.2025862068965517
YBR163W,-1,0,76,5181,1315,11,0.21130183806775027,0.014456914590070383,0.8735632183908046,0.7975677339901478,0.20243226600985223
YBR075W,-1,0,76,5182,1314,11,0.21114993164210846,0.014454165081780145,0.8735632183908046,0.7977216748768473,0.20227832512315272
YNR073C,-1,0,76,5183,1313,11,0.21099802521646666,0.014451416619129112,0.8735632183908046,0.7978756157635468,0.2021243842364532
YHL021C,-1,0,76,5184,1312,11,0.21084611879082485,0.014448669201520912,0.8735632183908046,0.7980295566502463,0.2019704433497537
YMR259C,-1,0,76,5185,1311,11,0.21069421236518304,0.014445922828359627,0.8735632183908046,0.7981834975369458,0.2018165024630542
YMR024W,-1,0,76,5186,1310,11,0.21054230593954124,0.01444317749904979,0.8735632183908046,0.7983374384236454,0.20166256157635468
YBR219C,-1,0,76,5187,1309,11,0.21039039951389943,0.01444043321299639,0.8735632183908046,0.7984913793103449,0.20150862068965517
YGL101W,-1,0,76,5188,1308,11,0.21023849308825762,0.014437689969604863,0.8735632183908046,0.7986453201970444,0.20135467980295566
YDR049W,-1,0,76,5189,1307,11,0.21008658666261582,0.014434947768281102,0.8735632183908046,0.7987992610837439,0.20120073891625614
YGL015C,-1,0,76,5190,1306,11,0.20993468023697404,0.014432206608431447,0.8735632183908046,0.7989532019704434,0.20104679802955666
YFL011W-A,-1,0,76,5191,1305,11,0.20978277381133223,0.014429466489462693,0.8735632183908046,0.7991071428571429,0.20089285714285715
YNL024C,1,0,77,5191,1305,10,0.20993468023697404,0.014616552771450266,0.8850574712643678,0.7991071428571429,0.20089285714285715
YHR219W,0,0,77,5191,1305,10,0.20993468023697404,0.014616552771450266,0.8850574712643678,0.7991071428571429,0.20089285714285715
YER010C,-1,0,77,5192,1304,10,0.20978277381133223,0.014613778705636743,0.8850574712643678,0.7992610837438424,0.20073891625615764
YGL046W,-1,0,77,5193,1303,10,0.20963086738569042,0.01461100569259962,0.8850574712643678,0.7994150246305419,0.20058497536945813
YLR387C,-1,0,77,5194,1302,10,0.20947896096004862,0.014608233731739707,0.8850574712643678,0.7995689655172413,0.20043103448275862
YCL068C,0,0,77,5194,1302,10,0.20947896096004862,0.014608233731739707,0.8850574712643678,0.7995689655172413,0.20043103448275862
YEL028W,0,0,77,5194,1302,10,0.20947896096004862,0.014608233731739707,0.8850574712643678,0.7995689655172413,0.20043103448275862
YEL070W,-1,0,77,5195,1301,10,0.2093270545344068,0.01460546282245827,0.8850574712643678,0.7997229064039408,0.2002770935960591
YBR196C-A,-1,0,77,5196,1300,10,0.209175148108765,0.014602692964157026,0.8850574712643678,0.7998768472906403,0.2001231527093596
YER134C,-1,0,77,5197,1299,10,0.2090232416831232,0.01459992415623815,0.8850574712643678,0.8000307881773399,0.1999692118226601
YDR033W,-1,0,77,5198,1298,10,0.2088713352574814,0.014597156398104265,0.8850574712643678,0.8001847290640394,0.1998152709359606
YGR082W,-1,0,77,5199,1297,10,0.20871942883183958,0.014594389689158454,0.8850574712643678,0.8003386699507389,0.1996613300492611
YOR246C,-1,0,77,5200,1296,10,0.20856752240619778,0.014591624028804245,0.8850574712643678,0.8004926108374384,0.19950738916256158
YOR077W,-1,0,77,5201,1295,10,0.20841561598055597,0.014588859416445624,0.8850574712643678,0.8006465517241379,0.19935344827586207
YLR391W,-1,0,77,5202,1294,10,0.20826370955491416,0.014586095851487024,0.8850574712643678,0.8008004926108374,0.19919950738916256
YPL282C,-1,0,77,5203,1293,10,0.20811180312927235,0.014583333333333334,0.8850574712643678,0.8009544334975369,0.19904556650246305
YPL063W,-1,0,77,5204,1292,10,0.20795989670363058,0.014580571861389889,0.8850574712643678,0.8011083743842364,0.19889162561576354
YOR072W,0,0,77,5204,1292,10,0.20795989670363058,0.014580571861389889,0.8850574712643678,0.8011083743842364,0.19889162561576354
YPL060W,-1,0,77,5205,1291,10,0.20780799027798877,0.014577811435062477,0.8850574712643678,0.8012623152709359,0.19873768472906403
YNL011C,0,0,77,5205,1291,10,0.20780799027798877,0.014577811435062477,0.8850574712643678,0.8012623152709359,0.19873768472906403
YPR004C,-1,0,77,5206,1290,10,0.20765608385234696,0.014575052053757335,0.8850574712643678,0.8014162561576355,0.19858374384236452
YHR050W-A,0,0,77,5206,1290,10,0.20765608385234696,0.014575052053757335,0.8850574712643678,0.8014162561576355,0.19858374384236452
YOR251C,-1,0,77,5207,1289,10,0.20750417742670516,0.01457229371688115,0.8850574712643678,0.801570197044335,0.19842980295566504
YLR146W-A,0,0,77,5207,1289,10,0.20750417742670516,0.01457229371688115,0.8850574712643678,0.801570197044335,0.19842980295566504
YKR011C,0,0,77,5207,1289,10,0.20750417742670516,0.01457229371688115,0.8850574712643678,0.801570197044335,0.19842980295566504
YPL184C,-1,0,77,5208,1288,10,0.20735227100106335,0.01456953642384106,0.8850574712643678,0.8017241379310345,0.19827586206896552
YPR048W,-1,0,77,5209,1287,10,0.20720036457542154,0.014566780174044646,0.8850574712643678,0.801878078817734,0.19812192118226601
YDR482C,-1,0,77,5210,1286,10,0.20704845814977973,0.014564024966899944,0.8850574712643678,0.8020320197044335,0.1979679802955665
YKR073C,0,0,77,5210,1286,10,0.20704845814977973,0.014564024966899944,0.8850574712643678,0.8020320197044335,0.1979679802955665
YPL257W,0,0,77,5210,1286,10,0.20704845814977973,0.014564024966899944,0.8850574712643678,0.8020320197044335,0.1979679802955665
YGR028W,-1,0,77,5211,1285,10,0.20689655172413793,0.014561270801815431,0.8850574712643678,0.802185960591133,0.197814039408867
YLL049W,-1,0,77,5212,1284,10,0.20674464529849612,0.014558517678200038,0.8850574712643678,0.8023399014778325,0.19766009852216748
YGR201C,-1,0,77,5213,1283,10,0.20659273887285431,0.014555765595463137,0.8850574712643678,0.802493842364532,0.19750615763546797
YLR412W,0,0,77,5213,1283,10,0.20659273887285431,0.014555765595463137,0.8850574712643678,0.802493842364532,0.19750615763546797
YML054C-A,0,0,77,5213,1283,10,0.20659273887285431,0.014555765595463137,0.8850574712643678,0.802493842364532,0.19750615763546797
YDL089W,-1,0,77,5214,1282,10,0.2064408324472125,0.014553014553014554,0.8850574712643678,0.8026477832512315,0.19735221674876846
YOR317W,-1,0,77,5215,1281,10,0.2062889260215707,0.01455026455026455,0.8850574712643678,0.802801724137931,0.19719827586206898
YGR008C,-1,0,77,5216,1280,10,0.2061370195959289,0.014547515586623842,0.8850574712643678,0.8029556650246306,0.19704433497536947
YLL066W-B,0,0,77,5216,1280,10,0.2061370195959289,0.014547515586623842,0.8850574712643678,0.8029556650246306,0.19704433497536947
YBR150C,-1,0,77,5217,1279,10,0.20598511317028712,0.014544767661503588,0.8850574712643678,0.8031096059113301,0.19689039408866996
YPL056C,-1,0,77,5218,1278,10,0.2058332067446453,0.014542020774315392,0.8850574712643678,0.8032635467980296,0.19673645320197045
YLR159W,0,0,77,5218,1278,10,0.2058332067446453,0.014542020774315392,0.8850574712643678,0.8032635467980296,0.19673645320197045
YDR525W-A,-1,0,77,5219,1277,10,0.2056813003190035,0.0145392749244713,0.8850574712643678,0.8034174876847291,0.19658251231527094
YML017W,-1,0,77,5220,1276,10,0.2055293938933617,0.014536530111383802,0.8850574712643678,0.8035714285714286,0.19642857142857142
YDR128W,-1,0,77,5221,1275,10,0.2053774874677199,0.014533786334465837,0.8850574712643678,0.8037253694581281,0.19627463054187191
YCR051W,0,0,77,5221,1275,10,0.2053774874677199,0.014533786334465837,0.8850574712643678,0.8037253694581281,0.19627463054187191
YKL065C,-1,0,77,5222,1274,10,0.20522558104207808,0.01453104359313078,0.8850574712643678,0.8038793103448276,0.1961206896551724
YGL118C,0,0,77,5222,1274,10,0.20522558104207808,0.01453104359313078,0.8850574712643678,0.8038793103448276,0.1961206896551724
YLR072W,-1,0,77,5223,1273,10,0.20507367461643627,0.014528301886792452,0.8850574712643678,0.8040332512315271,0.1959667487684729
YNL321W,-1,0,77,5224,1272,10,0.20492176819079447,0.01452556121486512,0.8850574712643678,0.8041871921182266,0.1958128078817734
YIR018C-A,0,0,77,5224,1272,10,0.20492176819079447,0.01452556121486512,0.8850574712643678,0.8041871921182266,0.1958128078817734
YML050W,-1,0,77,5225,1271,10,0.20476986176515266,0.014522821576763486,0.8850574712643678,0.8043411330049262,0.1956588669950739
YLR105C,-1,0,77,5226,1270,10,0.20461795533951085,0.014520082971902697,0.8850574712643678,0.8044950738916257,0.1955049261083744
YER185W,-1,0,77,5227,1269,10,0.20446604891386905,0.014517345399698341,0.8850574712643678,0.8046490147783252,0.19535098522167488
YIL163C,0,0,77,5227,1269,10,0.20446604891386905,0.014517345399698341,0.8850574712643678,0.8046490147783252,0.19535098522167488
YPR047W,-1,0,77,5228,1268,10,0.20431414248822724,0.014514608859566448,0.8850574712643678,0.8048029556650246,0.19519704433497537
YGR161W-C,0,0,77,5228,1268,10,0.20431414248822724,0.014514608859566448,0.8850574712643678,0.8048029556650246,0.19519704433497537
YKL158W,-1,0,77,5229,1267,10,0.20416223606258543,0.014511873350923483,0.8850574712643678,0.8049568965517241,0.19504310344827586
YPR166C,-1,0,77,5230,1266,10,0.20401032963694365,0.014509138873186358,0.8850574712643678,0.8051108374384236,0.19488916256157635
YGR117C,0,0,77,5230,1266,10,0.20401032963694365,0.014509138873186358,0.8850574712643678,0.8051108374384236,0.19488916256157635
YJR100C,-1,0,77,5231,1265,10,0.20385842321130185,0.014506405425772419,0.8850574712643678,0.8052647783251231,0.19473522167487683
YMR171C,-1,0,77,5232,1264,10,0.20370651678566004,0.014503673008099453,0.8850574712643678,0.8054187192118226,0.19458128078817735
YIR043C,0,0,77,5232,1264,10,0.20370651678566004,0.014503673008099453,0.8850574712643678,0.8054187192118226,0.19458128078817735
YPR158W,-1,0,77,5233,1263,10,0.20355461036001823,0.014500941619585688,0.8850574712643678,0.8055726600985221,0.19442733990147784
YKL195W,-1,0,77,5234,1262,10,0.20340270393437643,0.014498211259649783,0.8850574712643678,0.8057266009852216,0.19427339901477833
YCR041W,-1,0,77,5235,1261,10,0.20325079750873462,0.014495481927710843,0.8850574712643678,0.8058805418719212,0.19411945812807882
YDL173W,0,0,77,5235,1261,10,0.20325079750873462,0.014495481927710843,0.8850574712643678,0.8058805418719212,0.19411945812807882
YOR343C,0,0,77,5235,1261,10,0.20325079750873462,0.014495481927710843,0.8850574712643678,0.8058805418719212,0.19411945812807882
YBL081W,0,0,77,5235,1261,10,0.20325079750873462,0.014495481927710843,0.8850574712643678,0.8058805418719212,0.19411945812807882
YPR015C,-1,0,77,5236,1260,10,0.20309889108309281,0.014492753623188406,0.8850574712643678,0.8060344827586207,0.1939655172413793
YDR029W,0,0,77,5236,1260,10,0.20309889108309281,0.014492753623188406,0.8850574712643678,0.8060344827586207,0.1939655172413793
YBR111C,-1,0,77,5237,1259,10,0.202946984657451,0.014490026345502446,0.8850574712643678,0.8061884236453202,0.1938115763546798
YNL146W,-1,0,77,5238,1258,10,0.2027950782318092,0.014487300094073377,0.8850574712643678,0.8063423645320197,0.1936576354679803
YEL049W,-1,0,77,5239,1257,10,0.2026431718061674,0.014484574868322046,0.8850574712643678,0.8064963054187192,0.19350369458128078
YNL237W,0,0,77,5239,1257,10,0.2026431718061674,0.014484574868322046,0.8850574712643678,0.8064963054187192,0.19350369458128078
YKR070W,-1,0,77,5240,1256,10,0.2024912653805256,0.014481850667669738,0.8850574712643678,0.8066502463054187,0.1933497536945813
YAR070W-A,-1,0,77,5241,1255,10,0.20233935895488378,0.014479127491538173,0.8850574712643678,0.8068041871921182,0.19319581280788178
YGR031C-A,-1,0,77,5242,1254,10,0.20218745252924197,0.014476405339349501,0.8850574712643678,0.8069581280788177,0.19304187192118227
YAL064W-B,-1,0,77,5243,1253,10,0.2020355461036002,0.014473684210526316,0.8850574712643678,0.8071120689655172,0.19288793103448276
YDR067C,-1,0,77,5244,1252,10,0.2018836396779584,0.014470964104491637,0.8850574712643678,0.8072660098522167,0.19273399014778325
YLR040C,-1,0,77,5245,1251,10,0.20173173325231658,0.01446824502066892,0.8850574712643678,0.8074199507389163,0.19258004926108374
YNR021W,-1,0,77,5246,1250,10,0.20157982682667477,0.014465526958482059,0.8850574712643678,0.8075738916256158,0.19242610837438423
YGR045C,0,0,77,5246,1250,10,0.20157982682667477,0.014465526958482059,0.8850574712643678,0.8075738916256158,0.19242610837438423
YOR214C,-1,0,77,5247,1249,10,0.20142792040103297,0.014462809917355372,0.8850574712643678,0.8077278325123153,0.19227216748768472
YNL077W,-1,0,77,5248,1248,10,0.20127601397539116,0.014460093896713615,0.8850574712643678,0.8078817733990148,0.1921182266009852
YER004W,-1,0,77,5249,1247,10,0.20112410754974935,0.014457378895981976,0.8850574712643678,0.8080357142857143,0.19196428571428573
YGR294W,-1,0,77,5250,1246,10,0.20097220112410755,0.01445466491458607,0.8850574712643678,0.8081896551724138,0.19181034482758622
YMR008C-A,0,0,77,5250,1246,10,0.20097220112410755,0.01445466491458607,0.8850574712643678,0.8081896551724138,0.19181034482758622
YOL085C,0,0,77,5250,1246,10,0.20097220112410755,0.01445466491458607,0.8850574712643678,0.8081896551724138,0.19181034482758622
YKL023C-A,0,0,77,5250,1246,10,0.20097220112410755,0.01445466491458607,0.8850574712643678,0.8081896551724138,0.19181034482758622
YPL229W,0,0,77,5250,1246,10,0.20097220112410755,0.01445466491458607,0.8850574712643678,0.8081896551724138,0.19181034482758622
YIL161W,0,0,77,5250,1246,10,0.20097220112410755,0.01445466491458607,0.8850574712643678,0.8081896551724138,0.19181034482758622
YLR053C,-1,0,77,5251,1245,10,0.20082029469846574,0.014451951951951952,0.8850574712643678,0.8083435960591133,0.1916564039408867
YKR074W,0,0,77,5251,1245,10,0.20082029469846574,0.014451951951951952,0.8850574712643678,0.8083435960591133,0.1916564039408867
YDR375C,-1,0,77,5252,1244,10,0.20066838827282393,0.014449240007506099,0.8850574712643678,0.8084975369458128,0.1915024630541872
YBR225W,0,0,77,5252,1244,10,0.20066838827282393,0.014449240007506099,0.8850574712643678,0.8084975369458128,0.1915024630541872
YOL047C,-1,0,77,5253,1243,10,0.20051648184718213,0.014446529080675423,0.8850574712643678,0.8086514778325123,0.19134852216748768
YEL050C,-1,0,77,5254,1242,10,0.20036457542154032,0.014443819170887263,0.8850574712643678,0.8088054187192119,0.19119458128078817
YNL138W-A,-1,0,77,5255,1241,10,0.2002126689958985,0.014441110277569393,0.8850574712643678,0.8089593596059114,0.19104064039408866
YDR332W,-1,0,77,5256,1240,10,0.20006076257025673,0.01443840240015001,0.8850574712643678,0.8091133004926109,0.19088669950738915
YKL100C,-1,0,77,5257,1239,10,0.19990885614461493,0.014435695538057743,0.8850574712643678,0.8092672413793104,0.19073275862068967
YLR315W,-1,0,77,5258,1238,10,0.19975694971897312,0.01443298969072165,0.8850574712643678,0.8094211822660099,0.19057881773399016
YBR251W,-1,0,77,5259,1237,10,0.1996050432933313,0.014430284857571215,0.8850574712643678,0.8095751231527094,0.19042487684729065
YOL153C,-1,0,77,5260,1236,10,0.1994531368676895,0.01442758103803635,0.8850574712643678,0.8097290640394089,0.19027093596059114
YGR037C,-1,0,77,5261,1235,10,0.1993012304420477,0.014424878231547396,0.8850574712643678,0.8098830049261084,0.19011699507389163
YDR020C,-1,0,77,5262,1234,10,0.1991493240164059,0.01442217643753512,0.8850574712643678,0.8100369458128078,0.18996305418719212
YPR183W,-1,0,77,5263,1233,10,0.1989974175907641,0.01441947565543071,0.8850574712643678,0.8101908866995073,0.1898091133004926
YDR117C,-1,0,77,5264,1232,10,0.19884551116512228,0.014416775884665793,0.8850574712643678,0.8103448275862069,0.1896551724137931
YNL300W,-1,0,77,5265,1231,10,0.19869360473948047,0.014414077124672407,0.8850574712643678,0.8104987684729064,0.18950123152709358
YCR100C,-1,0,77,5266,1230,10,0.19854169831383867,0.014411379374883024,0.8850574712643678,0.8106527093596059,0.1893472906403941
YHR155W,-1,0,77,5267,1229,10,0.19838979188819686,0.01440868263473054,0.8850574712643678,0.8108066502463054,0.1891933497536946
YNL010W,-1,0,77,5268,1228,10,0.19823788546255505,0.01440598690364827,0.8850574712643678,0.8109605911330049,0.18903940886699508
YHR131C,0,0,77,5268,1228,10,0.19823788546255505,0.01440598690364827,0.8850574712643678,0.8109605911330049,0.18903940886699508
YGR026W,-1,0,77,5269,1227,10,0.19808597903691327,0.01440329218106996,0.8850574712643678,0.8111145320197044,0.18888546798029557
YKL129C,-1,0,77,5270,1226,10,0.19793407261127147,0.014400598466429774,0.8850574712643678,0.8112684729064039,0.18873152709359606
YLR297W,-1,0,77,5271,1225,10,0.19778216618562966,0.014397905759162303,0.8850574712643678,0.8114224137931034,0.18857758620689655
YDL157C,0,0,77,5271,1225,10,0.19778216618562966,0.014397905759162303,0.8850574712643678,0.8114224137931034,0.18857758620689655
YCL001W-B,-1,0,77,5272,1224,10,0.19763025975998785,0.014395214058702562,0.8850574712643678,0.8115763546798029,0.18842364532019704
YJR151W-A,0,0,77,5272,1224,10,0.19763025975998785,0.014395214058702562,0.8850574712643678,0.8115763546798029,0.18842364532019704
YER077C,0,0,77,5272,1224,10,0.19763025975998785,0.014395214058702562,0.8850574712643678,0.8115763546798029,0.18842364532019704
YGL261C,-1,0,77,5273,1223,10,0.19747835333434605,0.014392523364485982,0.8850574712643678,0.8117302955665024,0.18826970443349753
YKR021W,-1,0,77,5274,1222,10,0.19732644690870424,0.014389833675948422,0.8850574712643678,0.811884236453202,0.18811576354679804
YMR059W,-1,0,77,5275,1221,10,0.19717454048306243,0.014387144992526158,0.8850574712643678,0.8120381773399015,0.18796182266009853
YAL065C,0,0,77,5275,1221,10,0.19717454048306243,0.014387144992526158,0.8850574712643678,0.8120381773399015,0.18796182266009853
YNL224C,-1,0,77,5276,1220,10,0.19702263405742063,0.014384457313655894,0.8850574712643678,0.812192118226601,0.18780788177339902
YGR106C,-1,0,77,5277,1219,10,0.19687072763177882,0.014381770638774749,0.8850574712643678,0.8123460591133005,0.1876539408866995
YDR349C,-1,0,77,5278,1218,10,0.196718821206137,0.01437908496732026,0.8850574712643678,0.8125,0.1875
YHR132W-A,-1,0,77,5279,1217,10,0.1965669147804952,0.014376400298730396,0.8850574712643678,0.8126539408866995,0.1873460591133005
YOL073C,-1,0,77,5280,1216,10,0.1964150083548534,0.014373716632443531,0.8850574712643678,0.812807881773399,0.18719211822660098
YOR072W-B,0,0,77,5280,1216,10,0.1964150083548534,0.014373716632443531,0.8850574712643678,0.812807881773399,0.18719211822660098
YER053C-A,-1,0,77,5281,1215,10,0.1962631019292116,0.01437103396789847,0.8850574712643678,0.8129618226600985,0.18703817733990147
YHR213W-A,0,0,77,5281,1215,10,0.1962631019292116,0.01437103396789847,0.8850574712643678,0.8129618226600985,0.18703817733990147
YLR156W,0,0,77,5281,1215,10,0.1962631019292116,0.01437103396789847,0.8850574712643678,0.8129618226600985,0.18703817733990147
YOR009W,-1,0,77,5282,1214,10,0.1961111955035698,0.014368352304534428,0.8850574712643678,0.813115763546798,0.18688423645320196
YML009C,-1,0,77,5283,1213,10,0.195959289077928,0.014365671641791044,0.8850574712643678,0.8132697044334976,0.18673029556650247
YDL160C-A,-1,0,77,5284,1212,10,0.1958073826522862,0.014362991979108375,0.8850574712643678,0.8134236453201971,0.18657635467980296
YBL039W-B,-1,0,77,5285,1211,10,0.1956554762266444,0.014360313315926894,0.8850574712643678,0.8135775862068966,0.18642241379310345
YMR175W-A,0,0,77,5285,1211,10,0.1956554762266444,0.014360313315926894,0.8850574712643678,0.8135775862068966,0.18642241379310345
YOR291W,-1,0,77,5286,1210,10,0.19550356980100259,0.014357635651687487,0.8850574712643678,0.8137315270935961,0.18626847290640394
YBR221W-A,0,0,77,5286,1210,10,0.19550356980100259,0.014357635651687487,0.8850574712643678,0.8137315270935961,0.18626847290640394
YBR235W,-1,0,77,5287,1209,10,0.19535166337536078,0.01435495898583147,0.8850574712643678,0.8138854679802956,0.18611453201970443
YLR247C,-1,0,77,5288,1208,10,0.19519975694971897,0.014352283317800559,0.8850574712643678,0.8140394088669951,0.18596059113300492
YKL128C,-1,0,77,5289,1207,10,0.19504785052407717,0.0143496086470369,0.8850574712643678,0.8141933497536946,0.1858066502463054
YOR286W,0,0,77,5289,1207,10,0.19504785052407717,0.0143496086470369,0.8850574712643678,0.8141933497536946,0.1858066502463054
YBR033W,-1,0,77,5290,1206,10,0.19489594409843536,0.014346934972983045,0.8850574712643678,0.8143472906403941,0.1856527093596059
YBR138C,0,0,77,5290,1206,10,0.19489594409843536,0.014346934972983045,0.8850574712643678,0.8143472906403941,0.1856527093596059
YIL130W,-1,0,77,5291,1205,10,0.19474403767279355,0.014344262295081968,0.8850574712643678,0.8145012315270936,0.18549876847290642
YNL019C,-1,0,77,5292,1204,10,0.19459213124715175,0.014341590612777053,0.8850574712643678,0.8146551724137931,0.1853448275862069
YNL087W,-1,0,77,5293,1203,10,0.19444022482150994,0.014338919925512105,0.8850574712643678,0.8148091133004927,0.1851908866995074
YGL041C-B,-1,0,77,5294,1202,10,0.19428831839586813,0.014336250232731334,0.8850574712643678,0.8149630541871922,0.18503694581280788
YDR124W,0,0,77,5294,1202,10,0.19428831839586813,0.014336250232731334,0.8850574712643678,0.8149630541871922,0.18503694581280788
YMR289W,-1,0,77,5295,1201,10,0.19413641197022635,0.014333581533879374,0.8850574712643678,0.8151169950738916,0.18488300492610837
YIL157C,-1,0,77,5296,1200,10,0.19398450554458455,0.014330913828401265,0.8850574712643678,0.8152709359605911,0.18472906403940886
YJL185C,-1,0,77,5297,1199,10,0.19383259911894274,0.014328247115742463,0.8850574712643678,0.8154248768472906,0.18457512315270935
YOL015W,0,0,77,5297,1199,10,0.19383259911894274,0.014328247115742463,0.8850574712643678,0.8154248768472906,0.18457512315270935
YOR223W,-1,0,77,5298,1198,10,0.19368069269330093,0.014325581395348837,0.8850574712643678,0.8155788177339901,0.18442118226600984
YHR093W,0,0,77,5298,1198,10,0.19368069269330093,0.014325581395348837,0.8850574712643678,0.8155788177339901,0.18442118226600984
YJL217W,0,0,77,5298,1198,10,0.19368069269330093,0.014325581395348837,0.8850574712643678,0.8155788177339901,0.18442118226600984
YDR367W,-1,0,77,5299,1197,10,0.19352878626765913,0.014322916666666666,0.8850574712643678,0.8157327586206896,0.18426724137931033
YMR323W,-1,0,77,5300,1196,10,0.19337687984201732,0.014320252929142645,0.8850574712643678,0.8158866995073891,0.18411330049261085
YDL007C-A,0,0,77,5300,1196,10,0.19337687984201732,0.014320252929142645,0.8850574712643678,0.8158866995073891,0.18411330049261085
YAR044W,-1,0,77,5301,1195,10,0.1932249734163755,0.014317590182223875,0.8850574712643678,0.8160406403940886,0.18395935960591134
YML112W,-1,0,77,5302,1194,10,0.1930730669907337,0.014314928425357873,0.8850574712643678,0.8161945812807881,0.18380541871921183
YIL171W,-1,0,77,5303,1193,10,0.1929211605650919,0.014312267657992565,0.8850574712643678,0.8163485221674877,0.18365147783251232
YER037W,-1,0,77,5304,1192,10,0.1927692541394501,0.014309607879576287,0.8850574712643678,0.8165024630541872,0.1834975369458128
YGR046W,-1,0,77,5305,1191,10,0.19261734771380828,0.014306949089557786,0.8850574712643678,0.8166564039408867,0.1833435960591133
YKL047W,-1,0,77,5306,1190,10,0.19246544128816648,0.014304291287386216,0.8850574712643678,0.8168103448275862,0.18318965517241378
YAL046C,-1,0,77,5307,1189,10,0.19231353486252467,0.014301634472511144,0.8850574712643678,0.8169642857142857,0.18303571428571427
YBR052C,0,0,77,5307,1189,10,0.19231353486252467,0.014301634472511144,0.8850574712643678,0.8169642857142857,0.18303571428571427
YHR097C,-1,0,77,5308,1188,10,0.1921616284368829,0.014298978644382544,0.8850574712643678,0.8171182266009852,0.1828817733990148
YHR078W,0,0,77,5308,1188,10,0.1921616284368829,0.014298978644382544,0.8850574712643678,0.8171182266009852,0.1828817733990148
YNR037C,-1,0,77,5309,1187,10,0.19200972201124109,0.014296323802450798,0.8850574712643678,0.8172721674876847,0.18272783251231528
YOR215C,-1,0,77,5310,1186,10,0.19185781558559928,0.014293669946166697,0.8850574712643678,0.8174261083743842,0.18257389162561577
YNL086W,-1,0,77,5311,1185,10,0.19170590915995747,0.01429101707498144,0.8850574712643678,0.8175800492610837,0.18241995073891626
YGL108C,-1,0,77,5312,1184,10,0.19155400273431566,0.014288365188346632,0.8850574712643678,0.8177339901477833,0.18226600985221675
YBL091C-A,-1,0,77,5313,1183,10,0.19140209630867386,0.014285714285714285,0.8850574712643678,0.8178879310344828,0.18211206896551724
YER186C,0,0,77,5313,1183,10,0.19140209630867386,0.014285714285714285,0.8850574712643678,0.8178879310344828,0.18211206896551724
YBL010C,-1,0,77,5314,1182,10,0.19125018988303205,0.01428306436653682,0.8850574712643678,0.8180418719211823,0.18195812807881773
YDL181W,0,0,77,5314,1182,10,0.19125018988303205,0.01428306436653682,0.8850574712643678,0.8180418719211823,0.18195812807881773
YBR255C-A,0,0,77,5314,1182,10,0.19125018988303205,0.01428306436653682,0.8850574712643678,0.8180418719211823,0.18195812807881773
YJL131C,-1,0,77,5315,1181,10,0.19109828345739024,0.014280415430267063,0.8850574712643678,0.8181958128078818,0.18180418719211822
YNR029C,0,0,77,5315,1181,10,0.19109828345739024,0.014280415430267063,0.8850574712643678,0.8181958128078818,0.18180418719211822
YKL072W,-1,0,77,5316,1180,10,0.19094637703174844,0.014277767476358243,0.8850574712643678,0.8183497536945813,0.1816502463054187
YDR239C,0,0,77,5316,1180,10,0.19094637703174844,0.014277767476358243,0.8850574712643678,0.8183497536945813,0.1816502463054187
YNR028W,-1,0,77,5317,1179,10,0.19079447060610663,0.014275120504263997,0.8850574712643678,0.8185036945812808,0.18149630541871922
YDR514C,0,0,77,5317,1179,10,0.19079447060610663,0.014275120504263997,0.8850574712643678,0.8185036945812808,0.18149630541871922
YHR057C,-1,0,77,5318,1178,10,0.19064256418046482,0.014272474513438368,0.8850574712643678,0.8186576354679803,0.1813423645320197
YNL249C,-1,0,77,5319,1177,10,0.19049065775482302,0.014269829503335805,0.8850574712643678,0.8188115763546798,0.1811884236453202
YIL087C,-1,0,77,5320,1176,10,0.1903387513291812,0.014267185473411154,0.8850574712643678,0.8189655172413793,0.1810344827586207
YIL024C,0,0,77,5320,1176,10,0.1903387513291812,0.014267185473411154,0.8850574712643678,0.8189655172413793,0.1810344827586207
YMR191W,0,0,77,5320,1176,10,0.1903387513291812,0.014267185473411154,0.8850574712643678,0.8189655172413793,0.1810344827586207
YLR361C-A,0,0,77,5320,1176,10,0.1903387513291812,0.014267185473411154,0.8850574712643678,0.8189655172413793,0.1810344827586207
YML018C,-1,0,77,5321,1175,10,0.19018684490353943,0.014264542423119675,0.8850574712643678,0.8191194581280788,0.18088054187192118
YBR104W,-1,0,77,5322,1174,10,0.19003493847789762,0.014261900351917023,0.8850574712643678,0.8192733990147784,0.18072660098522167
YJL028W,0,0,77,5322,1174,10,0.19003493847789762,0.014261900351917023,0.8850574712643678,0.8192733990147784,0.18072660098522167
YOR105W,0,0,77,5322,1174,10,0.19003493847789762,0.014261900351917023,0.8850574712643678,0.8192733990147784,0.18072660098522167
YER034W,0,0,77,5322,1174,10,0.19003493847789762,0.014261900351917023,0.8850574712643678,0.8192733990147784,0.18072660098522167
YNR063W,-1,0,77,5323,1173,10,0.18988303205225582,0.01425925925925926,0.8850574712643678,0.8194273399014779,0.18057266009852216
YER135C,0,0,77,5323,1173,10,0.18988303205225582,0.01425925925925926,0.8850574712643678,0.8194273399014779,0.18057266009852216
YDL057W,0,0,77,5323,1173,10,0.18988303205225582,0.01425925925925926,0.8850574712643678,0.8194273399014779,0.18057266009852216
YKL094W,-1,0,77,5324,1172,10,0.189731125626614,0.014256619144602852,0.8850574712643678,0.8195812807881774,0.18041871921182265
YDR388W,-1,0,77,5325,1171,10,0.1895792192009722,0.014253980007404665,0.8850574712643678,0.8197352216748769,0.18026477832512317
YDR494W,-1,0,77,5326,1170,10,0.1894273127753304,0.014251341847121969,0.8850574712643678,0.8198891625615764,0.18011083743842365
YLR407W,-1,0,77,5327,1169,10,0.1892754063496886,0.014248704663212436,0.8850574712643678,0.8200431034482759,0.17995689655172414
YBL099W,-1,0,77,5328,1168,10,0.18912349992404678,0.014246068455134136,0.8850574712643678,0.8201970443349754,0.17980295566502463
YOR297C,-1,0,77,5329,1167,10,0.18897159349840498,0.014243433222345543,0.8850574712643678,0.8203509852216748,0.17964901477832512
YOR228C,-1,0,77,5330,1166,10,0.18881968707276317,0.01424079896430553,0.8850574712643678,0.8205049261083743,0.1794950738916256
YFL019C,0,0,77,5330,1166,10,0.18881968707276317,0.01424079896430553,0.8850574712643678,0.8205049261083743,0.1794950738916256
YJR149W,-1,0,77,5331,1165,10,0.18866778064712136,0.014238165680473373,0.8850574712643678,0.8206588669950738,0.1793411330049261
YOL057W,-1,0,77,5332,1164,10,0.18851587422147956,0.014235533370308745,0.8850574712643678,0.8208128078817734,0.1791871921182266
YOR268C,0,0,77,5332,1164,10,0.18851587422147956,0.014235533370308745,0.8850574712643678,0.8208128078817734,0.1791871921182266
YKL168C,-1,0,77,5333,1163,10,0.18836396779583775,0.014232902033271719,0.8850574712643678,0.8209667487684729,0.1790332512315271
YLR031W,0,0,77,5333,1163,10,0.18836396779583775,0.014232902033271719,0.8850574712643678,0.8209667487684729,0.1790332512315271
YOR385W,0,0,77,5333,1163,10,0.18836396779583775,0.014232902033271719,0.8850574712643678,0.8209667487684729,0.1790332512315271
YKL137W,-1,0,77,5334,1162,10,0.18821206137019597,0.014230271668822769,0.8850574712643678,0.8211206896551724,0.1788793103448276
YOR376W-A,0,0,77,5334,1162,10,0.18821206137019597,0.014230271668822769,0.8850574712643678,0.8211206896551724,0.1788793103448276
YNR036C,-1,0,77,5335,1161,10,0.18806015494455416,0.014227642276422764,0.8850574712643678,0.8212746305418719,0.17872536945812809
YOR161C,-1,0,77,5336,1160,10,0.18790824851891236,0.014225013855532976,0.8850574712643678,0.8214285714285714,0.17857142857142858
YNL064C,-1,0,77,5337,1159,10,0.18775634209327055,0.014222386405615073,0.8850574712643678,0.8215825123152709,0.17841748768472906
YJL133C-A,-1,0,77,5338,1158,10,0.18760443566762874,0.014219759926131116,0.8850574712643678,0.8217364532019704,0.17826354679802955
YFL035C,-1,0,77,5339,1157,10,0.18745252924198694,0.014217134416543575,0.8850574712643678,0.8218903940886699,0.17810960591133004
YCL028W,0,0,77,5339,1157,10,0.18745252924198694,0.014217134416543575,0.8850574712643678,0.8218903940886699,0.17810960591133004
YPL216W,-1,0,77,5340,1156,10,0.18730062281634513,0.014214509876315303,0.8850574712643678,0.8220443349753694,0.17795566502463053
YCR101C,-1,0,77,5341,1155,10,0.18714871639070332,0.014211886304909561,0.8850574712643678,0.822198275862069,0.17780172413793102
YFR020W,-1,0,77,5342,1154,10,0.18699680996506152,0.014209263701789997,0.8850574712643678,0.8223522167487685,0.17764778325123154
YLR437C,0,0,77,5342,1154,10,0.18699680996506152,0.014209263701789997,0.8850574712643678,0.8223522167487685,0.17764778325123154
YNR065C,-1,0,77,5343,1153,10,0.1868449035394197,0.014206642066420664,0.8850574712643678,0.822506157635468,0.17749384236453203
YOL157C,-1,0,77,5344,1152,10,0.1866929971137779,0.014204021398266002,0.8850574712643678,0.8226600985221675,0.17733990147783252
YFL015C,0,0,77,5344,1152,10,0.1866929971137779,0.014204021398266002,0.8850574712643678,0.8226600985221675,0.17733990147783252
YBR074W,-1,0,77,5345,1151,10,0.1865410906881361,0.014201401696790851,0.8850574712643678,0.822814039408867,0.177185960591133
YNR014W,0,0,77,5345,1151,10,0.1865410906881361,0.014201401696790851,0.8850574712643678,0.822814039408867,0.177185960591133
YJL003W,-1,0,77,5346,1150,10,0.18638918426249432,0.014198782961460446,0.8850574712643678,0.8229679802955665,0.1770320197044335
YBR157C,0,0,77,5346,1150,10,0.18638918426249432,0.014198782961460446,0.8850574712643678,0.8229679802955665,0.1770320197044335
YHR054C-B,0,0,77,5346,1150,10,0.18638918426249432,0.014198782961460446,0.8850574712643678,0.8229679802955665,0.1770320197044335
YBR062C,-1,0,77,5347,1149,10,0.1862372778368525,0.014196165191740414,0.8850574712643678,0.823121921182266,0.17687807881773399
YLR099C,-1,0,77,5348,1148,10,0.1860853714112107,0.014193548387096775,0.8850574712643678,0.8232758620689655,0.17672413793103448
YNL035C,0,0,77,5348,1148,10,0.1860853714112107,0.014193548387096775,0.8850574712643678,0.8232758620689655,0.17672413793103448
YKL018C-A,0,0,77,5348,1148,10,0.1860853714112107,0.014193548387096775,0.8850574712643678,0.8232758620689655,0.17672413793103448
YDL027C,-1,0,77,5349,1147,10,0.1859334649855689,0.014190932546995945,0.8850574712643678,0.823429802955665,0.17657019704433496
YLR351C,0,0,77,5349,1147,10,0.1859334649855689,0.014190932546995945,0.8850574712643678,0.823429802955665,0.17657019704433496
YMR122C,0,0,77,5349,1147,10,0.1859334649855689,0.014190932546995945,0.8850574712643678,0.823429802955665,0.17657019704433496
YGL188C-A,0,0,77,5349,1147,10,0.1859334649855689,0.014190932546995945,0.8850574712643678,0.823429802955665,0.17657019704433496
YPR153W,-1,0,77,5350,1146,10,0.1857815585599271,0.014188317670904735,0.8850574712643678,0.8235837438423645,0.17641625615763548
YBR144C,0,0,77,5350,1146,10,0.1857815585599271,0.014188317670904735,0.8850574712643678,0.8235837438423645,0.17641625615763548
YGR223C,-1,0,77,5351,1145,10,0.18562965213428528,0.014185703758290346,0.8850574712643678,0.8237376847290641,0.17626231527093597
YGL262W,0,0,77,5351,1145,10,0.18562965213428528,0.014185703758290346,0.8850574712643678,0.8237376847290641,0.17626231527093597
YLR302C,0,0,77,5351,1145,10,0.18562965213428528,0.014185703758290346,0.8850574712643678,0.8237376847290641,0.17626231527093597
YLR157W-A,0,0,77,5351,1145,10,0.18562965213428528,0.014185703758290346,0.8850574712643678,0.8237376847290641,0.17626231527093597
YBR094W,-1,0,77,5352,1144,10,0.18547774570864348,0.014183090808620373,0.8850574712643678,0.8238916256157636,0.17610837438423646
YOR227W,0,0,77,5352,1144,10,0.18547774570864348,0.014183090808620373,0.8850574712643678,0.8238916256157636,0.17610837438423646
YEL035C,0,0,77,5352,1144,10,0.18547774570864348,0.014183090808620373,0.8850574712643678,0.8238916256157636,0.17610837438423646
YGR203W,-1,0,77,5353,1143,10,0.18532583928300167,0.014180478821362799,0.8850574712643678,0.8240455665024631,0.17595443349753695
YAL067W-A,0,0,77,5353,1143,10,0.18532583928300167,0.014180478821362799,0.8850574712643678,0.8240455665024631,0.17595443349753695
YNL168C,0,0,77,5353,1143,10,0.18532583928300167,0.014180478821362799,0.8850574712643678,0.8240455665024631,0.17595443349753695
YGL068W,-1,0,77,5354,1142,10,0.18517393285735986,0.014177867795986007,0.8850574712643678,0.8241995073891626,0.17580049261083744
YKR023W,-1,0,77,5355,1141,10,0.18502202643171806,0.014175257731958763,0.8850574712643678,0.8243534482758621,0.17564655172413793
YBR261C,1,0,78,5355,1141,9,0.18517393285735986,0.01435670900055218,0.896551724137931,0.8243534482758621,0.17564655172413793
YIL012W,0,0,78,5355,1141,9,0.18517393285735986,0.01435670900055218,0.896551724137931,0.8243534482758621,0.17564655172413793
YHR024C,-1,0,78,5356,1140,9,0.18502202643171806,0.014354066985645933,0.896551724137931,0.8245073891625616,0.17549261083743842
YOL070C,-1,0,78,5357,1139,9,0.18487012000607625,0.014351425942962282,0.896551724137931,0.8246613300492611,0.1753386699507389
YBL031W,-1,0,78,5358,1138,9,0.18471821358043444,0.01434878587196468,0.896551724137931,0.8248152709359606,0.1751847290640394
YNR061C,-1,0,78,5359,1137,9,0.18456630715479264,0.014346146772116977,0.896551724137931,0.8249692118226601,0.1750307881773399
YGR033C,-1,0,78,5360,1136,9,0.18441440072915086,0.014343508642883413,0.896551724137931,0.8251231527093597,0.1748768472906404
YGL258W-A,-1,0,78,5361,1135,9,0.18426249430350905,0.014340871483728626,0.896551724137931,0.8252770935960592,0.1747229064039409
YPR003C,-1,0,78,5362,1134,9,0.18411058787786724,0.014338235294117646,0.896551724137931,0.8254310344827587,0.17456896551724138
YPL186C,-1,0,78,5363,1133,9,0.18395868145222544,0.014335600073515899,0.896551724137931,0.8255849753694581,0.17441502463054187
YKL199C,-1,0,78,5364,1132,9,0.18380677502658363,0.014332965821389196,0.896551724137931,0.8257389162561576,0.17426108374384236
YDR031W,-1,0,78,5365,1131,9,0.18365486860094182,0.014330332537203748,0.896551724137931,0.8258928571428571,0.17410714285714285
YNL138W,-1,0,78,5366,1130,9,0.18350296217530002,0.014327700220426157,0.896551724137931,0.8260467980295566,0.17395320197044334
YML030W,-1,0,78,5367,1129,9,0.1833510557496582,0.014325068870523415,0.896551724137931,0.8262007389162561,0.17379926108374386
YMR317W,0,0,78,5367,1129,9,0.1833510557496582,0.014325068870523415,0.896551724137931,0.8262007389162561,0.17379926108374386
YJL016W,0,0,78,5367,1129,9,0.1833510557496582,0.014325068870523415,0.896551724137931,0.8262007389162561,0.17379926108374386
YDR233C,-1,0,78,5368,1128,9,0.1831991493240164,0.014322438486962909,0.896551724137931,0.8263546798029556,0.17364532019704434
YLR162W-A,0,0,78,5368,1128,9,0.1831991493240164,0.014322438486962909,0.896551724137931,0.8263546798029556,0.17364532019704434
YBR241C,-1,0,78,5369,1127,9,0.1830472428983746,0.014319809069212411,0.896551724137931,0.8265086206896551,0.17349137931034483
YKL063C,-1,0,78,5370,1126,9,0.1828953364727328,0.014317180616740088,0.896551724137931,0.8266625615763546,0.17333743842364532
YER084W,0,0,78,5370,1126,9,0.1828953364727328,0.014317180616740088,0.896551724137931,0.8266625615763546,0.17333743842364532
YIL158W,-1,0,78,5371,1125,9,0.18274343004709098,0.014314553129014498,0.896551724137931,0.8268165024630542,0.1731834975369458
YLR445W,-1,0,78,5372,1124,9,0.18259152362144918,0.014311926605504587,0.896551724137931,0.8269704433497537,0.1730295566502463
YAL063C-A,0,0,78,5372,1124,9,0.18259152362144918,0.014311926605504587,0.896551724137931,0.8269704433497537,0.1730295566502463
YLR089C,0,0,78,5372,1124,9,0.18259152362144918,0.014311926605504587,0.896551724137931,0.8269704433497537,0.1730295566502463
YCR076C,-1,0,78,5373,1123,9,0.1824396171958074,0.014309301045679693,0.896551724137931,0.8271243842364532,0.1728756157635468
YLR046C,-1,0,78,5374,1122,9,0.1822877107701656,0.014306676449009537,0.896551724137931,0.8272783251231527,0.17272167487684728
YJR015W,-1,0,78,5375,1121,9,0.18213580434452378,0.01430405281496424,0.896551724137931,0.8274322660098522,0.17256773399014777
YFR039C,-1,0,78,5376,1120,9,0.18198389791888198,0.014301430143014302,0.896551724137931,0.8275862068965517,0.1724137931034483
YIR014W,-1,0,78,5377,1119,9,0.18183199149324017,0.014298808432630613,0.896551724137931,0.8277401477832512,0.17225985221674878
YPL236C,-1,0,78,5378,1118,9,0.18168008506759836,0.014296187683284457,0.896551724137931,0.8278940886699507,0.17210591133004927
YDL133W,-1,0,78,5379,1117,9,0.18152817864195656,0.014293567894447499,0.896551724137931,0.8280480295566502,0.17195197044334976
YLR464W,0,0,78,5379,1117,9,0.18152817864195656,0.014293567894447499,0.896551724137931,0.8280480295566502,0.17195197044334976
YGR295C,-1,0,78,5380,1116,9,0.18137627221631475,0.014290949065591791,0.896551724137931,0.8282019704433498,0.17179802955665024
YAR069W-A,-1,0,78,5381,1115,9,0.18122436579067294,0.014288331196189778,0.896551724137931,0.8283559113300493,0.17164408866995073
YER050C,-1,0,78,5382,1114,9,0.18107245936503114,0.014285714285714285,0.896551724137931,0.8285098522167488,0.17149014778325122
YMR158C-A,0,0,78,5382,1114,9,0.18107245936503114,0.014285714285714285,0.896551724137931,0.8285098522167488,0.17149014778325122
YPL150W,-1,0,78,5383,1113,9,0.18092055293938933,0.014283098333638528,0.896551724137931,0.8286637931034483,0.1713362068965517
YHR207C,1,0,79,5383,1113,8,0.18107245936503114,0.014463566459172465,0.9080459770114943,0.8286637931034483,0.1713362068965517
YPL245W,0,0,79,5383,1113,8,0.18107245936503114,0.014463566459172465,0.9080459770114943,0.8286637931034483,0.1713362068965517
YOR350C,-1,0,79,5384,1112,8,0.18092055293938933,0.014460918909024345,0.9080459770114943,0.8288177339901478,0.17118226600985223
YLR063W,-1,0,79,5385,1111,8,0.18076864651374752,0.014458272327964861,0.9080459770114943,0.8289716748768473,0.17102832512315272
YLR050C,-1,0,79,5386,1110,8,0.18061674008810572,0.01445562671546203,0.9080459770114943,0.8291256157635468,0.1708743842364532
YGR110W,-1,0,79,5387,1109,8,0.18046483366246394,0.014452982070984267,0.9080459770114943,0.8292795566502463,0.1707204433497537
YCR004C,-1,0,79,5388,1108,8,0.18031292723682213,0.014450338394000365,0.9080459770114943,0.8294334975369458,0.1705665024630542
YML079W,0,0,79,5388,1108,8,0.18031292723682213,0.014450338394000365,0.9080459770114943,0.8294334975369458,0.1705665024630542
YJL051W,-1,0,79,5389,1107,8,0.18016102081118032,0.014447695683979517,0.9080459770114943,0.8295874384236454,0.17041256157635468
YDR374C,-1,0,79,5390,1106,8,0.18000911438553852,0.014445053940391297,0.9080459770114943,0.8297413793103449,0.17025862068965517
YDR148C,-1,0,79,5391,1105,8,0.1798572079598967,0.014442413162705668,0.9080459770114943,0.8298953201970444,0.17010467980295566
YLR391W-A,-1,0,79,5392,1104,8,0.1797053015342549,0.014439773350392981,0.9080459770114943,0.8300492610837439,0.16995073891625614
YOR104W,-1,0,79,5393,1103,8,0.1795533951086131,0.014437134502923976,0.9080459770114943,0.8302032019704434,0.16979679802955666
YBR262C,-1,0,79,5394,1102,8,0.1794014886829713,0.014434496619769779,0.9080459770114943,0.8303571428571429,0.16964285714285715
YDL199C,-1,0,79,5395,1101,8,0.17924958225732948,0.0144318597004019,0.9080459770114943,0.8305110837438424,0.16948891625615764
YMR230W-A,0,0,79,5395,1101,8,0.17924958225732948,0.0144318597004019,0.9080459770114943,0.8305110837438424,0.16948891625615764
YLR125W,0,0,79,5395,1101,8,0.17924958225732948,0.0144318597004019,0.9080459770114943,0.8305110837438424,0.16948891625615764
YNL018C,0,0,79,5395,1101,8,0.17924958225732948,0.0144318597004019,0.9080459770114943,0.8305110837438424,0.16948891625615764
YOL033W,-1,0,79,5396,1100,8,0.17909767583168767,0.014429223744292237,0.9080459770114943,0.8306650246305419,0.16933497536945813
YCR001W,0,0,79,5396,1100,8,0.17909767583168767,0.014429223744292237,0.9080459770114943,0.8306650246305419,0.16933497536945813
YDR506C,-1,0,79,5397,1099,8,0.17894576940604587,0.014426588750913075,0.9080459770114943,0.8308189655172413,0.16918103448275862
YPR089W,-1,0,79,5398,1098,8,0.17879386298040406,0.014423954719737082,0.9080459770114943,0.8309729064039408,0.1690270935960591
YFR016C,-1,0,79,5399,1097,8,0.17864195655476225,0.014421321650237313,0.9080459770114943,0.8311268472906403,0.1688731527093596
YDR336W,0,0,79,5399,1097,8,0.17864195655476225,0.014421321650237313,0.9080459770114943,0.8311268472906403,0.1688731527093596
YHR214C-D,0,0,79,5399,1097,8,0.17864195655476225,0.014421321650237313,0.9080459770114943,0.8311268472906403,0.1688731527093596
YLL018C-A,-1,0,79,5400,1096,8,0.17849005012912048,0.014418689541887205,0.9080459770114943,0.8312807881773399,0.1687192118226601
YJR146W,0,0,79,5400,1096,8,0.17849005012912048,0.014418689541887205,0.9080459770114943,0.8312807881773399,0.1687192118226601
YDR383C,-1,0,79,5401,1095,8,0.17833814370347867,0.014416058394160583,0.9080459770114943,0.8314347290640394,0.1685652709359606
YKL091C,-1,0,79,5402,1094,8,0.17818623727783686,0.014413428206531655,0.9080459770114943,0.8315886699507389,0.1684113300492611
YOL013W-A,0,0,79,5402,1094,8,0.17818623727783686,0.014413428206531655,0.9080459770114943,0.8315886699507389,0.1684113300492611
YKL155C,1,0,80,5402,1094,7,0.17833814370347867,0.014593214155417731,0.9195402298850575,0.8315886699507389,0.1684113300492611
YDR444W,-1,0,80,5403,1093,7,0.17818623727783686,0.014590552617180376,0.9195402298850575,0.8317426108374384,0.16825738916256158
YJR072C,-1,0,80,5404,1092,7,0.17803433085219506,0.014587892049598834,0.9195402298850575,0.8318965517241379,0.16810344827586207
YMR269W,-1,0,80,5405,1091,7,0.17788242442655325,0.014585232452142206,0.9195402298850575,0.8320504926108374,0.16794950738916256
YKL069W,-1,0,80,5406,1090,7,0.17773051800091144,0.014582573824279986,0.9195402298850575,0.8322044334975369,0.16779556650246305
YCL017C,-1,0,80,5407,1089,7,0.17757861157526963,0.014579916165482048,0.9195402298850575,0.8323583743842364,0.16764162561576354
YHL048C-A,0,0,80,5407,1089,7,0.17757861157526963,0.014579916165482048,0.9195402298850575,0.8323583743842364,0.16764162561576354
YDR042C,0,0,80,5407,1089,7,0.17757861157526963,0.014579916165482048,0.9195402298850575,0.8323583743842364,0.16764162561576354
YHR198C,-1,0,80,5408,1088,7,0.17742670514962783,0.014577259475218658,0.9195402298850575,0.8325123152709359,0.16748768472906403
YLR008C,-1,0,80,5409,1087,7,0.17727479872398602,0.014574603752960467,0.9195402298850575,0.8326662561576355,0.16733374384236452
YBR090C-A,-1,0,80,5410,1086,7,0.17712289229834421,0.014571948998178506,0.9195402298850575,0.832820197044335,0.16717980295566504
YJL162C,-1,0,80,5411,1085,7,0.1769709858727024,0.0145692952103442,0.9195402298850575,0.8329741379310345,0.16702586206896552
YLL051C,-1,0,80,5412,1084,7,0.1768190794470606,0.014566642388929352,0.9195402298850575,0.833128078817734,0.16687192118226601
YDR036C,-1,0,80,5413,1083,7,0.1766671730214188,0.014563990533406153,0.9195402298850575,0.8332820197044335,0.1667179802955665
YML129C,-1,0,80,5414,1082,7,0.17651526659577702,0.014561339643247179,0.9195402298850575,0.833435960591133,0.166564039408867
YJR079W,0,0,80,5414,1082,7,0.17651526659577702,0.014561339643247179,0.9195402298850575,0.833435960591133,0.166564039408867
YGR035W-A,0,0,80,5414,1082,7,0.17651526659577702,0.014561339643247179,0.9195402298850575,0.833435960591133,0.166564039408867
YOR391C,-1,0,80,5415,1081,7,0.1763633601701352,0.014558689717925387,0.9195402298850575,0.8335899014778325,0.16641009852216748
YJR024C,-1,0,80,5416,1080,7,0.1762114537444934,0.01455604075691412,0.9195402298850575,0.833743842364532,0.16625615763546797
YJR113C,-1,0,80,5417,1079,7,0.1760595473188516,0.014553392759687101,0.9195402298850575,0.8338977832512315,0.16610221674876846
YNR001C,-1,0,80,5418,1078,7,0.1759076408932098,0.014550745725718442,0.9195402298850575,0.834051724137931,0.16594827586206898
YOR045W,-1,0,80,5419,1077,7,0.17575573446756798,0.014548099654482633,0.9195402298850575,0.8342056650246306,0.16579433497536947
YCL027C-A,-1,0,80,5420,1076,7,0.17560382804192617,0.014545454545454545,0.9195402298850575,0.8343596059113301,0.16564039408866996
YPR204W,-1,0,80,5421,1075,7,0.17545192161628437,0.014542810398109434,0.9195402298850575,0.8345135467980296,0.16548645320197045
YLR264C-A,0,0,80,5421,1075,7,0.17545192161628437,0.014542810398109434,0.9195402298850575,0.8345135467980296,0.16548645320197045
YER101C,-1,0,80,5422,1074,7,0.17530001519064256,0.014540167211922937,0.9195402298850575,0.8346674876847291,0.16533251231527094
YER138W-A,0,0,80,5422,1074,7,0.17530001519064256,0.014540167211922937,0.9195402298850575,0.8346674876847291,0.16533251231527094
YBR122C,-1,0,80,5423,1073,7,0.17514810876500075,0.01453752498637107,0.9195402298850575,0.8348214285714286,0.16517857142857142
YFL012W,0,0,80,5423,1073,7,0.17514810876500075,0.01453752498637107,0.9195402298850575,0.8348214285714286,0.16517857142857142
YHL023C,-1,0,80,5424,1072,7,0.17499620233935895,0.014534883720930232,0.9195402298850575,0.8349753694581281,0.16502463054187191
YDR194W-A,0,0,80,5424,1072,7,0.17499620233935895,0.014534883720930232,0.9195402298850575,0.8349753694581281,0.16502463054187191
YBL048W,0,0,80,5424,1072,7,0.17499620233935895,0.014534883720930232,0.9195402298850575,0.8349753694581281,0.16502463054187191
YKR049C,-1,0,80,5425,1071,7,0.17484429591371714,0.014532243415077202,0.9195402298850575,0.8351293103448276,0.1648706896551724
YMR035W,-1,0,80,5426,1070,7,0.17469238948807533,0.01452960406828914,0.9195402298850575,0.8352832512315271,0.1647167487684729
YPR109W,-1,0,80,5427,1069,7,0.17454048306243355,0.014526965680043582,0.9195402298850575,0.8354371921182266,0.1645628078817734
YNL177C,-1,0,80,5428,1068,7,0.17438857663679175,0.014524328249818447,0.9195402298850575,0.8355911330049262,0.1644088669950739
YEL075C,0,0,80,5428,1068,7,0.17438857663679175,0.014524328249818447,0.9195402298850575,0.8355911330049262,0.1644088669950739
YNL162W-A,0,0,80,5428,1068,7,0.17438857663679175,0.014524328249818447,0.9195402298850575,0.8355911330049262,0.1644088669950739
YPL119C-A,0,0,80,5428,1068,7,0.17438857663679175,0.014524328249818447,0.9195402298850575,0.8355911330049262,0.1644088669950739
YDR051C,-1,0,80,5429,1067,7,0.17423667021114994,0.014521691777092031,0.9195402298850575,0.8357450738916257,0.1642549261083744
YDR533C,-1,0,80,5430,1066,7,0.17408476378550813,0.014519056261343012,0.9195402298850575,0.8358990147783252,0.16410098522167488
YMR293C,-1,0,80,5431,1065,7,0.17393285735986633,0.014516421702050445,0.9195402298850575,0.8360529556650246,0.16394704433497537
YBR246W,-1,0,80,5432,1064,7,0.17378095093422452,0.01451378809869376,0.9195402298850575,0.8362068965517241,0.16379310344827586
YDR169C,-1,0,80,5433,1063,7,0.17362904450858271,0.014511155450752766,0.9195402298850575,0.8363608374384236,0.16363916256157635
YMR086W,-1,0,80,5434,1062,7,0.1734771380829409,0.014508523757707652,0.9195402298850575,0.8365147783251231,0.16348522167487683
YGR067C,-1,0,80,5435,1061,7,0.1733252316572991,0.014505893019038985,0.9195402298850575,0.8366687192118226,0.16333128078817735
YBL107C,-1,0,80,5436,1060,7,0.1731733252316573,0.014503263234227702,0.9195402298850575,0.8368226600985221,0.16317733990147784
YPL134C,-1,0,80,5437,1059,7,0.1730214188060155,0.014500634402755121,0.9195402298850575,0.8369766009852216,0.16302339901477833
YOR042W,-1,0,80,5438,1058,7,0.17286951238037368,0.014498006524102935,0.9195402298850575,0.8371305418719212,0.16286945812807882
YNL033W,-1,0,80,5439,1057,7,0.17271760595473187,0.014495379597753216,0.9195402298850575,0.8372844827586207,0.1627155172413793
YNL181W,-1,0,80,5440,1056,7,0.1725656995290901,0.014492753623188406,0.9195402298850575,0.8374384236453202,0.1625615763546798
YML072C,-1,0,80,5441,1055,7,0.1724137931034483,0.014490128599891324,0.9195402298850575,0.8375923645320197,0.1624076354679803
YGL107C,-1,0,80,5442,1054,7,0.17226188667780648,0.014487504527345164,0.9195402298850575,0.8377463054187192,0.16225369458128078
YER182W,-1,0,80,5443,1053,7,0.17210998025216467,0.014484881405033496,0.9195402298850575,0.8379002463054187,0.1620997536945813
YEL033W,0,0,80,5443,1053,7,0.17210998025216467,0.014484881405033496,0.9195402298850575,0.8379002463054187,0.1620997536945813
YDR462W,-1,0,80,5444,1052,7,0.17195807382652287,0.01448225923244026,0.9195402298850575,0.8380541871921182,0.16194581280788178
YER158C,-1,0,80,5445,1051,7,0.17180616740088106,0.014479638009049774,0.9195402298850575,0.8382081280788177,0.16179187192118227
YIL136W,-1,0,80,5446,1050,7,0.17165426097523925,0.014477017734346724,0.9195402298850575,0.8383620689655172,0.16163793103448276
YJR154W,0,0,80,5446,1050,7,0.17165426097523925,0.014477017734346724,0.9195402298850575,0.8383620689655172,0.16163793103448276
YGL231C,-1,0,80,5447,1049,7,0.17150235454959745,0.014474398407816174,0.9195402298850575,0.8385160098522167,0.16148399014778325
YHR179W,-1,0,80,5448,1048,7,0.17135044812395564,0.01447178002894356,0.9195402298850575,0.8386699507389163,0.16133004926108374
YNR077C,0,0,80,5448,1048,7,0.17135044812395564,0.01447178002894356,0.9195402298850575,0.8386699507389163,0.16133004926108374
YOL071W,-1,0,80,5449,1047,7,0.17119854169831383,0.014469162597214686,0.9195402298850575,0.8388238916256158,0.16117610837438423
YJL181W,0,0,80,5449,1047,7,0.17119854169831383,0.014469162597214686,0.9195402298850575,0.8388238916256158,0.16117610837438423
YFL010C,0,0,80,5449,1047,7,0.17119854169831383,0.014469162597214686,0.9195402298850575,0.8388238916256158,0.16117610837438423
YDR231C,-1,0,80,5450,1046,7,0.17104663527267203,0.014466546112115732,0.9195402298850575,0.8389778325123153,0.16102216748768472
YDR519W,-1,0,80,5451,1045,7,0.17089472884703022,0.014463930573133249,0.9195402298850575,0.8391317733990148,0.1608682266009852
YOR271C,-1,0,80,5452,1044,7,0.1707428224213884,0.014461315979754157,0.9195402298850575,0.8392857142857143,0.16071428571428573
YOR034C-A,0,0,80,5452,1044,7,0.1707428224213884,0.014461315979754157,0.9195402298850575,0.8392857142857143,0.16071428571428573
YJL023C,-1,0,80,5453,1043,7,0.17059091599574663,0.014458702331465751,0.9195402298850575,0.8394396551724138,0.16056034482758622
YHL026C,0,0,80,5453,1043,7,0.17059091599574663,0.014458702331465751,0.9195402298850575,0.8394396551724138,0.16056034482758622
YMR155W,-1,0,80,5454,1042,7,0.17043900957010483,0.014456089627755691,0.9195402298850575,0.8395935960591133,0.1604064039408867
YCL001W-A,-1,0,80,5455,1041,7,0.17028710314446302,0.014453477868112014,0.9195402298850575,0.8397475369458128,0.1602524630541872
YGL236C,-1,0,80,5456,1040,7,0.1701351967188212,0.014450867052023121,0.9195402298850575,0.8399014778325123,0.16009852216748768
YML020W,0,0,80,5456,1040,7,0.1701351967188212,0.014450867052023121,0.9195402298850575,0.8399014778325123,0.16009852216748768
YNL097C-B,0,0,80,5456,1040,7,0.1701351967188212,0.014450867052023121,0.9195402298850575,0.8399014778325123,0.16009852216748768
YAR023C,0,0,80,5456,1040,7,0.1701351967188212,0.014450867052023121,0.9195402298850575,0.8399014778325123,0.16009852216748768
YLR211C,-1,0,80,5457,1039,7,0.1699832902931794,0.014448257178977787,0.9195402298850575,0.8400554187192119,0.15994458128078817
YDL178W,-1,0,80,5458,1038,7,0.1698313838675376,0.01444564824846515,0.9195402298850575,0.8402093596059114,0.15979064039408866
YNL200C,-1,0,80,5459,1037,7,0.1696794774418958,0.014443040259974725,0.9195402298850575,0.8403633004926109,0.15963669950738915
YDL218W,0,0,80,5459,1037,7,0.1696794774418958,0.014443040259974725,0.9195402298850575,0.8403633004926109,0.15963669950738915
YIL017W,-1,0,80,5460,1036,7,0.169527571016254,0.01444043321299639,0.9195402298850575,0.8405172413793104,0.15948275862068967
YML087C,-1,0,80,5461,1035,7,0.16937566459061218,0.014437827107020393,0.9195402298850575,0.8406711822660099,0.15932881773399016
YDR438W,-1,0,80,5462,1034,7,0.16922375816497037,0.014435221941537351,0.9195402298850575,0.8408251231527094,0.15917487684729065
YIL006W,-1,0,80,5463,1033,7,0.16907185173932857,0.014432617716038246,0.9195402298850575,0.8409790640394089,0.15902093596059114
YEL020C,-1,0,80,5464,1032,7,0.16891994531368676,0.01443001443001443,0.9195402298850575,0.8411330049261084,0.15886699507389163
YEL073C,0,0,80,5464,1032,7,0.16891994531368676,0.01443001443001443,0.9195402298850575,0.8411330049261084,0.15886699507389163
YOR381W-A,0,0,80,5464,1032,7,0.16891994531368676,0.01443001443001443,0.9195402298850575,0.8411330049261084,0.15886699507389163
YLR271W,-1,0,80,5465,1031,7,0.16876803888804495,0.014427412082957619,0.9195402298850575,0.8412869458128078,0.15871305418719212
YIL057C,0,0,80,5465,1031,7,0.16876803888804495,0.014427412082957619,0.9195402298850575,0.8412869458128078,0.15871305418719212
YKL150W,-1,0,80,5466,1030,7,0.16861613246240317,0.0144248106743599,0.9195402298850575,0.8414408866995073,0.1585591133004926
YBR022W,-1,0,80,5467,1029,7,0.16846422603676137,0.014422210203713719,0.9195402298850575,0.8415948275862069,0.1584051724137931
YEL039C,-1,0,80,5468,1028,7,0.16831231961111956,0.014419610670511895,0.9195402298850575,0.8417487684729064,0.15825123152709358
YOR311C,-1,0,80,5469,1027,7,0.16816041318547775,0.014417012074247611,0.9195402298850575,0.8419027093596059,0.1580972906403941
YMR203W,-1,0,80,5470,1026,7,0.16800850675983595,0.014414414414414415,0.9195402298850575,0.8420566502463054,0.1579433497536946
YBL113C,0,0,80,5470,1026,7,0.16800850675983595,0.014414414414414415,0.9195402298850575,0.8420566502463054,0.1579433497536946
YDR370C,-1,0,80,5471,1025,7,0.16785660033419414,0.014411817690506215,0.9195402298850575,0.8422105911330049,0.15778940886699508
YKL097C,0,0,80,5471,1025,7,0.16785660033419414,0.014411817690506215,0.9195402298850575,0.8422105911330049,0.15778940886699508
YOL084W,-1,0,80,5472,1024,7,0.16770469390855233,0.01440922190201729,0.9195402298850575,0.8423645320197044,0.15763546798029557
YPL191C,-1,0,80,5473,1023,7,0.16755278748291053,0.014406627048442283,0.9195402298850575,0.8425184729064039,0.15748152709359606
YDR524W-C,0,0,80,5473,1023,7,0.16755278748291053,0.014406627048442283,0.9195402298850575,0.8425184729064039,0.15748152709359606
YPL039W,0,0,80,5473,1023,7,0.16755278748291053,0.014406627048442283,0.9195402298850575,0.8425184729064039,0.15748152709359606
YHR125W,0,0,80,5473,1023,7,0.16755278748291053,0.014406627048442283,0.9195402298850575,0.8425184729064039,0.15748152709359606
YPR010C-A,0,0,80,5473,1023,7,0.16755278748291053,0.014406627048442283,0.9195402298850575,0.8425184729064039,0.15748152709359606
YLR154W-A,-1,0,80,5474,1022,7,0.16740088105726872,0.014404033129276198,0.9195402298850575,0.8426724137931034,0.15732758620689655
YNR040W,-1,0,80,5475,1021,7,0.1672489746316269,0.0144014401440144,0.9195402298850575,0.8428263546798029,0.15717364532019704
YHR003C,-1,0,80,5476,1020,7,0.1670970682059851,0.014398848092152628,0.9195402298850575,0.8429802955665024,0.15701970443349753
YLR203C,-1,0,80,5477,1019,7,0.1669451617803433,0.014396256973186972,0.9195402298850575,0.843134236453202,0.15686576354679804
YDL070W,-1,0,80,5478,1018,7,0.1667932553547015,0.01439366678661389,0.9195402298850575,0.8432881773399015,0.15671182266009853
YPL071C,0,0,80,5478,1018,7,0.1667932553547015,0.01439366678661389,0.9195402298850575,0.8432881773399015,0.15671182266009853
YHR210C,-1,0,80,5479,1017,7,0.1666413489290597,0.014391077531930203,0.9195402298850575,0.843442118226601,0.15655788177339902
YDR061W,0,0,80,5479,1017,7,0.1666413489290597,0.014391077531930203,0.9195402298850575,0.843442118226601,0.15655788177339902
YDL159W-B,0,0,80,5479,1017,7,0.1666413489290597,0.014391077531930203,0.9195402298850575,0.843442118226601,0.15655788177339902
YNR022C,-1,0,80,5480,1016,7,0.1664894425034179,0.014388489208633094,0.9195402298850575,0.8435960591133005,0.1564039408866995
YCL062W,-1,0,80,5481,1015,7,0.1663375360777761,0.014385901816220105,0.9195402298850575,0.84375,0.15625
YCR095W-A,0,0,80,5481,1015,7,0.1663375360777761,0.014385901816220105,0.9195402298850575,0.84375,0.15625
YHR009C,-1,0,80,5482,1014,7,0.1661856296521343,0.01438331535418914,0.9195402298850575,0.8439039408866995,0.1560960591133005
YMR147W,0,0,80,5482,1014,7,0.1661856296521343,0.01438331535418914,0.9195402298850575,0.8439039408866995,0.1560960591133005
YPR090W,-1,0,80,5483,1013,7,0.16603372322649249,0.014380729822038469,0.9195402298850575,0.844057881773399,0.15594211822660098
YLR406C-A,-1,0,80,5484,1012,7,0.16588181680085068,0.014378145219266714,0.9195402298850575,0.8442118226600985,0.15578817733990147
YHR159W,0,0,80,5484,1012,7,0.16588181680085068,0.014378145219266714,0.9195402298850575,0.8442118226600985,0.15578817733990147
YKL224C,-1,0,80,5485,1011,7,0.16572991037520887,0.014375561545372867,0.9195402298850575,0.844365763546798,0.15563423645320196
YGL128C,-1,0,80,5486,1010,7,0.16557800394956707,0.01437297879985627,0.9195402298850575,0.8445197044334976,0.15548029556650247
YBL044W,0,0,80,5486,1010,7,0.16557800394956707,0.01437297879985627,0.9195402298850575,0.8445197044334976,0.15548029556650247
YLR149C,0,0,80,5486,1010,7,0.16557800394956707,0.01437297879985627,0.9195402298850575,0.8445197044334976,0.15548029556650247
YBR125C,-1,0,80,5487,1009,7,0.16542609752392526,0.014370396982216633,0.9195402298850575,0.8446736453201971,0.15532635467980296
YJL037W,-1,0,80,5488,1008,7,0.16527419109828345,0.014367816091954023,0.9195402298850575,0.8448275862068966,0.15517241379310345
YPR115W,-1,0,80,5489,1007,7,0.16512228467264164,0.014365236128568864,0.9195402298850575,0.8449815270935961,0.15501847290640394
YJR085C,-1,0,80,5490,1006,7,0.16497037824699984,0.01436265709156194,0.9195402298850575,0.8451354679802956,0.15486453201970443
YDL203C,-1,0,80,5491,1005,7,0.16481847182135803,0.014360078980434392,0.9195402298850575,0.8452894088669951,0.15471059113300492
YDR475C,-1,0,80,5492,1004,7,0.16466656539571625,0.014357501794687724,0.9195402298850575,0.8454433497536946,0.1545566502463054
YOL019W,-1,0,80,5493,1003,7,0.16451465897007445,0.014354925533823793,0.9195402298850575,0.8455972906403941,0.1544027093596059
YMR272W-B,-1,0,80,5494,1002,7,0.16436275254443264,0.014352350197344816,0.9195402298850575,0.8457512315270936,0.15424876847290642
YIL067C,-1,0,80,5495,1001,7,0.16421084611879083,0.014349775784753363,0.9195402298850575,0.8459051724137931,0.1540948275862069
YML101C,-1,0,80,5496,1000,7,0.16405893969314903,0.014347202295552367,0.9195402298850575,0.8460591133004927,0.1539408866995074
YGR207C,-1,0,80,5497,999,7,0.16390703326750722,0.014344629729245113,0.9195402298850575,0.8462130541871922,0.15378694581280788
YCR030C,-1,0,80,5498,998,7,0.1637551268418654,0.014342058085335245,0.9195402298850575,0.8463669950738916,0.15363300492610837
YOR154W,-1,0,80,5499,997,7,0.1636032204162236,0.01433948736332676,0.9195402298850575,0.8465209359605911,0.15347906403940886
YDL004W,-1,0,80,5500,996,7,0.1634513139905818,0.014336917562724014,0.9195402298850575,0.8466748768472906,0.15332512315270935
YLR154C-H,0,0,80,5500,996,7,0.1634513139905818,0.014336917562724014,0.9195402298850575,0.8466748768472906,0.15332512315270935
YOR393W,-1,0,80,5501,995,7,0.16329940756494,0.014334348683031715,0.9195402298850575,0.8468288177339901,0.15317118226600984
YJL193W,-1,0,80,5502,994,7,0.16314750113929818,0.014331780723754926,0.9195402298850575,0.8469827586206896,0.15301724137931033
YDL025C,-1,0,80,5503,993,7,0.16299559471365638,0.014329213684399069,0.9195402298850575,0.8471366995073891,0.15286330049261085
YDL107W,-1,0,80,5504,992,7,0.16284368828801457,0.014326647564469915,0.9195402298850575,0.8472906403940886,0.15270935960591134
YEL005C,-1,0,80,5505,991,7,0.1626917818623728,0.01432408236347359,0.9195402298850575,0.8474445812807881,0.15255541871921183
YGR210C,0,0,80,5505,991,7,0.1626917818623728,0.01432408236347359,0.9195402298850575,0.8474445812807881,0.15255541871921183
YJL133W,-1,0,80,5506,990,7,0.16253987543673099,0.014321518080916577,0.9195402298850575,0.8475985221674877,0.15240147783251232
YMR141C,0,0,80,5506,990,7,0.16253987543673099,0.014321518080916577,0.9195402298850575,0.8475985221674877,0.15240147783251232
YGR071C,-1,0,80,5507,989,7,0.16238796901108918,0.01431895471630571,0.9195402298850575,0.8477524630541872,0.1522475369458128
YJL149W,-1,0,80,5508,988,7,0.16223606258544737,0.014316392269148175,0.9195402298850575,0.8479064039408867,0.1520935960591133
YDR119W,-1,0,80,5509,987,7,0.16208415615980556,0.014313830738951512,0.9195402298850575,0.8480603448275862,0.15193965517241378
YJL084C,-1,0,80,5510,986,7,0.16193224973416376,0.014311270125223614,0.9195402298850575,0.8482142857142857,0.15178571428571427
YJL078C,-1,0,80,5511,985,7,0.16178034330852195,0.014308710427472724,0.9195402298850575,0.8483682266009852,0.1516317733990148
YDR322C-A,-1,0,80,5512,984,7,0.16162843688288014,0.01430615164520744,0.9195402298850575,0.8485221674876847,0.15147783251231528
YBR037C,-1,0,80,5513,983,7,0.16147653045723834,0.014303593777936706,0.9195402298850575,0.8486761083743842,0.15132389162561577
YLR104W,-1,0,80,5514,982,7,0.16132462403159653,0.014301036825169824,0.9195402298850575,0.8488300492610837,0.15116995073891626
YDR209C,0,0,80,5514,982,7,0.16132462403159653,0.014301036825169824,0.9195402298850575,0.8488300492610837,0.15116995073891626
YJR129C,1,0,81,5514,982,6,0.16147653045723834,0.014477211796246649,0.9310344827586207,0.8488300492610837,0.15116995073891626
YNR062C,-1,0,81,5515,981,6,0.16132462403159653,0.014474624731951394,0.9310344827586207,0.8489839901477833,0.15101600985221675
YGR271C-A,-1,0,81,5516,980,6,0.16117271760595472,0.014472038592102911,0.9310344827586207,0.8491379310344828,0.15086206896551724
YML119W,0,0,81,5516,980,6,0.16117271760595472,0.014472038592102911,0.9310344827586207,0.8491379310344828,0.15086206896551724
YJL163C,-1,0,81,5517,979,6,0.16102081118031292,0.014469453376205787,0.9310344827586207,0.8492918719211823,0.15070812807881773
YMR107W,0,0,81,5517,979,6,0.16102081118031292,0.014469453376205787,0.9310344827586207,0.8492918719211823,0.15070812807881773
YMR090W,0,0,81,5517,979,6,0.16102081118031292,0.014469453376205787,0.9310344827586207,0.8492918719211823,0.15070812807881773
YPL172C,-1,0,81,5518,978,6,0.1608689047546711,0.014466869083764959,0.9310344827586207,0.8494458128078818,0.15055418719211822
YLL006W-A,0,0,81,5518,978,6,0.1608689047546711,0.014466869083764959,0.9310344827586207,0.8494458128078818,0.15055418719211822
YPR022C,-1,0,81,5519,977,6,0.16071699832902933,0.014464285714285714,0.9310344827586207,0.8495997536945813,0.1504002463054187
YDR347W,-1,0,81,5520,976,6,0.16056509190338752,0.0144617032672737,0.9310344827586207,0.8497536945812808,0.15024630541871922
YDL072C,-1,0,81,5521,975,6,0.16041318547774572,0.014459121742234916,0.9310344827586207,0.8499076354679803,0.1500923645320197
YHR214W-G,-1,0,81,5522,974,6,0.1602612790521039,0.01445654113867571,0.9310344827586207,0.8500615763546798,0.1499384236453202
YOR164C,-1,0,81,5523,973,6,0.1601093726264621,0.014453961456102784,0.9310344827586207,0.8502155172413793,0.1497844827586207
YDL069C,-1,0,81,5524,972,6,0.1599574662008203,0.014451382694023194,0.9310344827586207,0.8503694581280788,0.14963054187192118
YPR157W,-1,0,81,5525,971,6,0.1598055597751785,0.014448804851944346,0.9310344827586207,0.8505233990147784,0.14947660098522167
YPL105C,-1,0,81,5526,970,6,0.15965365334953668,0.014446227929373997,0.9310344827586207,0.8506773399014779,0.14932266009852216
YLR204W,-1,0,81,5527,969,6,0.15950174692389488,0.014443651925820257,0.9310344827586207,0.8508312807881774,0.14916871921182265
YBR003W,-1,0,81,5528,968,6,0.15934984049825307,0.014441076840791585,0.9310344827586207,0.8509852216748769,0.14901477832512317
YKR099C-A,-1,0,81,5529,967,6,0.15919793407261126,0.014438502673796792,0.9310344827586207,0.8511391625615764,0.14886083743842365
YDR248C,-1,0,81,5530,966,6,0.15904602764696946,0.014435929424345037,0.9310344827586207,0.8512931034482759,0.14870689655172414
YIL164C,0,0,81,5530,966,6,0.15904602764696946,0.014435929424345037,0.9310344827586207,0.8512931034482759,0.14870689655172414
YDR381C-A,-1,0,81,5531,965,6,0.15889412122132765,0.01443335709194583,0.9310344827586207,0.8514470443349754,0.14855295566502463
YDL037C,0,0,81,5531,965,6,0.15889412122132765,0.01443335709194583,0.9310344827586207,0.8514470443349754,0.14855295566502463
YGL143C,-1,0,81,5532,964,6,0.15874221479568587,0.014430785676109033,0.9310344827586207,0.8516009852216748,0.14839901477832512
YLR241W,-1,0,81,5533,963,6,0.15859030837004406,0.014428215176344851,0.9310344827586207,0.8517549261083743,0.1482450738916256
YHR214C-E,0,0,81,5533,963,6,0.15859030837004406,0.014428215176344851,0.9310344827586207,0.8517549261083743,0.1482450738916256
YPR097W,-1,0,81,5534,962,6,0.15843840194440226,0.014425645592163847,0.9310344827586207,0.8519088669950738,0.1480911330049261
YBR072C-A,0,0,81,5534,962,6,0.15843840194440226,0.014425645592163847,0.9310344827586207,0.8519088669950738,0.1480911330049261
YOR022C,-1,0,81,5535,961,6,0.15828649551876045,0.014423076923076924,0.9310344827586207,0.8520628078817734,0.1479371921182266
YPL141C,-1,0,81,5536,960,6,0.15813458909311864,0.014420509168595335,0.9310344827586207,0.8522167487684729,0.1477832512315271
YLR295C,-1,0,81,5537,959,6,0.15798268266747684,0.014417942328230687,0.9310344827586207,0.8523706896551724,0.1476293103448276
YGR031W,-1,0,81,5538,958,6,0.15783077624183503,0.014415376401494928,0.9310344827586207,0.8525246305418719,0.14747536945812809
YBL029W,0,0,81,5538,958,6,0.15783077624183503,0.014415376401494928,0.9310344827586207,0.8525246305418719,0.14747536945812809
YCR054C,0,0,81,5538,958,6,0.15783077624183503,0.014415376401494928,0.9310344827586207,0.8525246305418719,0.14747536945812809
YOL137W,-1,0,81,5539,957,6,0.15767886981619322,0.014412811387900355,0.9310344827586207,0.8526785714285714,0.14732142857142858
YBL071C-B,0,0,81,5539,957,6,0.15767886981619322,0.014412811387900355,0.9310344827586207,0.8526785714285714,0.14732142857142858
YMR144W,0,0,81,5539,957,6,0.15767886981619322,0.014412811387900355,0.9310344827586207,0.8526785714285714,0.14732142857142858
YNL155W,-1,0,81,5540,956,6,0.15752696339055142,0.014410247286959615,0.9310344827586207,0.8528325123152709,0.14716748768472906
YBR056W,-1,0,81,5541,955,6,0.1573750569649096,0.0144076840981857,0.9310344827586207,0.8529864532019704,0.14701354679802955
YFL051C,-1,0,81,5542,954,6,0.1572231505392678,0.014405121821091944,0.9310344827586207,0.8531403940886699,0.14685960591133004
YHR007C-A,0,0,81,5542,954,6,0.1572231505392678,0.014405121821091944,0.9310344827586207,0.8531403940886699,0.14685960591133004
YEL067C,0,0,81,5542,954,6,0.1572231505392678,0.014405121821091944,0.9310344827586207,0.8531403940886699,0.14685960591133004
YLR161W,0,0,81,5542,954,6,0.1572231505392678,0.014405121821091944,0.9310344827586207,0.8531403940886699,0.14685960591133004
YKL200C,-1,0,81,5543,953,6,0.157071244113626,0.014402560455192033,0.9310344827586207,0.8532943349753694,0.14670566502463053
YGL194C-A,-1,0,81,5544,952,6,0.1569193376879842,0.0144,0.9310344827586207,0.853448275862069,0.14655172413793102
YBR220C,-1,0,81,5545,951,6,0.1567674312623424,0.014397440455030218,0.9310344827586207,0.8536022167487685,0.14639778325123154
YDL009C,0,0,81,5545,951,6,0.1567674312623424,0.014397440455030218,0.9310344827586207,0.8536022167487685,0.14639778325123154
YOR292C,-1,0,81,5546,950,6,0.1566155248367006,0.014394881819797405,0.9310344827586207,0.853756157635468,0.14624384236453203
YGR025W,0,0,81,5546,950,6,0.1566155248367006,0.014394881819797405,0.9310344827586207,0.853756157635468,0.14624384236453203
YOR232W,-1,0,81,5547,949,6,0.1564636184110588,0.014392324093816631,0.9310344827586207,0.8539100985221675,0.14608990147783252
YEL043W,-1,0,81,5548,948,6,0.156311711985417,0.014389767276603304,0.9310344827586207,0.854064039408867,0.145935960591133
YGR121W-A,0,0,81,5548,948,6,0.156311711985417,0.014389767276603304,0.9310344827586207,0.854064039408867,0.145935960591133
YEL009C-A,0,0,81,5548,948,6,0.156311711985417,0.014389767276603304,0.9310344827586207,0.854064039408867,0.145935960591133
YMR222C,0,0,81,5548,948,6,0.156311711985417,0.014389767276603304,0.9310344827586207,0.854064039408867,0.145935960591133
YIL174W,0,0,81,5548,948,6,0.156311711985417,0.014389767276603304,0.9310344827586207,0.854064039408867,0.145935960591133
YKL033W,-1,0,81,5549,947,6,0.15615980555977518,0.014387211367673179,0.9310344827586207,0.8542179802955665,0.1457820197044335
YGR167W,-1,0,81,5550,946,6,0.15600789913413338,0.014384656366542355,0.9310344827586207,0.854371921182266,0.14562807881773399
YHR192W,-1,0,81,5551,945,6,0.15585599270849157,0.014382102272727272,0.9310344827586207,0.8545258620689655,0.14547413793103448
YDR129C,-1,0,81,5552,944,6,0.15570408628284976,0.014379549085744719,0.9310344827586207,0.854679802955665,0.14532019704433496
YOL159C-A,0,0,81,5552,944,6,0.15570408628284976,0.014379549085744719,0.9310344827586207,0.854679802955665,0.14532019704433496
YHL041W,0,0,81,5552,944,6,0.15570408628284976,0.014379549085744719,0.9310344827586207,0.854679802955665,0.14532019704433496
YOL114C,-1,0,81,5553,943,6,0.15555217985720796,0.01437699680511182,0.9310344827586207,0.8548337438423645,0.14516625615763548
YMR268W-A,-1,0,81,5554,942,6,0.15540027343156615,0.014374445430346052,0.9310344827586207,0.8549876847290641,0.14501231527093597
YCR070W,-1,0,81,5555,941,6,0.15524836700592434,0.014371894960965224,0.9310344827586207,0.8551416256157636,0.14485837438423646
YER071C,-1,0,81,5556,940,6,0.15509646058028254,0.014369345396487493,0.9310344827586207,0.8552955665024631,0.14470443349753695
YGL057C,-1,0,81,5557,939,6,0.15494455415464073,0.014366796736431358,0.9310344827586207,0.8554495073891626,0.14455049261083744
YIL022W,-1,0,81,5558,938,6,0.15479264772899895,0.014364248980315658,0.9310344827586207,0.8556034482758621,0.14439655172413793
YNL157W,-1,0,81,5559,937,6,0.15464074130335714,0.014361702127659574,0.9310344827586207,0.8557573891625616,0.14424261083743842
YHR059W,-1,0,81,5560,936,6,0.15448883487771534,0.014359156177982627,0.9310344827586207,0.8559113300492611,0.1440886699507389
YIR044C,0,0,81,5560,936,6,0.15448883487771534,0.014359156177982627,0.9310344827586207,0.8559113300492611,0.1440886699507389
YLR042C,-1,0,81,5561,935,6,0.15433692845207353,0.01435661113080468,0.9310344827586207,0.8560652709359606,0.1439347290640394
YOL087C,-1,0,81,5562,934,6,0.15418502202643172,0.014354066985645933,0.9310344827586207,0.8562192118226601,0.1437807881773399
YBR014C,-1,0,81,5563,933,6,0.15403311560078992,0.014351523742026931,0.9310344827586207,0.8563731527093597,0.1436268472906404
YFR022W,-1,0,81,5564,932,6,0.1538812091751481,0.014348981399468556,0.9310344827586207,0.8565270935960592,0.1434729064039409
YJL066C,-1,0,81,5565,931,6,0.1537293027495063,0.014346439957492029,0.9310344827586207,0.8566810344827587,0.14331896551724138
YOR032W-A,-1,0,81,5566,930,6,0.1535773963238645,0.014343899415618913,0.9310344827586207,0.8568349753694581,0.14316502463054187
YJL104W,-1,0,81,5567,929,6,0.1534254898982227,0.014341359773371105,0.9310344827586207,0.8569889162561576,0.14301108374384236
YCR071C,-1,0,81,5568,928,6,0.15327358347258088,0.014338821030270845,0.9310344827586207,0.8571428571428571,0.14285714285714285
YDL134C-A,-1,0,81,5569,927,6,0.15312167704693908,0.014336283185840707,0.9310344827586207,0.8572967980295566,0.14270320197044334
YFL042C,-1,0,81,5570,926,6,0.15296977062129727,0.01433374623960361,0.9310344827586207,0.8574507389162561,0.14254926108374386
YMR291W,-1,0,81,5571,925,6,0.1528178641956555,0.014331210191082803,0.9310344827586207,0.8576046798029556,0.14239532019704434
YJR138W,-1,0,81,5572,924,6,0.15266595777001368,0.014328675039801874,0.9310344827586207,0.8577586206896551,0.14224137931034483
YOL038C-A,0,0,81,5572,924,6,0.15266595777001368,0.014328675039801874,0.9310344827586207,0.8577586206896551,0.14224137931034483
YLR159C-A,0,0,81,5572,924,6,0.15266595777001368,0.014328675039801874,0.9310344827586207,0.8577586206896551,0.14224137931034483
YAL044W-A,-1,0,81,5573,923,6,0.15251405134437188,0.014326140785284755,0.9310344827586207,0.8579125615763546,0.14208743842364532
YHL018W,-1,0,81,5574,922,6,0.15236214491873007,0.014323607427055704,0.9310344827586207,0.8580665024630542,0.1419334975369458
YLR419W,-1,0,81,5575,921,6,0.15221023849308826,0.014321074964639321,0.9310344827586207,0.8582204433497537,0.1417795566502463
YKR075C,-1,0,81,5576,920,6,0.15205833206744646,0.014318543397560545,0.9310344827586207,0.8583743842364532,0.1416256157635468
YER190C-B,0,0,81,5576,920,6,0.15205833206744646,0.014318543397560545,0.9310344827586207,0.8583743842364532,0.1416256157635468
YKL087C,-1,0,81,5577,919,6,0.15190642564180465,0.014316012725344645,0.9310344827586207,0.8585283251231527,0.14147167487684728
YLR375W,-1,0,81,5578,918,6,0.15175451921616284,0.014313482947517229,0.9310344827586207,0.8586822660098522,0.14131773399014777
YGL250W,-1,0,81,5579,917,6,0.15160261279052104,0.01431095406360424,0.9310344827586207,0.8588362068965517,0.1411637931034483
YKL097W-A,-1,0,81,5580,916,6,0.15145070636487923,0.014308426073131956,0.9310344827586207,0.8589901477832512,0.14100985221674878
YJR098C,-1,0,81,5581,915,6,0.15129879993923742,0.014305898975626986,0.9310344827586207,0.8591440886699507,0.14085591133004927
YOR118W,0,0,81,5581,915,6,0.15129879993923742,0.014305898975626986,0.9310344827586207,0.8591440886699507,0.14085591133004927
YOR161C-C,0,0,81,5581,915,6,0.15129879993923742,0.014305898975626986,0.9310344827586207,0.8591440886699507,0.14085591133004927
YCR050C,0,0,81,5581,915,6,0.15129879993923742,0.014305898975626986,0.9310344827586207,0.8591440886699507,0.14085591133004927
YOR274W,-1,0,81,5582,914,6,0.15114689351359561,0.01430337277061628,0.9310344827586207,0.8592980295566502,0.14070197044334976
YMR228W,1,0,82,5582,914,5,0.15129879993923742,0.014477401129943503,0.9425287356321839,0.8592980295566502,0.14070197044334976
YCL026C-B,-1,0,82,5583,913,5,0.15114689351359561,0.014474845542806708,0.9425287356321839,0.8594519704433498,0.14054802955665024
YOR205C,-1,0,82,5584,912,5,0.1509949870879538,0.01447229085774797,0.9425287356321839,0.8596059113300493,0.14039408866995073
YJR128W,0,0,82,5584,912,5,0.1509949870879538,0.01447229085774797,0.9425287356321839,0.8596059113300493,0.14039408866995073
YIR003W,-1,0,82,5585,911,5,0.15084308066231203,0.014469737074289748,0.9425287356321839,0.8597598522167488,0.14024014778325122
YDR079W,-1,0,82,5586,910,5,0.15069117423667022,0.014467184191954835,0.9425287356321839,0.8599137931034483,0.1400862068965517
YML100W-A,0,0,82,5586,910,5,0.15069117423667022,0.014467184191954835,0.9425287356321839,0.8599137931034483,0.1400862068965517
YJL017W,0,0,82,5586,910,5,0.15069117423667022,0.014467184191954835,0.9425287356321839,0.8599137931034483,0.1400862068965517
YPL062W,-1,0,82,5587,909,5,0.15053926781102842,0.014464632210266361,0.9425287356321839,0.8600677339901478,0.13993226600985223
YDR391C,0,0,82,5587,909,5,0.15053926781102842,0.014464632210266361,0.9425287356321839,0.8600677339901478,0.13993226600985223
YKR064W,-1,0,82,5588,908,5,0.1503873613853866,0.014462081128747795,0.9425287356321839,0.8602216748768473,0.13977832512315272
YIL086C,0,0,82,5588,908,5,0.1503873613853866,0.014462081128747795,0.9425287356321839,0.8602216748768473,0.13977832512315272
YBL029C-A,-1,0,82,5589,907,5,0.1502354549597448,0.014459530946922941,0.9425287356321839,0.8603756157635468,0.1396243842364532
YDL123W,-1,0,82,5590,906,5,0.150083548534103,0.014456981664315938,0.9425287356321839,0.8605295566502463,0.1394704433497537
YDR134C,-1,0,82,5591,905,5,0.1499316421084612,0.01445443328045126,0.9425287356321839,0.8606834975369458,0.1393165024630542
YIR036C,-1,0,82,5592,904,5,0.14977973568281938,0.014451885794853719,0.9425287356321839,0.8608374384236454,0.13916256157635468
YDL086W,0,0,82,5592,904,5,0.14977973568281938,0.014451885794853719,0.9425287356321839,0.8608374384236454,0.13916256157635468
YAL039C,-1,0,82,5593,903,5,0.14962782925717757,0.014449339207048459,0.9425287356321839,0.8609913793103449,0.13900862068965517
YBR287W,-1,0,82,5594,902,5,0.14947592283153577,0.014446793516560958,0.9425287356321839,0.8611453201970444,0.13885467980295566
YDR348C,-1,0,82,5595,901,5,0.14932401640589396,0.014444248722917033,0.9425287356321839,0.8612992610837439,0.13870073891625614
YDR458C,-1,0,82,5596,900,5,0.14917210998025215,0.014441704825642832,0.9425287356321839,0.8614532019704434,0.13854679802955666
YOR131C,-1,0,82,5597,899,5,0.14902020355461035,0.014439161824264836,0.9425287356321839,0.8616071428571429,0.13839285714285715
YOR378W,-1,0,82,5598,898,5,0.14886829712896857,0.014436619718309859,0.9425287356321839,0.8617610837438424,0.13823891625615764
YKL121W,0,0,82,5598,898,5,0.14886829712896857,0.014436619718309859,0.9425287356321839,0.8617610837438424,0.13823891625615764
YPL034W,0,0,82,5598,898,5,0.14886829712896857,0.014436619718309859,0.9425287356321839,0.8617610837438424,0.13823891625615764
YKL183C-A,0,0,82,5598,898,5,0.14886829712896857,0.014436619718309859,0.9425287356321839,0.8617610837438424,0.13823891625615764
YIL089W,-1,0,82,5599,897,5,0.14871639070332676,0.014434078507305052,0.9425287356321839,0.8619150246305419,0.13808497536945813
YOL159C,-1,0,82,5600,896,5,0.14856448427768496,0.014431538190777896,0.9425287356321839,0.8620689655172413,0.13793103448275862
YLR261C,-1,0,82,5601,895,5,0.14841257785204315,0.014428998768256202,0.9425287356321839,0.8622229064039408,0.1377770935960591
YBR239C,-1,0,82,5602,894,5,0.14826067142640134,0.014426460239268121,0.9425287356321839,0.8623768472906403,0.1376231527093596
YDR493W,-1,0,82,5603,893,5,0.14810876500075953,0.014423922603342128,0.9425287356321839,0.8625307881773399,0.1374692118226601
YCR069W,-1,0,82,5604,892,5,0.14795685857511773,0.014421385860007034,0.9425287356321839,0.8626847290640394,0.1373152709359606
YOR044W,-1,0,82,5605,891,5,0.14780495214947592,0.014418850008791981,0.9425287356321839,0.8628386699507389,0.1371613300492611
YML081C-A,-1,0,82,5606,890,5,0.14765304572383411,0.014416315049226441,0.9425287356321839,0.8629926108374384,0.13700738916256158
YMR282C,-1,0,82,5607,889,5,0.1475011392981923,0.014413780980840217,0.9425287356321839,0.8631465517241379,0.13685344827586207
YCR015C,-1,0,82,5608,888,5,0.1473492328725505,0.014411247803163444,0.9425287356321839,0.8633004926108374,0.13669950738916256
YPL207W,-1,0,82,5609,887,5,0.1471973264469087,0.014408715515726585,0.9425287356321839,0.8634544334975369,0.13654556650246305
YLR036C,0,0,82,5609,887,5,0.1471973264469087,0.014408715515726585,0.9425287356321839,0.8634544334975369,0.13654556650246305
YJL079C,-1,0,82,5610,886,5,0.1470454200212669,0.014406184118060435,0.9425287356321839,0.8636083743842364,0.13639162561576354
YKL044W,0,0,82,5610,886,5,0.1470454200212669,0.014406184118060435,0.9425287356321839,0.8636083743842364,0.13639162561576354
YOL042W,-1,0,82,5611,885,5,0.1468935135956251,0.014403653609696119,0.9425287356321839,0.8637623152709359,0.13623768472906403
YER175W-A,0,0,82,5611,885,5,0.1468935135956251,0.014403653609696119,0.9425287356321839,0.8637623152709359,0.13623768472906403
YCL048W-A,-1,0,82,5612,884,5,0.1467416071699833,0.014401123990165085,0.9425287356321839,0.8639162561576355,0.13608374384236452
YMR082C,0,0,82,5612,884,5,0.1467416071699833,0.014401123990165085,0.9425287356321839,0.8639162561576355,0.13608374384236452
YKL090W,-1,0,82,5613,883,5,0.1465897007443415,0.014398595258999123,0.9425287356321839,0.864070197044335,0.13592980295566504
YJR133W,-1,0,82,5614,882,5,0.1464377943186997,0.014396067415730338,0.9425287356321839,0.8642241379310345,0.13577586206896552
YJR107C-A,-1,0,82,5615,881,5,0.14628588789305788,0.01439354045989117,0.9425287356321839,0.864378078817734,0.13562192118226601
YLR157W-E,0,0,82,5615,881,5,0.14628588789305788,0.01439354045989117,0.9425287356321839,0.864378078817734,0.13562192118226601
YHR218W,0,0,82,5615,881,5,0.14628588789305788,0.01439354045989117,0.9425287356321839,0.864378078817734,0.13562192118226601
YNR071C,-1,0,82,5616,880,5,0.14613398146741607,0.014391014391014392,0.9425287356321839,0.8645320197044335,0.1354679802955665
YJR161C,-1,0,82,5617,879,5,0.14598207504177427,0.014388489208633094,0.9425287356321839,0.864685960591133,0.135314039408867
YJR034W,-1,0,82,5618,878,5,0.14583016861613246,0.014385964912280702,0.9425287356321839,0.8648399014778325,0.13516009852216748
YCL058C,-1,0,82,5619,877,5,0.14567826219049065,0.014383441501490967,0.9425287356321839,0.864993842364532,0.13500615763546797
YDR352W,-1,0,82,5620,876,5,0.14552635576484885,0.014380918975797966,0.9425287356321839,0.8651477832512315,0.13485221674876846
YGR001C,1,0,83,5620,876,4,0.14567826219049065,0.0145537436436963,0.9540229885057471,0.8651477832512315,0.13485221674876846
YLR296W,0,0,83,5620,876,4,0.14567826219049065,0.0145537436436963,0.9540229885057471,0.8651477832512315,0.13485221674876846
YLR083C,-1,0,83,5621,875,4,0.14552635576484885,0.014551192145862552,0.9540229885057471,0.865301724137931,0.13469827586206898
YDR415C,-1,0,83,5622,874,4,0.14537444933920704,0.014548641542506574,0.9540229885057471,0.8654556650246306,0.13454433497536947
YJR151C,-1,0,83,5623,873,4,0.14522254291356523,0.01454609183315808,0.9540229885057471,0.8656096059113301,0.13439039408866996
YMR244C-A,-1,0,83,5624,872,4,0.14507063648792343,0.014543543017347118,0.9540229885057471,0.8657635467980296,0.13423645320197045
YNL115C,-1,0,83,5625,871,4,0.14491873006228165,0.014540995094604065,0.9540229885057471,0.8659174876847291,0.13408251231527094
YIR007W,-1,0,83,5626,870,4,0.14476682363663984,0.014538448064459626,0.9540229885057471,0.8660714285714286,0.13392857142857142
YJL077W-A,0,0,83,5626,870,4,0.14476682363663984,0.014538448064459626,0.9540229885057471,0.8660714285714286,0.13392857142857142
YOR152C,-1,0,83,5627,869,4,0.14461491721099803,0.014535901926444834,0.9540229885057471,0.8662253694581281,0.13377463054187191
YJL018W,-1,0,83,5628,868,4,0.14446301078535623,0.014533356680091052,0.9540229885057471,0.8663793103448276,0.1336206896551724
YGL050W,1,0,84,5628,868,3,0.14461491721099803,0.014705882352941176,0.9655172413793104,0.8663793103448276,0.1336206896551724
YAL064W,0,0,84,5628,868,3,0.14461491721099803,0.014705882352941176,0.9655172413793104,0.8663793103448276,0.1336206896551724
YER145C-A,0,0,84,5628,868,3,0.14461491721099803,0.014705882352941176,0.9655172413793104,0.8663793103448276,0.1336206896551724
YBR177C,-1,0,84,5629,867,3,0.14446301078535623,0.01470330824435498,0.9655172413793104,0.8665332512315271,0.1334667487684729
YHR214W,-1,0,84,5630,866,3,0.14431110435971442,0.014700735036751837,0.9655172413793104,0.8666871921182266,0.1333128078817734
YBR291C,-1,0,84,5631,865,3,0.1441591979340726,0.014698162729658792,0.9655172413793104,0.8668411330049262,0.1331588669950739
YDR119W-A,-1,0,84,5632,864,3,0.1440072915084308,0.01469559132260322,0.9655172413793104,0.8669950738916257,0.1330049261083744
YFR024C,-1,0,84,5633,863,3,0.143855385082789,0.014693020815112822,0.9655172413793104,0.8671490147783252,0.13285098522167488
YPR114W,-1,0,84,5634,862,3,0.1437034786571472,0.014690451206715634,0.9655172413793104,0.8673029556650246,0.13269704433497537
YJR061W,-1,0,84,5635,861,3,0.1435515722315054,0.014687882496940025,0.9655172413793104,0.8674568965517241,0.13254310344827586
YLR065C,-1,0,84,5636,860,3,0.14339966580586358,0.014685314685314685,0.9655172413793104,0.8676108374384236,0.13238916256157635
YIL093C,-1,0,84,5637,859,3,0.14324775938022177,0.014682747771368642,0.9655172413793104,0.8677647783251231,0.13223522167487683
YPL014W,-1,0,84,5638,858,3,0.14309585295457997,0.014680181754631249,0.9655172413793104,0.8679187192118226,0.13208128078817735
YGL036W,0,0,84,5638,858,3,0.14309585295457997,0.014680181754631249,0.9655172413793104,0.8679187192118226,0.13208128078817735
YIL060W,0,0,84,5638,858,3,0.14309585295457997,0.014680181754631249,0.9655172413793104,0.8679187192118226,0.13208128078817735
YCR045C,-1,0,84,5639,857,3,0.1429439465289382,0.014677616634632186,0.9655172413793104,0.8680726600985221,0.13192733990147784
YGR068C,-1,0,84,5640,856,3,0.14279204010329638,0.014675052410901468,0.9655172413793104,0.8682266009852216,0.13177339901477833
YML056C,-1,0,84,5641,855,3,0.14264013367765457,0.014672489082969432,0.9655172413793104,0.8683805418719212,0.13161945812807882
YPL066W,-1,0,84,5642,854,3,0.14248822725201277,0.014669926650366748,0.9655172413793104,0.8685344827586207,0.1314655172413793
YGR171C,-1,0,84,5643,853,3,0.14233632082637096,0.014667365112624411,0.9655172413793104,0.8686884236453202,0.1313115763546798
YPR133W-A,-1,0,84,5644,852,3,0.14218441440072915,0.014664804469273743,0.9655172413793104,0.8688423645320197,0.1311576354679803
YDL248W,-1,0,84,5645,851,3,0.14203250797508735,0.014662244719846396,0.9655172413793104,0.8689963054187192,0.13100369458128078
YDR428C,-1,0,84,5646,850,3,0.14188060154944554,0.014659685863874346,0.9655172413793104,0.8691502463054187,0.1308497536945813
YMR320W,0,0,84,5646,850,3,0.14188060154944554,0.014659685863874346,0.9655172413793104,0.8691502463054187,0.1308497536945813
YPR058W,-1,0,84,5647,849,3,0.14172869512380373,0.014657127900889896,0.9655172413793104,0.8693041871921182,0.13069581280788178
YPR027C,-1,0,84,5648,848,3,0.14157678869816193,0.01465457083042568,0.9655172413793104,0.8694581280788177,0.13054187192118227
YDR246W-A,0,0,84,5648,848,3,0.14157678869816193,0.01465457083042568,0.9655172413793104,0.8694581280788177,0.13054187192118227
YGR150C,-1,0,84,5649,847,3,0.14142488227252012,0.014652014652014652,0.9655172413793104,0.8696120689655172,0.13038793103448276
YJL075C,0,0,84,5649,847,3,0.14142488227252012,0.014652014652014652,0.9655172413793104,0.8696120689655172,0.13038793103448276
YER080W,0,0,84,5649,847,3,0.14142488227252012,0.014652014652014652,0.9655172413793104,0.8696120689655172,0.13038793103448276
YMR075C-A,0,0,84,5649,847,3,0.14142488227252012,0.014652014652014652,0.9655172413793104,0.8696120689655172,0.13038793103448276
YGR273C,0,0,84,5649,847,3,0.14142488227252012,0.014652014652014652,0.9655172413793104,0.8696120689655172,0.13038793103448276
YBR302C,-1,0,84,5650,846,3,0.1412729758468783,0.014649459365190094,0.9655172413793104,0.8697660098522167,0.13023399014778325
YLL007C,-1,0,84,5651,845,3,0.1411210694212365,0.014646904969485614,0.9655172413793104,0.8699199507389163,0.13008004926108374
YNL146C-A,0,0,84,5651,845,3,0.1411210694212365,0.014646904969485614,0.9655172413793104,0.8699199507389163,0.13008004926108374
YGR029W,-1,0,84,5652,844,3,0.14096916299559473,0.014644351464435146,0.9655172413793104,0.8700738916256158,0.12992610837438423
YLR439W,-1,0,84,5653,843,3,0.14081725656995292,0.014641798849572948,0.9655172413793104,0.8702278325123153,0.12977216748768472
YBL086C,0,0,84,5653,843,3,0.14081725656995292,0.014641798849572948,0.9655172413793104,0.8702278325123153,0.12977216748768472
YNL143C,0,0,84,5653,843,3,0.14081725656995292,0.014641798849572948,0.9655172413793104,0.8702278325123153,0.12977216748768472
YGL176C,0,0,84,5653,843,3,0.14081725656995292,0.014641798849572948,0.9655172413793104,0.8702278325123153,0.12977216748768472
YOL019W-A,0,0,84,5653,843,3,0.14081725656995292,0.014641798849572948,0.9655172413793104,0.8702278325123153,0.12977216748768472
YFL061W,-1,0,84,5654,842,3,0.1406653501443111,0.0146392471244336,0.9655172413793104,0.8703817733990148,0.1296182266009852
YGL159W,0,0,84,5654,842,3,0.1406653501443111,0.0146392471244336,0.9655172413793104,0.8703817733990148,0.1296182266009852
YER057C,-1,0,84,5655,841,3,0.1405134437186693,0.014636696288552013,0.9655172413793104,0.8705357142857143,0.12946428571428573
YKL167C,-1,0,84,5656,840,3,0.1403615372930275,0.014634146341463415,0.9655172413793104,0.8706896551724138,0.12931034482758622
YMR122W-A,-1,0,84,5657,839,3,0.1402096308673857,0.014631597282703362,0.9655172413793104,0.8708435960591133,0.1291564039408867
YDR175C,-1,0,84,5658,838,3,0.14005772444174389,0.014629049111807733,0.9655172413793104,0.8709975369458128,0.1290024630541872
YLR163C,-1,0,84,5659,837,3,0.13990581801610208,0.01462650182831273,0.9655172413793104,0.8711514778325123,0.12884852216748768
YDL233W,-1,0,84,5660,836,3,0.13975391159046027,0.014623955431754874,0.9655172413793104,0.8713054187192119,0.12869458128078817
YDL156W,-1,0,84,5661,835,3,0.13960200516481847,0.014621409921671017,0.9655172413793104,0.8714593596059114,0.12854064039408866
YMR118C,-1,0,84,5662,834,3,0.13945009873917666,0.01461886529759833,0.9655172413793104,0.8716133004926109,0.12838669950738915
YCR108C,0,0,84,5662,834,3,0.13945009873917666,0.01461886529759833,0.9655172413793104,0.8716133004926109,0.12838669950738915
YNL100W,-1,0,84,5663,833,3,0.13929819231353485,0.014616321559074299,0.9655172413793104,0.8717672413793104,0.12823275862068967
YGR130C,0,0,84,5663,833,3,0.13929819231353485,0.014616321559074299,0.9655172413793104,0.8717672413793104,0.12823275862068967
YPL165C,-1,0,84,5664,832,3,0.13914628588789305,0.014613778705636743,0.9655172413793104,0.8719211822660099,0.12807881773399016
YPL260W,0,0,84,5664,832,3,0.13914628588789305,0.014613778705636743,0.9655172413793104,0.8719211822660099,0.12807881773399016
YGL088W,0,0,84,5664,832,3,0.13914628588789305,0.014613778705636743,0.9655172413793104,0.8719211822660099,0.12807881773399016
YLR327C,0,0,84,5664,832,3,0.13914628588789305,0.014613778705636743,0.9655172413793104,0.8719211822660099,0.12807881773399016
YBR171W,-1,0,84,5665,831,3,0.13899437946225127,0.014611236736823796,0.9655172413793104,0.8720751231527094,0.12792487684729065
YER048C,-1,0,84,5666,830,3,0.13884247303660946,0.014608695652173913,0.9655172413793104,0.8722290640394089,0.12777093596059114
YDR186C,0,0,84,5666,830,3,0.13884247303660946,0.014608695652173913,0.9655172413793104,0.8722290640394089,0.12777093596059114
YHL050C,-1,0,84,5667,829,3,0.13869056661096765,0.014606155451225874,0.9655172413793104,0.8723830049261084,0.12761699507389163
YFL064C,0,0,84,5667,829,3,0.13869056661096765,0.014606155451225874,0.9655172413793104,0.8723830049261084,0.12761699507389163
YGR236C,-1,0,84,5668,828,3,0.13853866018532585,0.014603616133518776,0.9655172413793104,0.8725369458128078,0.12746305418719212
YER060W-A,-1,0,84,5669,827,3,0.13838675375968404,0.014601077698592039,0.9655172413793104,0.8726908866995073,0.1273091133004926
YOR222W,-1,0,84,5670,826,3,0.13823484733404223,0.014598540145985401,0.9655172413793104,0.8728448275862069,0.1271551724137931
YKL151C,-1,0,84,5671,825,3,0.13808294090840043,0.014596003475238923,0.9655172413793104,0.8729987684729064,0.12700123152709358
YJL107C,-1,0,84,5672,824,3,0.13793103448275862,0.014593467685892982,0.9655172413793104,0.8731527093596059,0.1268472906403941
YDR194C,-1,0,84,5673,823,3,0.1377791280571168,0.014590932777488274,0.9655172413793104,0.8733066502463054,0.1266933497536946
YLR330W,-1,0,84,5674,822,3,0.137627221631475,0.014588398749565822,0.9655172413793104,0.8734605911330049,0.12653940886699508
YNL152W,-1,0,84,5675,821,3,0.1374753152058332,0.014585865601666956,0.9655172413793104,0.8736145320197044,0.12638546798029557
YOL118C,0,0,84,5675,821,3,0.1374753152058332,0.014585865601666956,0.9655172413793104,0.8736145320197044,0.12638546798029557
YLR173W,-1,0,84,5676,820,3,0.1373234087801914,0.014583333333333334,0.9655172413793104,0.8737684729064039,0.12623152709359606
YPL189C-A,-1,0,84,5677,819,3,0.13717150235454958,0.014580801944106925,0.9655172413793104,0.8739224137931034,0.12607758620689655
YOL083W,-1,0,84,5678,818,3,0.1370195959289078,0.014578271433530025,0.9655172413793104,0.8740763546798029,0.12592364532019704
YMR315W,-1,0,84,5679,817,3,0.136867689503266,0.014575741801145237,0.9655172413793104,0.8742302955665024,0.12576970443349753
YOL077W-A,-1,0,84,5680,816,3,0.1367157830776242,0.01457321304649549,0.9655172413793104,0.874384236453202,0.12561576354679804
YLR289W,-1,0,84,5681,815,3,0.13656387665198239,0.014570685169124024,0.9655172413793104,0.8745381773399015,0.12546182266009853
YPL072W,-1,0,84,5682,814,3,0.13641197022634058,0.014568158168574402,0.9655172413793104,0.874692118226601,0.12530788177339902
YLR331C,0,0,84,5682,814,3,0.13641197022634058,0.014568158168574402,0.9655172413793104,0.874692118226601,0.12530788177339902
YBR071W,-1,0,84,5683,813,3,0.13626006380069877,0.014565632044390498,0.9655172413793104,0.8748460591133005,0.1251539408866995
YHL017W,-1,0,84,5684,812,3,0.13610815737505697,0.014563106796116505,0.9655172413793104,0.875,0.125
YCR097WB,-1,0,84,5685,811,3,0.13595625094941516,0.014560582423296931,0.9655172413793104,0.8751539408866995,0.12484605911330049
YFL065C,0,0,84,5685,811,3,0.13595625094941516,0.014560582423296931,0.9655172413793104,0.8751539408866995,0.12484605911330049
YJR115W,0,0,84,5685,811,3,0.13595625094941516,0.014560582423296931,0.9655172413793104,0.8751539408866995,0.12484605911330049
YNL315C,-1,0,84,5686,810,3,0.13580434452377335,0.014558058925476604,0.9655172413793104,0.875307881773399,0.12469211822660098
YLR337W,-1,0,84,5687,809,3,0.13565243809813154,0.014555536302200658,0.9655172413793104,0.8754618226600985,0.12453817733990148
YDL211C,-1,0,84,5688,808,3,0.13550053167248974,0.014553014553014554,0.9655172413793104,0.875615763546798,0.12438423645320197
YPL240C,-1,0,84,5689,807,3,0.13534862524684793,0.014550493677464056,0.9655172413793104,0.8757697044334976,0.12423029556650246
YLR099W-A,-1,0,84,5690,806,3,0.13519671882120612,0.014547973675095255,0.9655172413793104,0.8759236453201971,0.12407635467980295
YGL125W,-1,0,84,5691,805,3,0.13504481239556435,0.014545454545454545,0.9655172413793104,0.8760775862068966,0.12392241379310345
YJL180C,-1,0,84,5692,804,3,0.13489290596992254,0.014542936288088643,0.9655172413793104,0.8762315270935961,0.12376847290640394
YBR270C,-1,0,84,5693,803,3,0.13474099954428073,0.014540418902544573,0.9655172413793104,0.8763854679802956,0.12361453201970443
YLL054C,-1,0,84,5694,802,3,0.13458909311863892,0.014537902388369679,0.9655172413793104,0.8765394088669951,0.12346059113300492
YOL030W,-1,0,84,5695,801,3,0.13443718669299712,0.01453538674511161,0.9655172413793104,0.8766933497536946,0.12330665024630542
YNL073W,-1,0,84,5696,800,3,0.1342852802673553,0.01453287197231834,0.9655172413793104,0.8768472906403941,0.12315270935960591
YNL020C,-1,0,84,5697,799,3,0.1341333738417135,0.014530358069538143,0.9655172413793104,0.8770012315270936,0.1229987684729064
YLR422W,-1,0,84,5698,798,3,0.1339814674160717,0.014527845036319613,0.9655172413793104,0.8771551724137931,0.12284482758620689
YJL126W,0,0,84,5698,798,3,0.1339814674160717,0.014527845036319613,0.9655172413793104,0.8771551724137931,0.12284482758620689
YLR461W,-1,0,84,5699,797,3,0.1338295609904299,0.014525332872211656,0.9655172413793104,0.8773091133004927,0.1226908866995074
YMR182W-A,0,0,84,5699,797,3,0.1338295609904299,0.014525332872211656,0.9655172413793104,0.8773091133004927,0.1226908866995074
YDR237W,-1,0,84,5700,796,3,0.13367765456478808,0.014522821576763486,0.9655172413793104,0.8774630541871922,0.12253694581280788
YBR197C,0,0,84,5700,796,3,0.13367765456478808,0.014522821576763486,0.9655172413793104,0.8774630541871922,0.12253694581280788
YGR126W,0,0,84,5700,796,3,0.13367765456478808,0.014522821576763486,0.9655172413793104,0.8774630541871922,0.12253694581280788
YOR093C,-1,0,84,5701,795,3,0.13352574813914628,0.014520311149524633,0.9655172413793104,0.8776169950738916,0.12238300492610837
YDR529C,-1,0,84,5702,794,3,0.13337384171350447,0.014517801590044937,0.9655172413793104,0.8777709359605911,0.12222906403940886
YKL222C,-1,0,84,5703,793,3,0.13322193528786266,0.014515292897874546,0.9655172413793104,0.8779248768472906,0.12207512315270935
YJL136W-A,0,0,84,5703,793,3,0.13322193528786266,0.014515292897874546,0.9655172413793104,0.8779248768472906,0.12207512315270935
YCR025C,0,0,84,5703,793,3,0.13322193528786266,0.014515292897874546,0.9655172413793104,0.8779248768472906,0.12207512315270935
YJR030C,0,0,84,5703,793,3,0.13322193528786266,0.014515292897874546,0.9655172413793104,0.8779248768472906,0.12207512315270935
YIL092W,0,0,84,5703,793,3,0.13322193528786266,0.014515292897874546,0.9655172413793104,0.8779248768472906,0.12207512315270935
YLR460C,-1,0,84,5704,792,3,0.13307002886222088,0.014512785072563926,0.9655172413793104,0.8780788177339901,0.12192118226600986
YLR157C-C,0,0,84,5704,792,3,0.13307002886222088,0.014512785072563926,0.9655172413793104,0.8780788177339901,0.12192118226600986
YJL077W-B,0,0,84,5704,792,3,0.13307002886222088,0.014512785072563926,0.9655172413793104,0.8780788177339901,0.12192118226600986
YIL105W-A,0,0,84,5704,792,3,0.13307002886222088,0.014512785072563926,0.9655172413793104,0.8780788177339901,0.12192118226600986
YOR201C,1,0,85,5704,792,2,0.13322193528786266,0.01468301951977889,0.9770114942528736,0.8780788177339901,0.12192118226600986
YPL222W,-1,0,85,5705,791,2,0.13307002886222088,0.01468048359240069,0.9770114942528736,0.8782327586206896,0.12176724137931035
YGR164W,0,0,85,5705,791,2,0.13307002886222088,0.01468048359240069,0.9770114942528736,0.8782327586206896,0.12176724137931035
YBL103C-A,-1,0,85,5706,790,2,0.13291812243657908,0.014677948540839232,0.9770114942528736,0.8783866995073891,0.12161330049261083
YBR230W-A,0,0,85,5706,790,2,0.13291812243657908,0.014677948540839232,0.9770114942528736,0.8783866995073891,0.12161330049261083
YJL218W,0,0,85,5706,790,2,0.13291812243657908,0.014677948540839232,0.9770114942528736,0.8783866995073891,0.12161330049261083
YLR365W,0,0,85,5706,790,2,0.13291812243657908,0.014677948540839232,0.9770114942528736,0.8783866995073891,0.12161330049261083
YMR124W,-1,0,85,5707,789,2,0.13276621601093727,0.014675414364640885,0.9770114942528736,0.8785406403940886,0.12145935960591132
YFR038W,-1,0,85,5708,788,2,0.13261430958529546,0.014672881063352322,0.9770114942528736,0.8786945812807881,0.12130541871921183
YNR076W,-1,0,85,5709,787,2,0.13246240315965366,0.014670348636520539,0.9770114942528736,0.8788485221674877,0.12115147783251232
YJL012C-A,-1,0,85,5710,786,2,0.13231049673401185,0.014667817083692839,0.9770114942528736,0.8790024630541872,0.1209975369458128
YJR088C,-1,0,85,5711,785,2,0.13215859030837004,0.01466528640441684,0.9770114942528736,0.8791564039408867,0.1208435960591133
YIL102C-A,-1,0,85,5712,784,2,0.13200668388272824,0.01466275659824047,0.9770114942528736,0.8793103448275862,0.1206896551724138
YMR253C,0,0,85,5712,784,2,0.13200668388272824,0.01466275659824047,0.9770114942528736,0.8793103448275862,0.1206896551724138
YKL215C,0,0,85,5712,784,2,0.13200668388272824,0.01466275659824047,0.9770114942528736,0.8793103448275862,0.1206896551724138
YHR156C,-1,0,85,5713,783,2,0.13185477745708643,0.014660227664711969,0.9770114942528736,0.8794642857142857,0.12053571428571429
YGR102C,-1,0,85,5714,782,2,0.13170287103144462,0.014657699603379893,0.9770114942528736,0.8796182266009852,0.12038177339901478
YHR149C,-1,0,85,5715,781,2,0.13155096460580282,0.014655172413793103,0.9770114942528736,0.8797721674876847,0.12022783251231527
YCR006C,0,0,85,5715,781,2,0.13155096460580282,0.014655172413793103,0.9770114942528736,0.8797721674876847,0.12022783251231527
YFL034W,-1,0,85,5716,780,2,0.131399058180161,0.014652646095500776,0.9770114942528736,0.8799261083743842,0.12007389162561577
YGR043C,-1,0,85,5717,779,2,0.1312471517545192,0.014650120648052396,0.9770114942528736,0.8800800492610837,0.11991995073891626
YBR007C,-1,0,85,5718,778,2,0.13109524532887742,0.01464759607099776,0.9770114942528736,0.8802339901477833,0.11976600985221675
YNL212W,0,0,85,5718,778,2,0.13109524532887742,0.01464759607099776,0.9770114942528736,0.8802339901477833,0.11976600985221675
YHL042W,-1,0,85,5719,777,2,0.13094333890323562,0.014645072363886975,0.9770114942528736,0.8803879310344828,0.11961206896551724
YGR079W,0,0,85,5719,777,2,0.13094333890323562,0.014645072363886975,0.9770114942528736,0.8803879310344828,0.11961206896551724
YAL061W,-1,0,85,5720,776,2,0.1307914324775938,0.014642549526270457,0.9770114942528736,0.8805418719211823,0.11945812807881774
YGL079W,-1,0,85,5721,775,2,0.130639526051952,0.014640027557698932,0.9770114942528736,0.8806958128078818,0.11930418719211823
YER189W,0,0,85,5721,775,2,0.130639526051952,0.014640027557698932,0.9770114942528736,0.8806958128078818,0.11930418719211823
YIR042C,-1,0,85,5722,774,2,0.1304876196263102,0.014637506457723437,0.9770114942528736,0.8808497536945813,0.11915024630541872
YOL013W-B,0,0,85,5722,774,2,0.1304876196263102,0.014637506457723437,0.9770114942528736,0.8808497536945813,0.11915024630541872
YPR067W,-1,0,85,5723,773,2,0.1303357132006684,0.014634986225895317,0.9770114942528736,0.8810036945812808,0.11899630541871921
YBR242W,-1,0,85,5724,772,2,0.13018380677502658,0.014632466861766225,0.9770114942528736,0.8811576354679803,0.1188423645320197
YPL246C,-1,0,85,5725,771,2,0.13003190034938478,0.014629948364888123,0.9770114942528736,0.8813115763546798,0.1186884236453202
YDL206W,-1,0,85,5726,770,2,0.12987999392374297,0.014627430734813285,0.9770114942528736,0.8814655172413793,0.11853448275862069
YML002W,-1,0,85,5727,769,2,0.12972808749810116,0.014624913971094288,0.9770114942528736,0.8816194581280788,0.11838054187192118
YCL057C-A,-1,0,85,5728,768,2,0.12957618107245936,0.014622398073284018,0.9770114942528736,0.8817733990147784,0.11822660098522167
YKL208W,-1,0,85,5729,767,2,0.12942427464681755,0.014619883040935672,0.9770114942528736,0.8819273399014779,0.11807266009852217
YNL134C,-1,0,85,5730,766,2,0.12927236822117574,0.014617368873602751,0.9770114942528736,0.8820812807881774,0.11791871921182266
YKL133C,-1,0,85,5731,765,2,0.12912046179553396,0.014614855570839065,0.9770114942528736,0.8822352216748769,0.11776477832512315
YDR157W,0,0,85,5731,765,2,0.12912046179553396,0.014614855570839065,0.9770114942528736,0.8822352216748769,0.11776477832512315
YBR047W,0,0,85,5731,765,2,0.12912046179553396,0.014614855570839065,0.9770114942528736,0.8822352216748769,0.11776477832512315
YER076C,-1,0,85,5732,764,2,0.12896855536989216,0.014612343132198728,0.9770114942528736,0.8823891625615764,0.11761083743842364
YDR056C,-1,0,85,5733,763,2,0.12881664894425035,0.014609831557236164,0.9770114942528736,0.8825431034482759,0.11745689655172414
YMR160W,-1,0,85,5734,762,2,0.12866474251860854,0.014607320845506101,0.9770114942528736,0.8826970443349754,0.11730295566502463
YLR255C,0,0,85,5734,762,2,0.12866474251860854,0.014607320845506101,0.9770114942528736,0.8826970443349754,0.11730295566502463
YCR104W,-1,0,85,5735,761,2,0.12851283609296674,0.014604810996563574,0.9770114942528736,0.8828509852216748,0.11714901477832512
YOR088W,-1,0,85,5736,760,2,0.12836092966732493,0.014602302009963923,0.9770114942528736,0.8830049261083743,0.11699507389162561
YJL216C,-1,0,85,5737,759,2,0.12820902324168312,0.014599793885262797,0.9770114942528736,0.8831588669950738,0.11684113300492611
YBR209W,0,0,85,5737,759,2,0.12820902324168312,0.014599793885262797,0.9770114942528736,0.8831588669950738,0.11684113300492611
YLR404W,-1,0,85,5738,758,2,0.12805711681604132,0.014597286622016143,0.9770114942528736,0.8833128078817734,0.1166871921182266
YBL101W-A,-1,0,85,5739,757,2,0.1279052103903995,0.01459478021978022,0.9770114942528736,0.8834667487684729,0.1165332512315271
YJR107W,-1,0,85,5740,756,2,0.1277533039647577,0.014592274678111588,0.9770114942528736,0.8836206896551724,0.11637931034482758
YPR116W,-1,0,85,5741,755,2,0.1276013975391159,0.014589769996567113,0.9770114942528736,0.8837746305418719,0.11622536945812807
YBR292C,0,0,85,5741,755,2,0.1276013975391159,0.014589769996567113,0.9770114942528736,0.8837746305418719,0.11622536945812807
YDR105C,-1,0,85,5742,754,2,0.1274494911134741,0.014587266174703965,0.9770114942528736,0.8839285714285714,0.11607142857142858
YLR283W,-1,0,85,5743,753,2,0.12729758468783228,0.014584763212079615,0.9770114942528736,0.8840825123152709,0.11591748768472906
YNL196C,-1,0,85,5744,752,2,0.1271456782621905,0.014582261108251844,0.9770114942528736,0.8842364532019704,0.11576354679802955
YCR024C-B,0,0,85,5744,752,2,0.1271456782621905,0.014582261108251844,0.9770114942528736,0.8842364532019704,0.11576354679802955
YOR220W,0,0,85,5744,752,2,0.1271456782621905,0.014582261108251844,0.9770114942528736,0.8842364532019704,0.11576354679802955
YKL084W,-1,0,85,5745,751,2,0.1269937718365487,0.014579759862778732,0.9770114942528736,0.8843903940886699,0.11560960591133004
YBL104C,-1,0,85,5746,750,2,0.1268418654109069,0.014577259475218658,0.9770114942528736,0.8845443349753694,0.11545566502463055
YDR387C,-1,0,85,5747,749,2,0.12668995898526508,0.014574759945130316,0.9770114942528736,0.884698275862069,0.11530172413793104
YBL112C,0,0,85,5747,749,2,0.12668995898526508,0.014574759945130316,0.9770114942528736,0.884698275862069,0.11530172413793104
YNR069C,-1,0,85,5748,748,2,0.12653805255962328,0.01457226127207269,0.9770114942528736,0.8848522167487685,0.11514778325123153
YKL023W,-1,0,85,5749,747,2,0.12638614613398147,0.014569763455605074,0.9770114942528736,0.885006157635468,0.11499384236453201
YJR116W,-1,0,85,5750,746,2,0.12623423970833966,0.01456726649528706,0.9770114942528736,0.8851600985221675,0.11483990147783252
YLR287C,-1,0,85,5751,745,2,0.12608233328269786,0.014564770390678546,0.9770114942528736,0.885314039408867,0.11468596059113301
YER067W,-1,0,85,5752,744,2,0.12593042685705605,0.01456227514133973,0.9770114942528736,0.8854679802955665,0.1145320197044335
YIL155C,-1,0,85,5753,743,2,0.12577852043141424,0.014559780746831107,0.9770114942528736,0.885621921182266,0.11437807881773399
YMR001C-A,0,0,85,5753,743,2,0.12577852043141424,0.014559780746831107,0.9770114942528736,0.885621921182266,0.11437807881773399
YGL193C,0,0,85,5753,743,2,0.12577852043141424,0.014559780746831107,0.9770114942528736,0.885621921182266,0.11437807881773399
YJL043W,0,0,85,5753,743,2,0.12577852043141424,0.014559780746831107,0.9770114942528736,0.885621921182266,0.11437807881773399
YDL085C-A,0,0,85,5753,743,2,0.12577852043141424,0.014559780746831107,0.9770114942528736,0.885621921182266,0.11437807881773399
YLR364W,-1,0,85,5754,742,2,0.12562661400577244,0.014557287206713478,0.9770114942528736,0.8857758620689655,0.11422413793103449
YFL006W,-1,0,85,5755,741,2,0.12547470758013063,0.014554794520547944,0.9770114942528736,0.885929802955665,0.11407019704433498
YMR262W,-1,0,85,5756,740,2,0.12532280115448882,0.014552302687895908,0.9770114942528736,0.8860837438423645,0.11391625615763547
YHR086W-A,0,0,85,5756,740,2,0.12532280115448882,0.014552302687895908,0.9770114942528736,0.8860837438423645,0.11391625615763547
YPR159C-A,0,0,85,5756,740,2,0.12532280115448882,0.014552302687895908,0.9770114942528736,0.8860837438423645,0.11391625615763547
YGL034C,0,0,85,5756,740,2,0.12532280115448882,0.014552302687895908,0.9770114942528736,0.8860837438423645,0.11391625615763547
YMR085W,-1,0,85,5757,739,2,0.12517089472884704,0.01454981170831907,0.9770114942528736,0.8862376847290641,0.11376231527093596
YMR130W,0,0,85,5757,739,2,0.12517089472884704,0.01454981170831907,0.9770114942528736,0.8862376847290641,0.11376231527093596
YDR120C,1,0,86,5757,739,1,0.12532280115448882,0.014718466541160363,0.9885057471264368,0.8862376847290641,0.11376231527093596
YAL064C-A,0,0,86,5757,739,1,0.12532280115448882,0.014718466541160363,0.9885057471264368,0.8862376847290641,0.11376231527093596
YNL260C,-1,0,86,5758,738,1,0.12517089472884704,0.014715947980835045,0.9885057471264368,0.8863916256157636,0.11360837438423645
YNL137C,-1,0,86,5759,737,1,0.12501898830320524,0.014713430282292557,0.9885057471264368,0.8865455665024631,0.11345443349753695
YNR024W,-1,0,86,5760,736,1,0.12486708187756342,0.01471091344509066,0.9885057471264368,0.8866995073891626,0.11330049261083744
YOL107W,-1,0,86,5761,735,1,0.12471517545192162,0.014708397468787413,0.9885057471264368,0.8868534482758621,0.11314655172413793
YEL023C,0,0,86,5761,735,1,0.12471517545192162,0.014708397468787413,0.9885057471264368,0.8868534482758621,0.11314655172413793
YER181C,-1,0,86,5762,734,1,0.12456326902627982,0.014705882352941176,0.9885057471264368,0.8870073891625616,0.11299261083743842
YOR097C,0,0,86,5762,734,1,0.12456326902627982,0.014705882352941176,0.9885057471264368,0.8870073891625616,0.11299261083743842
YCR085W,0,0,86,5762,734,1,0.12456326902627982,0.014705882352941176,0.9885057471264368,0.8870073891625616,0.11299261083743842
YOR252W,0,0,86,5762,734,1,0.12456326902627982,0.014705882352941176,0.9885057471264368,0.8870073891625616,0.11299261083743842
YER033C,-1,0,86,5763,733,1,0.12441136260063801,0.014703368097110618,0.9885057471264368,0.8871613300492611,0.11283866995073892
YGL131C,-1,0,86,5764,732,1,0.1242594561749962,0.014700854700854702,0.9885057471264368,0.8873152709359606,0.11268472906403941
YJL052C-A,0,0,86,5764,732,1,0.1242594561749962,0.014700854700854702,0.9885057471264368,0.8873152709359606,0.11268472906403941
YEL014C,0,0,86,5764,732,1,0.1242594561749962,0.014700854700854702,0.9885057471264368,0.8873152709359606,0.11268472906403941
YER087C-A,-1,0,86,5765,731,1,0.1241075497493544,0.014698342163732695,0.9885057471264368,0.8874692118226601,0.1125307881773399
YNL056W,-1,0,86,5766,730,1,0.12395564332371259,0.01469583048530417,0.9885057471264368,0.8876231527093597,0.11237684729064039
YER079W,0,0,86,5766,730,1,0.12395564332371259,0.01469583048530417,0.9885057471264368,0.8876231527093597,0.11237684729064039
YGR287C,-1,0,86,5767,729,1,0.12380373689807078,0.014693319665128993,0.9885057471264368,0.8877770935960592,0.11222290640394089
YCR080W,-1,0,86,5768,728,1,0.12365183047242899,0.014690809702767338,0.9885057471264368,0.8879310344827587,0.11206896551724138
YPR096C,0,0,86,5768,728,1,0.12365183047242899,0.014690809702767338,0.9885057471264368,0.8879310344827587,0.11206896551724138
YNR075C-A,0,0,86,5768,728,1,0.12365183047242899,0.014690809702767338,0.9885057471264368,0.8879310344827587,0.11206896551724138
YLR456W,0,0,86,5768,728,1,0.12365183047242899,0.014690809702767338,0.9885057471264368,0.8879310344827587,0.11206896551724138
YMR126C,0,0,86,5768,728,1,0.12365183047242899,0.014690809702767338,0.9885057471264368,0.8879310344827587,0.11206896551724138
YDR338C,-1,0,86,5769,727,1,0.12349992404678718,0.014688300597779676,0.9885057471264368,0.8880849753694581,0.11191502463054187
YPR020W,-1,0,86,5770,726,1,0.12334801762114538,0.014685792349726777,0.9885057471264368,0.8882389162561576,0.11176108374384236
YOR283W,-1,0,86,5771,725,1,0.12319611119550357,0.014683284958169712,0.9885057471264368,0.8883928571428571,0.11160714285714286
YGR053C,-1,0,86,5772,724,1,0.12304420476986176,0.014680778422669852,0.9885057471264368,0.8885467980295566,0.11145320197044335
YOL022C,-1,0,86,5773,723,1,0.12289229834421996,0.014678272742788871,0.9885057471264368,0.8887007389162561,0.11129926108374384
YFR042W,-1,0,86,5774,722,1,0.12274039191857816,0.014675767918088738,0.9885057471264368,0.8888546798029556,0.11114532019704433
YKL033W-A,-1,0,86,5775,721,1,0.12258848549293636,0.014673263948131718,0.9885057471264368,0.8890086206896551,0.11099137931034483
YJR122W,-1,0,86,5776,720,1,0.12243657906729455,0.014670760832480383,0.9885057471264368,0.8891625615763546,0.11083743842364532
YGL138C,0,0,86,5776,720,1,0.12243657906729455,0.014670760832480383,0.9885057471264368,0.8891625615763546,0.11083743842364532
YLR352W,-1,0,86,5777,719,1,0.12228467264165274,0.014668258570697595,0.9885057471264368,0.8893165024630542,0.11068349753694581
YKL039W,-1,0,86,5778,718,1,0.12213276621601094,0.014665757162346521,0.9885057471264368,0.8894704433497537,0.1105295566502463
YER175C,1,0,87,5778,718,0,0.12228467264165274,0.014833759590792838,1.0,0.8894704433497537,0.1105295566502463
YDR298C,-1,0,87,5779,717,0,0.12213276621601094,0.014831230821684282,1.0,0.8896243842364532,0.11037561576354679
YGR080W,-1,0,87,5780,716,0,0.12198085979036913,0.014828702914607125,1.0,0.8897783251231527,0.1102216748768473
YMR089C,-1,0,87,5781,715,0,0.12182895336472732,0.014826175869120654,1.0,0.8899322660098522,0.11006773399014778
YHR126C,-1,0,87,5782,714,0,0.12167704693908553,0.014823649684784461,1.0,0.8900862068965517,0.10991379310344827
YKL104W-A,0,0,87,5782,714,0,0.12167704693908553,0.014823649684784461,1.0,0.8900862068965517,0.10991379310344827
YDR539W,-1,0,87,5783,713,0,0.12152514051344372,0.014821124361158433,1.0,0.8902401477832512,0.10975985221674876
YLR326W,0,0,87,5783,713,0,0.12152514051344372,0.014821124361158433,1.0,0.8902401477832512,0.10975985221674876
YMR247W-A,-1,0,87,5784,712,0,0.12137323408780192,0.01481859989780276,1.0,0.8903940886699507,0.10960591133004927
YFR018C,-1,0,87,5785,711,0,0.12122132766216011,0.01481607629427793,1.0,0.8905480295566502,0.10945197044334976
YPR127W,-1,0,87,5786,710,0,0.1210694212365183,0.01481355355014473,1.0,0.8907019704433498,0.10929802955665024
YOR376W,0,0,87,5786,710,0,0.1210694212365183,0.01481355355014473,1.0,0.8907019704433498,0.10929802955665024
YFR006W,-1,0,87,5787,709,0,0.1209175148108765,0.01481103166496425,1.0,0.8908559113300493,0.10914408866995073
YKL194C,-1,0,87,5788,708,0,0.1207656083852347,0.014808510638297872,1.0,0.8910098522167488,0.10899014778325124
YPR155C,-1,0,87,5789,707,0,0.1206137019595929,0.014805990469707283,1.0,0.8911637931034483,0.10883620689655173
YFR026C,-1,0,87,5790,706,0,0.12046179553395109,0.014803471158754467,1.0,0.8913177339901478,0.10868226600985222
YHL014C,0,0,87,5790,706,0,0.12046179553395109,0.014803471158754467,1.0,0.8913177339901478,0.10868226600985222
YJL161W,-1,0,87,5791,705,0,0.12030988910830928,0.014800952705001702,1.0,0.8914716748768473,0.1085283251231527
YIL156W-B,-1,0,87,5792,704,0,0.12015798268266747,0.014798435108011567,1.0,0.8916256157635468,0.10837438423645321
YLR069C,-1,0,87,5793,703,0,0.12000607625702567,0.01479591836734694,1.0,0.8917795566502463,0.1082204433497537
YKL061W,-1,0,87,5794,702,0,0.11985416983138386,0.01479340248257099,1.0,0.8919334975369458,0.10806650246305419
YML122C,0,0,87,5794,702,0,0.11985416983138386,0.01479340248257099,1.0,0.8919334975369458,0.10806650246305419
YOR011W-A,0,0,87,5794,702,0,0.11985416983138386,0.01479340248257099,1.0,0.8919334975369458,0.10806650246305419
YJL047C-A,0,0,87,5794,702,0,0.11985416983138386,0.01479340248257099,1.0,0.8919334975369458,0.10806650246305419
YOR158W,-1,0,87,5795,701,0,0.11970226340574207,0.014790887453247194,1.0,0.8920874384236454,0.10791256157635468
YGR146C-A,0,0,87,5795,701,0,0.11970226340574207,0.014790887453247194,1.0,0.8920874384236454,0.10791256157635468
YIL034C,-1,0,87,5796,700,0,0.11955035698010026,0.014788373278939317,1.0,0.8922413793103449,0.10775862068965517
YCR090C,0,0,87,5796,700,0,0.11955035698010026,0.014788373278939317,1.0,0.8922413793103449,0.10775862068965517
YPR195C,0,0,87,5796,700,0,0.11955035698010026,0.014788373278939317,1.0,0.8922413793103449,0.10775862068965517
YML037C,-1,0,87,5797,699,0,0.11939845055445845,0.01478585995921142,1.0,0.8923953201970444,0.10760467980295567
YBR204C,-1,0,87,5798,698,0,0.11924654412881665,0.014783347493627868,1.0,0.8925492610837439,0.10745073891625616
YNL131W,-1,0,87,5799,697,0,0.11909463770317484,0.014780835881753314,1.0,0.8927032019704434,0.10729679802955665
YLR049C,0,0,87,5799,697,0,0.11909463770317484,0.014780835881753314,1.0,0.8927032019704434,0.10729679802955665
YDL169C,0,0,87,5799,697,0,0.11909463770317484,0.014780835881753314,1.0,0.8927032019704434,0.10729679802955665
YPL064C,-1,0,87,5800,696,0,0.11894273127753303,0.014778325123152709,1.0,0.8928571428571429,0.10714285714285714
YJL062W-A,-1,0,87,5801,695,0,0.11879082485189124,0.014775815217391304,1.0,0.8930110837438424,0.10698891625615764
YDL180W,-1,0,87,5802,694,0,0.11863891842624943,0.014773306164034642,1.0,0.8931650246305419,0.10683497536945813
YKR032W,0,0,87,5802,694,0,0.11863891842624943,0.014773306164034642,1.0,0.8931650246305419,0.10683497536945813
YBR141C,-1,0,87,5803,693,0,0.11848701200060763,0.014770797962648557,1.0,0.8933189655172413,0.10668103448275862
YGR169C-C,-1,0,87,5804,692,0,0.11833510557496582,0.014768290612799185,1.0,0.8934729064039408,0.10652709359605911
YHR151C,-1,0,87,5805,691,0,0.11818319914932401,0.014765784114052953,1.0,0.8936268472906403,0.10637315270935961
YLR152C,0,0,87,5805,691,0,0.11818319914932401,0.014765784114052953,1.0,0.8936268472906403,0.10637315270935961
YBR025C,-1,0,87,5806,690,0,0.11803129272368221,0.014763278465976583,1.0,0.8937807881773399,0.1062192118226601
YHR011W,-1,0,87,5807,689,0,0.1178793862980404,0.014760773668137089,1.0,0.8939347290640394,0.10606527093596059
YFR023W,0,0,87,5807,689,0,0.1178793862980404,0.014760773668137089,1.0,0.8939347290640394,0.10606527093596059
YDR111C,0,0,87,5807,689,0,0.1178793862980404,0.014760773668137089,1.0,0.8939347290640394,0.10606527093596059
YHR017W,-1,0,87,5808,688,0,0.11772747987239861,0.014758269720101781,1.0,0.8940886699507389,0.10591133004926108
YIL027C,-1,0,87,5809,687,0,0.1175755734467568,0.014755766621438264,1.0,0.8942426108374384,0.10575738916256158
YPR203W,0,0,87,5809,687,0,0.1175755734467568,0.014755766621438264,1.0,0.8942426108374384,0.10575738916256158
YBL100W-C,0,0,87,5809,687,0,0.1175755734467568,0.014755766621438264,1.0,0.8942426108374384,0.10575738916256158
YIL071W,-1,0,87,5810,686,0,0.117423667021115,0.01475326437171443,1.0,0.8943965517241379,0.10560344827586207
YFR043C,-1,0,87,5811,685,0,0.11727176059547319,0.014750762970498474,1.0,0.8945504926108374,0.10544950738916256
YAR064W,0,0,87,5811,685,0,0.11727176059547319,0.014750762970498474,1.0,0.8945504926108374,0.10544950738916256
YKR045C,0,0,87,5811,685,0,0.11727176059547319,0.014750762970498474,1.0,0.8945504926108374,0.10544950738916256
YPL009C,-1,0,87,5812,684,0,0.11711985416983138,0.014748262417358875,1.0,0.8947044334975369,0.10529556650246305
YHR213W-B,0,0,87,5812,684,0,0.11711985416983138,0.014748262417358875,1.0,0.8947044334975369,0.10529556650246305
YLR059C,-1,0,87,5813,683,0,0.11696794774418957,0.014745762711864407,1.0,0.8948583743842364,0.10514162561576355
YHR139C-A,0,0,87,5813,683,0,0.11696794774418957,0.014745762711864407,1.0,0.8948583743842364,0.10514162561576355
YPL083C,-1,0,87,5814,682,0,0.11681604131854778,0.014743263853584139,1.0,0.8950123152709359,0.10498768472906404
YHR214W-F,-1,0,87,5815,681,0,0.11666413489290597,0.014740765842087429,1.0,0.8951662561576355,0.10483374384236453
